318.31927423205474
313.1009254741522
308.0509105471497
303.16121355433785
298.42431959255134
293.83317621420434
289.3811583927771
285.0620366257206
280.869947851813
276.7993688974389
272.84509219890407
269.0022035763843
265.26606186004557
261.6322801907299
258.09670883680116
254.65541938564377
251.3046901832011
248.04099290809458
244.86098017850367
241.76147410029472
238.73945567404104
235.79205498670726
232.91654212101565
230.11031872196727
227.37091016575337
224.6959582814504
222.0832145805033
219.5305339531412
217.03586879458277
214.5972635272279
212.2128494880365
209.88084015300313
207.59952667307914
205.3672736980998
203.18251546726896
201.0437521465609
198.94954639503422
196.898520143539
194.88935157064574
192.92077226185134
190.99156453923283
189.10055894973547
187.2466319012087
185.4287034361484
183.64573513387774
181.8967281326027
180.18072126342722
178.49678928900266
176.84404124003038
175.22161884333286
173.62869503566623
172.06447255786745
170.52818262431504
169.0190836630379
167.53646012213406
166.07962133846334
164.6479004648559
163.24065345233578
161.85725808409563
160.49711305817885
159.15963711602737
157.84426821424202
156.5504627370761
155.27769474734376
154.02545527357486
152.79325163138628
151.58060677716892
150.38705869230932
149.21215979627567
148.0554763870022
146.91658810710217
145.79508743452888
144.69057919638854
143.60268010468636
142.5310183128603
141.47523299202433
140.4349739259065
139.40990112352762
138.39968444871946
137.4040032656351
136.42254609945203
135.45501031151267
134.50110178819216
133.5605346428202
132.63303093002278
131.71832037188472
130.81614009536494
129.92623438043051
129.04835441840058
128.18225808002205
127.32770969282188
126.48447982730652
125.65234509160055
124.8310879341391
124.02049645404729
123.2203642188599
122.43049008925183
121.65067805046678
120.88073705014736
120.1204808422848
119.36972783702052
118.62830095604525
117.89602749335363
117.17273898112443
116.45827106050783
115.7524633571108
115.05515936098364
114.36620631091787
113.68545508287669
113.01276008238631
112.3479791407252
111.69097341475606
111.04160729025165
110.39974828857389
109.7652669765706
109.13803687956161
108.51793439729138
107.90483872273042
107.29863176361395
106.69919806661052
106.10642474401826
105.52020140289109
104.94042007650157
104.36697515805075
103.79976333653957
103.23868353472045
102.6836368490499
102.13452649156837
101.59125773363448
101.05373785144594
100.52187607328045
99.99558352839416
99.47477319751711
98.95935986488749
98.4492600717695
97.94439207140144
97.44467578532287
96.9500327610319
96.46038613092567
95.97566057247882
95.49578226961641
95.02067887524022
94.55027947486774
94.08451455134623
93.62331595060435
93.16661684840625
92.7143517180742
92.2664562991463
91.82286756693887
91.38352370298222
90.94836406630135
90.5173291655132
90.09036063171361
89.66740119212811
89.24839464450133
88.83328583220131
88.42202062001519
88.01454587061421
87.61080942166643
87.21076006357664
86.81434751783311
86.42152241594246
86.03223627893372
85.64644149741383
85.26409131215752
84.88513979521458
84.50954183151894
84.13725310098363
83.76823006106703
83.402429929796
83.03981066923167
82.68033096936487
82.32395023242795
81.97062855761067
81.62032672616789
81.2730061869076
80.92862904204782
80.58715803343158
80.24855652908943
79.91278851013925
79.57981855801368
79.24961184200534
78.92213410712101
78.59735166223574
78.27523136853804
77.95574062825831
77.63884737367188
77.32452005636956
77.01272763678743
76.70343957398909
76.39662581569314
76.09225678853898
75.79030338858446
75.49073697202878
75.19352934615466
74.89865276048347
74.60607989813784
74.31578386740577
74.0277381935011
73.74191681051461
73.45829405355109
73.17684465104706
72.89754371726444
72.62036674495545
72.34528959819427
72.07228850537088
71.80134005234318
71.53242117574263
71.26550915643016
71.00058161309771
70.73761649601217
70.47659208089772
70.21748696295325
69.96028005100105
69.70495056176381
69.45147801426648
69.19984222435973
68.95002329936204
68.70200163281756
68.4557578993666
68.21127304972602
67.96852830577681
67.72750515575633
67.48818534955224
67.25055089409608
67.01458404885362
66.7802673214101
66.54758346314733
66.31651546501139
66.08704655336777
65.85916018594236
65.63284004784633
65.40807004768247
65.18483431373134
64.96311719021526
64.74290323363824
64.52417720920029
64.30692408728379
64.09112904001103
63.87677743787051
63.66385484641094
63.45234702300094
63.24223991365326
63.03351964991183
62.826172545800276
62.62018509483044
62.41554396706955
62.21223600626477
62.010248227023645
61.809567812049465
61.61018210942995
61.4120786299784
61.21524504462592
61.019669181863534
60.82533902523339
60.632242710867565
60.44036852507368
60.2497049019662
60.0602404211424
59.871963805402146
59.68486391851026
59.49892976300089
59.314150478022626
59.13051533722379
58.948013746676814
58.76663524284087
58.58636949056221
58.40720628111096
58.22913553025391
58.052147276362575
57.8762316785554
57.70137901487397
57.52757968049182
57.35482418595581
57.18310315545894
57.012407325144125
56.84272754143834
56.67405475941627
56.506380041193154
56.339694554345975
56.1739895703626
56.009256463118135
55.84548670737803
55.68267187732736
55.520803645125824
55.35987377948778
55.199874144286944
55.04079669718526
54.8826334882853
54.72537665880597
54.569018439780805
54.41355115077859
54.25896719864569
54.105259076269924
53.95241936136521
53.800440715276864
53.64931588180698
53.499037686059616
53.34959903330526
53.2009929078643
53.05321237200913
52.906250564884445
52.760100701445545
52.614756071414
52.470210038250784
52.326456038145984
52.183487579025375
52.041298239572974
51.899881668269785
51.759231582447924
51.619341767360226
51.480206075264924
51.34181842452495
51.20417279872194
51.06726324578418
50.93108387712876
50.79562886681724
50.66089245072489
50.52686892572297
50.3935526488741
50.260938036640226
50.1290195641031
49.99779176419708
49.867249226953746
49.737386598758555
49.60819858161892
49.479679932443744
49.35182546233407
49.22463003588475
49.09808857049688
48.97219603570072
48.84694745248922
48.722337892661436
48.5983624781763
48.47501638051595
48.352294820058944
48.230193065462835
48.108706433056135
47.98783028623941
47.86756003489544
47.74789113480821
47.62881908709048
47.51033943762011
47.39244777648457
47.27513973743387
47.15841099734144
47.042257275673116
46.926674333963845
46.811657975302175
46.69720404382221
46.583308424203125
46.46996704117588
46.3571758590371
46.24493088117018
46.13322814957315
46.022063744393456
45.911433783469434
45.80133442187839
45.69176185149111
45.58271230053289
45.474182033150676
45.36616734898642
45.2586645827566
45.151670103837546
45.045180315856804
44.93919165629008
44.833700596064055
44.72870363916459
44.624197322250666
44.520178214273386
44.416642916100656
44.313588060146834
44.211010310007595
44.108906360099965
44.00727293530711
43.90610679062824
43.805404710833216
43.705163510121935
43.60538003178832
43.50605114788903
43.40717375891656
43.308744793476826
43.21076120797123
43.11321998628281
43.01611813946686
42.919452705445586
42.823220748706916
42.727419360007346
42.63204565607876
42.537096779339166
42.44256989760729
42.34846220382103
42.25477091575947
42.16149327576884
42.068626550491814
41.976168030600626
41.884115030533515
41.79246488823476
41.701214964898
41.610362644713035
41.519905334615835
41.429840464041824
41.34016548468244
41.25087787024467
41.16197511621397
41.07345473961996
40.98531427880533
40.89755129319761
40.810163363083944
40.723148089388665
40.6365030934538
40.55022601682226
40.46431452102391
40.378766287364236
40.29357901671579
40.208750429312175
40.124278264544714
40.040160280761604
39.956394255069625
39.872977983138384
39.78990927900684
39.70718597489249
39.62480592100267
39.54276698534841
39.461067053560505
39.3797040287078
39.29867583111787
39.21798039819976
39.13761568426902
39.05757966037481
38.977870314129156
38.89848564953826
38.81942368683594
38.740682462319036
38.66226002818478
38.58415445237027
38.506363818393716
38.42888622519776
38.35171978699454
38.2748626331128
38.19831290784657
38.12206877030596
38.04612839426949
37.970489968038336
37.89515169429223
37.8201117899471
37.74536848601439
37.670920027462095
37.59676467307733
37.52290069533062
37.449326380241736
37.37604002724713
37.30303994906892
37.23032447158535
37.157891933702885
37.08574068722967
37.01386909675055
36.94227553950345
36.870958405257305
36.799916096191296
36.72914702677554
36.65864962365314
36.58842232552353
36.51846358302731
36.44877185863222
36.37934562652054
36.310183372477724
36.24128359378232
36.172644799097135
36.10426550836159
36.03614425268544
35.968279574243475
35.90067002617159
35.83331417246394
35.76621058787131
35.69935785780053
35.63275457821508
35.566399355536845
35.500290806548854
35.43442755829923
35.36880824800608
35.30343152296356
35.23829604044886
35.17340046763036
35.10874348147662
35.04432376866657
34.980140025500525
34.91619095781222
34.852475280881904
34.78899171935024
34.72573900713324
34.66271588733809
34.599921112179864
34.537353442899246
34.47501164968102
34.412894511573484
34.35100081640878
34.289329360724025
34.2278789496833
34.16664839700051
34.10563652486301
34.044842163856124
33.98426415288841
33.923901339117734
33.86375257787817
33.80381673260759
33.74409267477612
33.68457928381531
33.62527544704804
33.56618005961913
33.50729202442681
33.448610252054785
33.39013366070505
33.33186117613138
33.27379173157367
33.215924267692664
33.158257732505696
33.100791081322846
33.043523276683885
32.98645328829583
32.92958009297118
32.87290267456675
32.816420023923165
32.76013113880495
32.704035023841236
32.648130690467156
32.59241715686567
32.536893447910195
32.48155859510763
32.42641163654208
32.37145161681912
32.31667758701063
32.262088604600144
32.20768373342881
32.153462043641895
32.099422611635774
32.04556452000551
31.99188685749294
31.938388718935254
31.88506920521416
31.83192742320547
31.77896248572926
31.72617351150047
31.673559625080074
31.62111995682663
31.568853642848406
31.516759824955916
31.464837650614964
31.413086272900138
31.361504850448743
31.31009254741522
31.258848533425997
31.207771983534776
31.15686207817828
31.106118003132384
31.055538949468755
31.005124113511823
30.954872696796244
30.904783906024733
30.854856953026303
30.805091054714975
30.75548543304876
30.7060393149892
30.65675193246113
30.60762252231296
30.558650326277252
30.509834590931767
30.461174567660738
30.412669512616695
30.364318686682488
30.316121355433783
30.268076789101876
30.22018426253684
30.172443055171065
30.1248524509831
30.077411738461862
30.0301202105712
29.982977164714736
29.935981902701073
29.88913373070936
29.84243195925513
29.79587590315645
29.749464881500444
29.703198217610083
29.657075239011313
29.611095277400437
29.565257668611896
29.51956175258622
29.474006873338407
29.428592378926478
29.383317621420435
29.338181956871402
29.293184745281106
29.248325350571648
29.20360314055548
29.159017486905775
29.114567765126957
29.070253354525548
29.026073638181288
28.982028002918486
28.9381158392777
28.89433654148757
28.850689507436986
28.80717413864749
28.76378984024591
28.720536020937264
28.677412092977907
28.63441747214885
28.59155157772947
28.548813832471275
28.506203662572062
28.463720497650204
28.42136377071917
28.379132918162384
28.337027379708136
28.295046598404866
28.253190020596577
28.2114570958985
28.169847277172988
28.128360020505575
28.0869947851813
28.04575103366121
28.004628231559067
27.963625847618275
27.922743353689015
27.881980224705522
27.84133593866368
27.800809976598664
27.760401822562912
27.72011096360419
27.67993688974389
27.63987909395555
27.599937072143472
27.56011032312162
27.52039834859263
27.480800653127027
27.44131674414265
27.4019461318842
27.362688329402985
27.32354285253689
27.284509219890403
27.24558695281496
27.206775575389294
27.16807461440012
27.129483599322846
27.09100206230253
27.052629538134962
27.014365564247928
26.976209680682604
26.938161430075155
26.900220357638432
26.862386011143858
26.82465794090349
26.78703569975215
26.749518843029808
26.712106928564037
26.67479951665263
26.63759617004642
26.60049645393215
26.56349993591556
26.526606186004564
26.489814776592624
26.453125282442222
26.41653728066844
26.380050350722772
26.343664074376946
26.307378035707
26.27119182107742
26.235105019125392
26.199117220745244
26.163228019072992
26.127437009470974
26.091743789512687
26.056147958967646
26.020649119786487
25.9852468760861
25.949940834134892
25.914730602338246
25.879615791223962
25.844596013427985
25.809670883680113
25.77484001878986
25.740103037632462
25.705459561134973
25.670909212262476
25.636451616004408
25.60208639936097
25.5678131913297
25.53363162289209
25.499541327000376
25.46554193856438
25.43163309443846
25.39781443340862
25.36408559617966
25.330446225362444
25.296895965461307
25.263434462861486
25.230061365816752
25.19677632443705
25.163578990676264
25.130469018320113
25.097446062974093
25.06450978205155
25.031659834761843
24.99889588209854
24.966217586827824
24.933624613476873
24.901116628322402
24.868693299379277
24.836354296389185
24.80409929080946
24.771927955801925
24.739839966221872
24.707834998607098
24.675912731167035
24.644072843771976
24.612315017942375
24.580638936838202
24.54904428524844
24.517530749580594
24.48609801785036
24.4547457796713
24.42347372624461
24.392281550349022
24.361168946330718
24.33013561009335
24.29918123908815
24.268305532304044
24.237508190257977
24.20678891498515
24.176147410029472
24.14558338043399
24.115096532731418
24.084686574934786
24.054353216528067
24.02409616845696
23.993915143119704
23.963809854357947
23.93378001744772
23.90382534909047
23.873945567404103
23.844140391914213
23.81440954354524
23.78475274461181
23.755169718810055
23.725660191209048
23.696223888242287
23.666860537699236
23.637569868716934
23.608351611771674
23.57920549867072
23.550131262544124
23.521128637836558
23.49219736029924
23.463337166981923
23.434547796224887
23.405828987651088
23.377180482158245
23.348602021911105
23.320093350333682
23.291654212101562
23.26328435313433
23.23498352058794
23.206751462847244
23.17858792951855
23.150492671422164
23.12246544058509
23.094505990233717
23.066614074786575
23.038789449847144
23.011031872196728
22.983341099787346
22.955716891734717
22.928159008311262
22.900667210939194
22.873241262183573
22.845880925745554
22.818585966455537
22.791356150266445
22.764191244247062
22.737091016575338
22.710055236531847
22.68308367449321
22.656176101925606
22.6293322913783
22.602552016477258
22.575835051918773
22.549181173463147
22.522590157928402
22.49606178318408
22.46959582814504
22.443192072765314
22.416850298032028
22.390570285959303
22.364351819582296
22.338194682951208
22.312098661125333
22.286063540167195
22.260089107136693
22.23417515008531
22.208321458050328
22.18252782104911
22.156794030073417
22.13111987708376
22.105505155003797
22.07994965771478
22.054453180049983
22.029015517789258
22.003636467653553
21.978315827299518
21.95305339531412
21.927848971209283
21.902702355416608
21.87761334928211
21.852581755060967
21.827607375912326
21.80269001589416
21.777829479958132
21.753025573944516
21.728278104577115
21.70358687945828
21.678951707063884
21.654372396738413
21.629848758690017
21.605380603985616
21.580967744546086
21.556609993141404
21.53230716338589
21.50805906973343
21.48386552747276
21.459726352722793
21.435641362427926
21.411610374353458
21.387633207080945
21.363709680003673
21.339839613322102
21.31602282803938
21.292259145956837
21.268548389669583
21.24489038256205
21.221284948803646
21.197731913344377
21.174231101910514
21.150782341000316
21.127385457879736
21.104040280578214
21.08074663788442
21.057504359342097
21.034313275245907
21.011173216637278
20.988084015300313
20.96504550375772
20.942057515266757
20.919119883815206
20.89623244411738
20.873395031610144
20.850607482449
20.827869633504125
20.805181322356518
20.782542387294107
20.759952667307918
20.737412002088256
20.714920232020912
20.692477198183404
20.67008274234122
20.64773670694409
20.625438935122336
20.603189270683156
20.580987558106987
20.558833642543902
20.53672736980998
20.514668586383767
20.492657139402667
20.470692876659466
20.448775646598804
20.42690529831367
20.405081681541972
20.383304646663056
20.361574044694333
20.339889727287844
20.3182515467269
20.296659355922724
20.27511300841113
20.253612358349187
20.232157260511954
20.21074757028919
20.189383143682118
20.168063837300195
20.146789508357895
20.125560014671535
20.104375214656088
20.083234967322063
20.062139132272357
20.04108756969914
20.020080140380802
19.99911670567883
19.978197127534813
19.957321268467382
19.936488991569192
19.91570016050395
19.89495463950342
19.8742522933645
19.853592987446245
19.832976587666963
19.812402960501334
19.791871972977496
19.771383492674204
19.75093738771798
19.730533526780253
19.710171779074596
19.6898520143539
19.669574102907607
19.649337915558934
19.629143323662163
19.60899019909988
19.58887841428029
19.56880784213451
19.548778356113907
19.528789830187407
19.508842138838897
19.488935157064578
19.46906876037032
19.44924282476913
19.429457226778517
19.40971184341797
19.39000655220638
19.370341231159518
19.350715758787523
19.33113001409239
19.311583876565503
19.292077226185135
19.27260994341401
19.253181909196858
19.23379300495799
19.21444311259888
19.195132114495763
19.17585989349727
19.15662633292205
19.1374313165564
19.118274728651937
19.099156453923285
19.080076377545737
19.06103438515298
19.04203036283478
19.023064197134744
19.004135775048045
18.985244984019168
18.966391711939707
18.947575847146116
18.928797278417527
18.91005589497355
18.89135158647209
18.872684243007196
18.854053755106897
18.835460013731048
18.816902910269242
18.798382336538666
18.779898184781988
18.76145034766531
18.74303871827604
18.724663190120868
18.706323657123686
18.688020013623564
18.669752154372713
18.65151997453446
18.633323369681253
18.615162235792674
18.59703646925344
18.578945966851443
18.560890625775787
18.542870343614837
18.5248850183543
18.506934548375273
18.48901883245236
18.471137769751724
18.45329125982926
18.435479202628652
18.41770149847954
18.399958048095648
18.38224875257294
18.36457351338777
18.346932232395087
18.32932481182657
18.311751154288864
18.294211162761766
18.276704740596443
18.259231791513656
18.24179221960199
18.22438592931611
18.207012825475008
18.18967281326027
18.172365798214354
18.155091686238862
18.137850383592863
18.12064179689116
18.10346583310264
18.086322399548568
18.06921140390093
18.052132754180796
18.03508635875664
18.01807212634272
18.00108996599744
17.984139787121737
17.967221499457462
17.950335013085795
17.93348023842562
17.91665708623197
17.899865467594456
17.883105293935657
17.86637647700962
17.849678928900264
17.83301256201987
17.81637728910754
17.799773023227665
17.783199677768422
17.766657166440265
17.750145403274427
17.733664302621435
17.717213779149613
17.700793747843637
17.68440412400304
17.66804482324078
17.65171576148178
17.63541685496148
17.61914802022443
17.602909174122843
17.58670023381518
17.570521116764752
17.55437174073831
17.538252023804667
17.522161884333286
17.506101240992926
17.490070012750262
17.474068118868512
17.45809547890611
17.44215201271533
17.426237640440952
17.410352282518947
17.39449585967512
17.378668292923823
17.36286950356662
17.347099413190993
17.331357943669044
17.315645017156196
17.299960556089932
17.284304483188492
17.268676721449623
17.25307719414931
17.23750582484051
17.221962537351924
17.206447255786742
17.190959904521407
17.17550040820439
17.160068691754972
17.144664680362013
17.129288299482766
17.11393947484165
17.09861813242908
17.083324198500254
17.06805759957398
17.052818262431504
17.037606114115327
17.022421081928062
17.00726309343124
16.992132076444204
16.977027959042918
16.961950669558867
16.94690013657789
16.931876288939083
16.91687905573364
16.901908366303793
16.88696415024163
16.87204633738806
16.857154857831674
16.842289641907655
16.827450620196725
16.81263772352402
16.797850882958034
16.783090029809564
16.76835509563063
16.753646012213405
16.738962711589206
16.724305126027392
16.70967318803437
16.695066830352523
16.680485985959198
16.66593058806569
16.651400570116202
16.636895865786833
16.62241640898458
16.607962133846332
16.593532974737865
16.579128866252848
16.56474974321187
16.550395540661423
16.536066193872973
16.521761638341943
16.507481809786764
16.493226644147914
16.47899607758696
16.46479004648559
16.45060848744469
16.436451337283376
16.422318533038077
16.408210011961582
16.394125711522133
16.380065569402475
16.36602952349896
16.352017511920618
16.338029472988268
16.324065345233578
16.310125067398193
16.296208578432836
16.282315817496404
16.268446723955098
16.254601237381518
16.240779297553814
16.226980844454786
16.21320581827104
16.1994541593921
16.18572580840956
16.172020706116243
16.158338793505315
16.14468001176947
16.131044302300072
16.117431606686317
16.103841866714404
16.090275024366708
16.076731021820947
16.063209801449357
16.049711305817887
16.036235477685377
16.022782260002757
16.009351595912225
15.99594342874647
15.982557702027853
15.969194359467627
15.955853344965151
15.94253460260708
15.929238076666627
