38.578426	-92.173523
38.578384	-92.173397
38.578357	-92.173261
38.578347	-92.173109
38.578348	-92.172996
38.578358	-92.172889
38.578392	-92.172761
38.578433	-92.172659
38.578478	-92.17256
38.578517	-92.172482
38.578556	-92.172345
38.578562	-92.172284
38.578567	-92.172236
38.578528	-92.172098
38.578424	-92.171884
38.578364	-92.171791
38.578186	-92.171537
38.578186	-92.171537
38.578062	-92.17136
38.577995	-92.171264
38.577933	-92.171177
38.577481	-92.170543
38.577451	-92.170499
38.577068	-92.169956
38.576218	-92.168774
38.576154	-92.168685
38.576101	-92.16861
38.575751	-92.168117
38.575299	-92.167486
38.575243	-92.167407
38.57463	-92.166558
38.574325	-92.166117
38.573392	-92.16483
38.572457	-92.163534
38.572047	-92.164011
38.572047	-92.164011
38.571956	-92.164117
38.57145	-92.164709
38.570943	-92.165299
38.570514	-92.165799
38.570431	-92.165895
38.570368	-92.165968
38.570115	-92.166263
38.570042	-92.166348
38.570042	-92.166348
38.569936	-92.166472
38.569804	-92.166624
38.569495	-92.166986
38.569451	-92.16708
38.569407	-92.167132
38.569317	-92.167243
38.56921	-92.167372
38.569115	-92.167433
38.568961	-92.167611
38.568754	-92.167849
38.568651	-92.167968
38.568594	-92.167899
38.568449	-92.16772
38.568345	-92.167563
38.568225	-92.167332
38.568225	-92.167332
38.568037	-92.16697
38.567556	-92.165959
38.567277	-92.165562
38.567056	-92.165251
38.566936	-92.165083
38.5658	-92.163497
38.564463	-92.161651
38.564077	-92.161114
38.564061	-92.161092
38.563939	-92.160922
38.562479	-92.158888
38.562192	-92.158505
38.561844	-92.158038
38.561233	-92.157199
38.560156	-92.155703
38.559946	-92.155415
38.559119	-92.154275
38.558418	-92.153331
38.558011	-92.152821
38.557458	-92.152306
38.556891	-92.151866
38.55622	-92.151448
38.555423	-92.151013
38.553778	-92.150187
38.552856	-92.149731
38.552682	-92.149632
38.552323	-92.149425
38.551711	-92.149065
38.551158	-92.148681
38.550673	-92.148279
38.550368	-92.147988
38.54965	-92.147183
38.549302	-92.146719
38.548967	-92.14624
38.548479	-92.145294
38.547939	-92.143951
38.547649	-92.142949
38.547462	-92.141932
38.547019	-92.139133
38.546541	-92.135741
38.545951	-92.13167
38.545609	-92.129794
38.543994	-92.124182
38.54303	-92.120638
38.542971	-92.120422
38.541179	-92.113807
38.540949	-92.112454
38.540743	-92.110537
38.540406	-92.107397
38.540174	-92.105568
38.539992	-92.103933
38.539969	-92.103728
38.538978	-92.094837
38.538868	-92.093851
38.53878	-92.093091
38.53869	-92.092316
38.538648	-92.09189
38.537346	-92.080228
38.536902	-92.076146
38.536796	-92.075081
38.536767	-92.07491
38.536729	-92.074686
38.536612	-92.074003
38.536475	-92.073471
38.536203	-92.072515
38.535483	-92.070933
38.533899	-92.068464
38.527431	-92.058481
38.526764	-92.057525
38.526291	-92.056943
38.525776	-92.056402
38.525486	-92.056116
38.525338	-92.055969
38.524579	-92.05536
38.524212	-92.055021
38.522565	-92.053564
38.521628	-92.053069
38.520215	-92.052371
38.519687	-92.052121
38.519295	-92.051848
38.518966	-92.051578
38.518899	-92.051519
38.518899	-92.051519
38.518798	-92.05143
38.518673	-92.051279
38.518195	-92.051802
38.516997	-92.053139
38.516697	-92.053559
38.51646	-92.054016
38.516263	-92.054526
38.516116	-92.055196
38.51601	-92.055997
38.515905	-92.056963
38.515794	-92.057654
38.515784	-92.057691
38.515653	-92.058139
38.515473	-92.058667
38.515218	-92.059166
38.51486	-92.059739
38.514322	-92.060433
38.514156	-92.060635
38.514038	-92.060788
38.513926	-92.06092
38.513488	-92.061438
38.513178	-92.06187
38.512986	-92.062251
38.512966	-92.062297
38.512713	-92.062881
38.5127	-92.062912
38.5125	-92.063298
38.5124	-92.063493
38.512334	-92.063585
38.512164	-92.063825
38.511949	-92.064127
38.511887	-92.064214
38.51176	-92.064392
38.511137	-92.065258
38.51057	-92.0664
38.510378	-92.066698
38.510356	-92.066732
38.509975	-92.067153
38.509925	-92.067193
38.509289	-92.067697
38.508469	-92.068388
38.507631	-92.069289
38.507594	-92.069329
38.50751	-92.069433
38.507358	-92.069618
38.507125	-92.069916
38.506587	-92.070739
38.506312	-92.071243
38.506171	-92.071844
38.506062	-92.072354
38.505955	-92.072921
38.505857	-92.073787
38.505856	-92.074682
38.50588	-92.075175
38.505912	-92.075854
38.505948	-92.076548
38.505881	-92.077255
38.505764	-92.078444
38.505647	-92.078988
38.505634	-92.079028
38.505489	-92.079476
38.505211	-92.080058
38.505126	-92.080204
38.504896	-92.080524
38.504527	-92.080987
38.50388	-92.081754
38.50335	-92.082369
38.503129	-92.082679
38.502908	-92.082987
38.502695	-92.083393
38.502381	-92.084161
38.502034	-92.085109
38.501832	-92.085521
38.501756	-92.085674
38.501748	-92.085691
38.501454	-92.086187
38.501019	-92.086738
38.499453	-92.088337
38.496237	-92.090872
38.495767	-92.091052
38.495233	-92.091077
38.495233	-92.091077
38.494708	-92.091123
38.494289	-92.091143
38.494165	-92.091156
38.494047	-92.091183
38.493929	-92.091224
38.493816	-92.091279
38.493703	-92.091351
38.493554	-92.091475
38.493415	-92.091633
38.493409	-92.091642
38.493318	-92.091778
38.493242	-92.091923
38.493181	-92.092078
38.493134	-92.092231
38.4931	-92.092378
38.493073	-92.092552
38.492898	-92.093768
38.492785	-92.094521
38.492754	-92.094816
38.492742	-92.095053
38.492745	-92.095211
38.492755	-92.095369
38.492789	-92.095632
38.492845	-92.09589
38.492915	-92.096106
38.492993	-92.096306
38.493172	-92.096696
38.493545	-92.097464
38.4938	-92.098007
38.494048	-92.098575
38.494315	-92.09923
38.494428	-92.09954
38.494533	-92.099856
38.494612	-92.100162
38.494684	-92.100483
38.494701	-92.100576
38.494761	-92.100958
38.495009	-92.103193
38.495038	-92.103499
38.495061	-92.10381
38.495057	-92.104068
38.495034	-92.104326
38.49499	-92.104555
38.494932	-92.104759
38.494873	-92.104909
38.4948	-92.105066
38.494685	-92.10526
38.494553	-92.105446
38.4944	-92.105671
38.494329	-92.105791
38.494262	-92.105922
38.494172	-92.106168
38.494106	-92.106427
38.494072	-92.106663
38.494069	-92.106906
38.494085	-92.107079
38.494117	-92.107256
38.494167	-92.107434
38.494233	-92.107606
38.494328	-92.107822
38.494434	-92.108023
38.494705	-92.10855
38.495037	-92.109284
38.495446	-92.11022
38.495698	-92.110828
38.495799	-92.111175
38.495857	-92.111504
38.495892	-92.111931
38.495919	-92.112364
38.49593	-92.112587
38.49593	-92.112587
38.49594	-92.112805
38.49594	-92.112991
38.495925	-92.113174
38.495887	-92.11339
38.495836	-92.113595
38.495691	-92.114039
38.495536	-92.114517
38.495482	-92.114713
38.495443	-92.11491
38.495393	-92.115273
38.495334	-92.115853
38.495291	-92.116207
38.495248	-92.116535
38.495186	-92.116839
38.495147	-92.11699
38.4951	-92.117137
38.495041	-92.117307
38.494974	-92.117476
38.494888	-92.117663
38.494793	-92.117843
38.49468	-92.118024
38.494558	-92.118198
38.494347	-92.118465
38.494139	-92.11872
38.493946	-92.118938
38.493745	-92.119141
38.493584	-92.1193
38.493426	-92.119438
38.493202	-92.11963
38.492979	-92.11982
38.49267	-92.120085
38.492492	-92.120277
38.492362	-92.120429
38.492249	-92.120589
38.492137	-92.120753
38.492029	-92.120944
38.491945	-92.121111
38.491835	-92.12138
38.491744	-92.12167
38.491583	-92.12226
38.491278	-92.123438
38.491039	-92.124333
38.490782	-92.125222
38.490668	-92.125603
38.490572	-92.126024
38.490474	-92.126703
38.490386	-92.127417
38.490303	-92.128119
38.490255	-92.128484
38.49019	-92.128827
38.490147	-92.128985
38.490095	-92.129142
38.489984	-92.129381
38.489822	-92.129627
38.489649	-92.129821
38.489406	-92.13007
38.489104	-92.130363
38.488654	-92.130797
38.488369	-92.131074
38.488083	-92.131355
38.487747	-92.131702
38.487416	-92.132066
38.487213	-92.132306
38.487019	-92.132566
38.486816	-92.132912
38.486643	-92.133279
38.486534	-92.133547
38.486438	-92.133825
38.486299	-92.134395
38.486133	-92.135168
38.48595	-92.135962
38.485788	-92.136615
38.485608	-92.137285
38.485434	-92.137949
38.485352	-92.138281
38.485288	-92.138624
38.485122	-92.139799
38.485034	-92.140476
38.48502	-92.140657
38.485012	-92.140866
38.485014	-92.141046
38.485024	-92.141227
38.485038	-92.141405
38.485062	-92.141581
38.485108	-92.141901
38.485247	-92.142843
38.485293	-92.143212
38.485333	-92.143583
38.485354	-92.143788
38.485357	-92.143817
38.485396	-92.144347
38.485414	-92.144633
38.485425	-92.14492
38.485431	-92.145205
38.485425	-92.145462
38.485415	-92.145636
38.485403	-92.145782
38.485377	-92.146003
38.485344	-92.146222
38.485273	-92.146583
38.48526	-92.146636
38.48507	-92.147395
38.485011	-92.14762
38.484963	-92.147851
38.484923	-92.148081
38.484899	-92.148319
38.4849	-92.148499
38.484913	-92.148678
38.484939	-92.148855
38.48498	-92.149026
38.485034	-92.149185
38.485104	-92.149339
38.485184	-92.149479
38.48527	-92.149614
38.485468	-92.149894
38.485674	-92.15017
38.486525	-92.151272
38.486722	-92.151532
38.486818	-92.151668
38.486909	-92.151806
38.487023	-92.151988
38.487177	-92.152263
38.48731	-92.152539
38.487432	-92.152822
38.487563	-92.153153
38.487624	-92.153319
38.487678	-92.153486
38.487758	-92.153757
38.487848	-92.154111
38.487924	-92.154475
38.488075	-92.155381
38.488222	-92.156323
38.488363	-92.157247
38.488499	-92.15818
38.488562	-92.15865
38.488597	-92.159123
38.488629	-92.15988
38.488651	-92.16064
38.488675	-92.161578
38.488694	-92.162373
38.488712	-92.163146
38.488779	-92.164994
38.488804	-92.165716
38.488822	-92.16623
38.48885	-92.16665
38.488888	-92.167208
38.488905	-92.167451
38.488931	-92.167954
38.488969	-92.168819
38.488999	-92.169461
38.489011	-92.169701
38.489022	-92.169815
38.48904	-92.169932
38.489064	-92.170029
38.489102	-92.170154
38.489156	-92.170283
38.489221	-92.170406
38.48931	-92.17053
38.489494	-92.170719
38.489776	-92.170984
38.489911	-92.171114
38.489975	-92.171191
38.490034	-92.171274
38.490104	-92.171387
38.490158	-92.171512
38.49019	-92.171606
38.490214	-92.171706
38.490241	-92.171852
38.490247	-92.172001
38.490243	-92.172121
38.490233	-92.172241
38.490196	-92.172416
38.49014	-92.17258
38.490053	-92.17282
38.489957	-92.173063
38.489772	-92.173544
38.489363	-92.174625
38.489103	-92.175334
38.489088	-92.175391
38.489082	-92.175451
38.489086	-92.175511
38.489099	-92.175568
38.48912	-92.175622
38.489149	-92.175669
38.489185	-92.175708
38.489226	-92.175736
38.489362	-92.175761
38.489479	-92.175782
38.489494	-92.175785
38.48956	-92.175797
38.489671	-92.175818
38.489771	-92.175837
38.489812	-92.175847
38.489812	-92.175847
38.490208	-92.175941
38.49051	-92.176016
38.490844	-92.176099
38.491417	-92.17628
38.491882	-92.17643
38.491951	-92.176453
38.492047	-92.176485
38.492125	-92.176526
38.49248	-92.176715
38.49283	-92.176921
38.493265	-92.177212
38.493868	-92.177556
38.494153	-92.177688
38.494547	-92.177816
38.495307	-92.178014
38.495627	-92.178072
38.49589	-92.178095
38.49612	-92.178076
38.496242	-92.178052
38.496321	-92.178037
38.496883	-92.177915
38.497468	-92.177794
38.49784	-92.177777
38.498103	-92.177777
38.498371	-92.177819
38.498723	-92.1779
38.499084	-92.178003
38.499434	-92.17818
38.499757	-92.178375
38.500044	-92.178589
38.50049	-92.178967
38.501202	-92.179571
38.502691	-92.180828
38.503203	-92.181241
38.503606	-92.181501
38.503953	-92.181688
38.504414	-92.181864
38.504812	-92.181997
38.505242	-92.182077
38.505661	-92.182104
38.506352	-92.182094
38.507105	-92.182085
38.509088	-92.182026
38.509752	-92.18204
38.513891	-92.181952
38.515278	-92.181902
38.516322	-92.181887
38.517225	-92.18187
38.520545	-92.1818
38.520737	-92.181797
38.520737	-92.181797
38.525055	-92.181719
38.525062	-92.181719
38.526413	-92.181691
38.526549	-92.181688
38.530283	-92.181601
38.530824	-92.181611
38.531285	-92.181644
38.531784	-92.181779
38.532257	-92.181968
38.532668	-92.182222
38.532871	-92.182362
38.533027	-92.182498
38.533305	-92.182775
38.533532	-92.183035
38.533688	-92.18326
38.533928	-92.183631
38.534238	-92.184248
38.534592	-92.18502
38.534873	-92.185641
38.535026	-92.186014
38.535136	-92.186298
38.535136	-92.186298
38.535172	-92.186392
38.535266	-92.186676
38.535354	-92.186954
38.535457	-92.187305
38.535562	-92.187704
38.535627	-92.188007
38.535649	-92.18811
38.53568	-92.188284
38.535725	-92.18854
38.53575	-92.1887
38.535772	-92.188865
38.535802	-92.1891
38.535824	-92.189311
38.53584	-92.189483
38.535889	-92.189635
38.535918	-92.18979
38.535926	-92.189997
38.535934	-92.190138
38.535942	-92.19032
38.536026	-92.192966
38.536087	-92.193825
38.536225	-92.194796
38.536505	-92.195969
38.53763	-92.199921
38.537632	-92.199928
38.537752	-92.200343
38.537871	-92.20075
38.538479	-92.202863
38.539131	-92.20512
38.539831	-92.207543
38.539919	-92.207807
38.540063	-92.208342
38.540091	-92.208448
38.54039	-92.209491
38.540411	-92.209567
38.540541	-92.210036
38.540616	-92.210334
38.540726	-92.210772
38.540856	-92.211526
38.540956	-92.2126
38.541013	-92.213722
38.541013	-92.213722
38.541064	-92.214743
38.541076	-92.214973
38.541121	-92.215869
38.541303	-92.219605
38.54144	-92.220376
38.541611	-92.220936
38.541806	-92.221427
38.541997	-92.221824
38.542463	-92.222448
38.542688	-92.222733
38.542911	-92.222909
38.543358	-92.223225
38.543801	-92.223447
38.544737	-92.223768
38.544777	-92.223781
38.544777	-92.223781
38.545878	-92.22413
38.546398	-92.224293
38.546573	-92.224348
38.547282	-92.224571
38.548666	-92.22507
38.549574	-92.225355
38.549959	-92.225476
38.549959	-92.225476
38.55024	-92.225564
38.551467	-92.226004
38.552707	-92.226359
38.554194	-92.226902
38.555159	-92.227171
38.555782	-92.227253
38.556478	-92.227318
38.556761	-92.227311
38.557097	-92.227304
38.557296	-92.227299
38.558407	-92.227251
38.559347	-92.227228
38.560106	-92.227197
38.560929	-92.227133
38.561787	-92.227114
38.563087	-92.227107
38.563488	-92.227147
38.563644	-92.227162
38.564432	-92.227217
38.564432	-92.227217
38.564489	-92.227221
38.565322	-92.227358
38.567159	-92.227632
38.568437	-92.227771
38.569118	-92.227891
38.56984	-92.228085
38.570694	-92.22832
38.571132	-92.22844
38.571133	-92.22844
38.571149	-92.228445
38.571278	-92.228481
38.57154	-92.228554
38.571953	-92.228669
38.572144	-92.228722
38.573069	-92.22904
38.574	-92.22948
38.575133	-92.23012
38.575684	-92.230373
38.576435	-92.23063
38.577158	-92.230792
38.57769	-92.230864
38.578452	-92.230932
38.578736	-92.231056
38.579784	-92.231179
38.58026	-92.231227
38.580534	-92.231254
38.580723	-92.231278
38.580903	-92.231301
38.581015	-92.231315
38.581629	-92.229146
38.581737	-92.22872
38.581737	-92.22872
38.581896	-92.228094
38.58192	-92.22771
38.582185	-92.22488
38.582452	-92.221946
38.58264	-92.220161
38.58264	-92.220161
38.582676	-92.219825
38.582914	-92.218435
38.583241	-92.216973
38.58357	-92.215868
38.584701	-92.212514
38.584938	-92.211633
38.585114	-92.210823
38.585208	-92.209976
38.585256	-92.209039
38.585223	-92.207897
38.585112	-92.206913
38.584925	-92.205837
38.58475	-92.204896
38.584433	-92.203142
38.584327	-92.202567
38.584286	-92.202343
38.584195	-92.201846
38.584014	-92.20079
38.583539	-92.198294
38.583441	-92.197776
38.583162	-92.196192
38.582742	-92.19398
38.58236	-92.191963
38.58214	-92.19089
38.581921	-92.189575
38.581867	-92.188869
38.581888	-92.187989
38.582018	-92.187196
38.582099	-92.186854
38.582202	-92.186415
38.582292	-92.185929
38.582303	-92.185467
38.582267	-92.185013
38.582226	-92.184817
38.582168	-92.184626
38.582144	-92.184565
38.582066	-92.184371
38.582061	-92.184362
38.581939	-92.184137
38.581781	-92.183898
38.581665	-92.183723
38.581627	-92.183666
38.581542	-92.183552
38.581418	-92.183385
38.581357	-92.183303
38.581294	-92.183218
38.58117	-92.183052
38.580739	-92.182472
38.580583	-92.182263
38.580497	-92.182147
38.580064	-92.181572
38.579712	-92.181116
38.579512	-92.180814
38.579512	-92.180814
38.579457	-92.180731
38.579301	-92.180516
38.57936	-92.180339
38.579361	-92.180336
38.579529	-92.179593
38.579577	-92.179384
38.579675	-92.178972
38.579726	-92.178808
38.579797	-92.178705
38.580001	-92.178456
38.580001	-92.178456
38.580043	-92.178405
38.580123	-92.178312
38.580498	-92.177876
38.580542	-92.177824
38.580596	-92.177761
38.580643	-92.177706
38.580659	-92.177687
38.580771	-92.177548
38.580839	-92.177467
38.58096	-92.177325
38.581187	-92.177055
38.581639	-92.176516
38.581684	-92.176462
38.581632	-92.17639
38.581096	-92.175645
38.58075	-92.175161
38.580478	-92.17477
38.580003	-92.174124
38.579881	-92.173976
38.579748	-92.173949
38.579472	-92.173986
38.579299	-92.174018
38.579189	-92.174033
38.57908	-92.17404
38.578982	-92.17403
38.57887	-92.173999
38.578787	-92.173954
38.57869	-92.173901
