
          </coordinates>
        </LineString>
      </MultiGeometry>
    </Placemark>
    <Placemark>
      <name>CL: Jefferson City Loop
</name>
      <description>Approx 28 miles</description>
      <styleUrl>#line-DB4436-4294</styleUrl>
      <MultiGeometry>
        <LineString>
          <tessellate>1</tessellate>
          <coordinates>
            -92.173523,38.578426,0
            -92.173397,38.578384,0
            -92.173261,38.578357,0
            -92.173109,38.578347,0
            -92.172996,38.578348,0
            -92.172889,38.578358,0
            -92.172761,38.578392,0
            -92.172659,38.578433,0
            -92.17256,38.578478,0
            -92.172482,38.578517,0
            -92.172345,38.578556,0
            -92.172284,38.578562,0
            -92.172236,38.578567,0
            -92.172098,38.578528,0
            -92.171884,38.578424,0
            -92.171791,38.578364,0
            -92.171537,38.578186,0
          </coordinates>
        </LineString>
        <LineString>
          <tessellate>1</tessellate>
          <coordinates>
            -92.171537,38.578186,0
            -92.17136,38.578062,0
            -92.171264,38.577995,0
            -92.171177,38.577933,0
            -92.170543,38.577481,0
            -92.170499,38.577451,0
            -92.169956,38.577068,0
            -92.168774,38.576218,0
            -92.168685,38.576154,0
            -92.16861,38.576101,0
            -92.168117,38.575751,0
            -92.167486,38.575299,0
            -92.167407,38.575243,0
            -92.166558,38.57463,0
            -92.166117,38.574325,0
            -92.16483,38.573392,0
            -92.163534,38.572457,0
            -92.164011,38.572047,0
          </coordinates>
        </LineString>
        <LineString>
          <tessellate>1</tessellate>
          <coordinates>
            -92.164011,38.572047,0
            -92.164117,38.571956,0
            -92.164709,38.57145,0
            -92.165299,38.570943,0
            -92.165799,38.570514,0
            -92.165895,38.570431,0
            -92.165968,38.570368,0
            -92.166263,38.570115,0
            -92.166348,38.570042,0
          </coordinates>
        </LineString>
        <LineString>
          <tessellate>1</tessellate>
          <coordinates>
            -92.166348,38.570042,0
            -92.166472,38.569936,0
            -92.166624,38.569804,0
            -92.166986,38.569495,0
            -92.16708,38.569451,0
            -92.167132,38.569407,0
            -92.167243,38.569317,0
            -92.167372,38.56921,0
            -92.167433,38.569115,0
            -92.167611,38.568961,0
            -92.167849,38.568754,0
            -92.167968,38.568651,0
            -92.167899,38.568594,0
            -92.16772,38.568449,0
            -92.167563,38.568345,0
            -92.167332,38.568225,0
          </coordinates>
        </LineString>
        <LineString>
          <tessellate>1</tessellate>
          <coordinates>
            -92.167332,38.568225,0
            -92.16697,38.568037,0
            -92.165959,38.567556,0
            -92.165562,38.567277,0
            -92.165251,38.567056,0
            -92.165083,38.566936,0
            -92.163497,38.5658,0
            -92.161651,38.564463,0
            -92.161114,38.564077,0
            -92.161092,38.564061,0
            -92.160922,38.563939,0
            -92.158888,38.562479,0
            -92.158505,38.562192,0
            -92.158038,38.561844,0
            -92.157199,38.561233,0
            -92.155703,38.560156,0
            -92.155415,38.559946,0
            -92.154275,38.559119,0
            -92.153331,38.558418,0
            -92.152821,38.558011,0
            -92.152306,38.557458,0
            -92.151866,38.556891,0
            -92.151448,38.55622,0
            -92.151013,38.555423,0
            -92.150187,38.553778,0
            -92.149731,38.552856,0
            -92.149632,38.552682,0
            -92.149425,38.552323,0
            -92.149065,38.551711,0
            -92.148681,38.551158,0
            -92.148279,38.550673,0
            -92.147988,38.550368,0
            -92.147183,38.54965,0
            -92.146719,38.549302,0
            -92.14624,38.548967,0
            -92.145294,38.548479,0
            -92.143951,38.547939,0
            -92.142949,38.547649,0
            -92.141932,38.547462,0
            -92.139133,38.547019,0
            -92.135741,38.546541,0
            -92.13167,38.545951,0
            -92.129794,38.545609,0
            -92.124182,38.543994,0
            -92.120638,38.54303,0
            -92.120422,38.542971,0
            -92.113807,38.541179,0
            -92.112454,38.540949,0
            -92.110537,38.540743,0
            -92.107397,38.540406,0
            -92.105568,38.540174,0
            -92.103933,38.539992,0
            -92.103728,38.539969,0
            -92.094837,38.538978,0
            -92.093851,38.538868,0
            -92.093091,38.53878,0
            -92.092316,38.53869,0
            -92.09189,38.538648,0
            -92.080228,38.537346,0
            -92.076146,38.536902,0
            -92.075081,38.536796,0
            -92.07491,38.536767,0
            -92.074686,38.536729,0
            -92.074003,38.536612,0
            -92.073471,38.536475,0
            -92.072515,38.536203,0
            -92.070933,38.535483,0
            -92.068464,38.533899,0
            -92.058481,38.527431,0
            -92.057525,38.526764,0
            -92.056943,38.526291,0
            -92.056402,38.525776,0
            -92.056116,38.525486,0
            -92.055969,38.525338,0
            -92.05536,38.524579,0
            -92.055021,38.524212,0
            -92.053564,38.522565,0
            -92.053069,38.521628,0
            -92.052371,38.520215,0
            -92.052121,38.519687,0
            -92.051848,38.519295,0
            -92.051578,38.518966,0
            -92.051519,38.518899,0
          </coordinates>
        </LineString>
        <LineString>
          <tessellate>1</tessellate>
          <coordinates>
            -92.051519,38.518899,0
            -92.05143,38.518798,0
            -92.051279,38.518673,0
            -92.051802,38.518195,0
            -92.053139,38.516997,0
            -92.053559,38.516697,0
            -92.054016,38.51646,0
            -92.054526,38.516263,0
            -92.055196,38.516116,0
            -92.055997,38.51601,0
            -92.056963,38.515905,0
            -92.057654,38.515794,0
            -92.057691,38.515784,0
            -92.058139,38.515653,0
            -92.058667,38.515473,0
            -92.059166,38.515218,0
            -92.059739,38.51486,0
            -92.060433,38.514322,0
            -92.060635,38.514156,0
            -92.060788,38.514038,0
            -92.06092,38.513926,0
            -92.061438,38.513488,0
            -92.06187,38.513178,0
            -92.062251,38.512986,0
            -92.062297,38.512966,0
            -92.062881,38.512713,0
            -92.062912,38.5127,0
            -92.063298,38.5125,0
            -92.063493,38.5124,0
            -92.063585,38.512334,0
            -92.063825,38.512164,0
            -92.064127,38.511949,0
            -92.064214,38.511887,0
            -92.064392,38.51176,0
            -92.065258,38.511137,0
            -92.0664,38.51057,0
            -92.066698,38.510378,0
            -92.066732,38.510356,0
            -92.067153,38.509975,0
            -92.067193,38.509925,0
            -92.067697,38.509289,0
            -92.068388,38.508469,0
            -92.069289,38.507631,0
            -92.069329,38.507594,0
            -92.069433,38.50751,0
            -92.069618,38.507358,0
            -92.069916,38.507125,0
            -92.070739,38.506587,0
            -92.071243,38.506312,0
            -92.071844,38.506171,0
            -92.072354,38.506062,0
            -92.072921,38.505955,0
            -92.073787,38.505857,0
            -92.074682,38.505856,0
            -92.075175,38.50588,0
            -92.075854,38.505912,0
            -92.076548,38.505948,0
            -92.077255,38.505881,0
            -92.078444,38.505764,0
            -92.078988,38.505647,0
            -92.079028,38.505634,0
            -92.079476,38.505489,0
            -92.080058,38.505211,0
            -92.080204,38.505126,0
            -92.080524,38.504896,0
            -92.080987,38.504527,0
            -92.081754,38.50388,0
            -92.082369,38.50335,0
            -92.082679,38.503129,0
            -92.082987,38.502908,0
            -92.083393,38.502695,0
            -92.084161,38.502381,0
            -92.085109,38.502034,0
            -92.085521,38.501832,0
            -92.085674,38.501756,0
            -92.085691,38.501748,0
            -92.086187,38.501454,0
            -92.086738,38.501019,0
            -92.088337,38.499453,0
            -92.090872,38.496237,0
            -92.091052,38.495767,0
            -92.091077,38.495233,0
          </coordinates>
        </LineString>
        <LineString>
          <tessellate>1</tessellate>
          <coordinates>
            -92.091077,38.495233,0
            -92.091123,38.494708,0
            -92.091143,38.494289,0
            -92.091156,38.494165,0
            -92.091183,38.494047,0
            -92.091224,38.493929,0
            -92.091279,38.493816,0
            -92.091351,38.493703,0
            -92.091475,38.493554,0
            -92.091633,38.493415,0
            -92.091642,38.493409,0
            -92.091778,38.493318,0
            -92.091923,38.493242,0
            -92.092078,38.493181,0
            -92.092231,38.493134,0
            -92.092378,38.4931,0
            -92.092552,38.493073,0
            -92.093768,38.492898,0
            -92.094521,38.492785,0
            -92.094816,38.492754,0
            -92.095053,38.492742,0
            -92.095211,38.492745,0
            -92.095369,38.492755,0
            -92.095632,38.492789,0
            -92.09589,38.492845,0
            -92.096106,38.492915,0
            -92.096306,38.492993,0
            -92.096696,38.493172,0
            -92.097464,38.493545,0
            -92.098007,38.4938,0
            -92.098575,38.494048,0
            -92.09923,38.494315,0
            -92.09954,38.494428,0
            -92.099856,38.494533,0
            -92.100162,38.494612,0
            -92.100483,38.494684,0
            -92.100576,38.494701,0
            -92.100958,38.494761,0
            -92.103193,38.495009,0
            -92.103499,38.495038,0
            -92.10381,38.495061,0
            -92.104068,38.495057,0
            -92.104326,38.495034,0
            -92.104555,38.49499,0
            -92.104759,38.494932,0
            -92.104909,38.494873,0
            -92.105066,38.4948,0
            -92.10526,38.494685,0
            -92.105446,38.494553,0
            -92.105671,38.4944,0
            -92.105791,38.494329,0
            -92.105922,38.494262,0
            -92.106168,38.494172,0
            -92.106427,38.494106,0
            -92.106663,38.494072,0
            -92.106906,38.494069,0
            -92.107079,38.494085,0
            -92.107256,38.494117,0
            -92.107434,38.494167,0
            -92.107606,38.494233,0
            -92.107822,38.494328,0
            -92.108023,38.494434,0
            -92.10855,38.494705,0
            -92.109284,38.495037,0
            -92.11022,38.495446,0
            -92.110828,38.495698,0
            -92.111175,38.495799,0
            -92.111504,38.495857,0
            -92.111931,38.495892,0
            -92.112364,38.495919,0
            -92.112587,38.49593,0
          </coordinates>
        </LineString>
        <LineString>
          <tessellate>1</tessellate>
          <coordinates>
            -92.112587,38.49593,0
            -92.112805,38.49594,0
            -92.112991,38.49594,0
            -92.113174,38.495925,0
            -92.11339,38.495887,0
            -92.113595,38.495836,0
            -92.114039,38.495691,0
            -92.114517,38.495536,0
            -92.114713,38.495482,0
            -92.11491,38.495443,0
            -92.115273,38.495393,0
            -92.115853,38.495334,0
            -92.116207,38.495291,0
            -92.116535,38.495248,0
            -92.116839,38.495186,0
            -92.11699,38.495147,0
            -92.117137,38.4951,0
            -92.117307,38.495041,0
            -92.117476,38.494974,0
            -92.117663,38.494888,0
            -92.117843,38.494793,0
            -92.118024,38.49468,0
            -92.118198,38.494558,0
            -92.118465,38.494347,0
            -92.11872,38.494139,0
            -92.118938,38.493946,0
            -92.119141,38.493745,0
            -92.1193,38.493584,0
            -92.119438,38.493426,0
            -92.11963,38.493202,0
            -92.11982,38.492979,0
            -92.120085,38.49267,0
            -92.120277,38.492492,0
            -92.120429,38.492362,0
            -92.120589,38.492249,0
            -92.120753,38.492137,0
            -92.120944,38.492029,0
            -92.121111,38.491945,0
            -92.12138,38.491835,0
            -92.12167,38.491744,0
            -92.12226,38.491583,0
            -92.123438,38.491278,0
            -92.124333,38.491039,0
            -92.125222,38.490782,0
            -92.125603,38.490668,0
            -92.126024,38.490572,0
            -92.126703,38.490474,0
            -92.127417,38.490386,0
            -92.128119,38.490303,0
            -92.128484,38.490255,0
            -92.128827,38.49019,0
            -92.128985,38.490147,0
            -92.129142,38.490095,0
            -92.129381,38.489984,0
            -92.129627,38.489822,0
            -92.129821,38.489649,0
            -92.13007,38.489406,0
            -92.130363,38.489104,0
            -92.130797,38.488654,0
            -92.131074,38.488369,0
            -92.131355,38.488083,0
            -92.131702,38.487747,0
            -92.132066,38.487416,0
            -92.132306,38.487213,0
            -92.132566,38.487019,0
            -92.132912,38.486816,0
            -92.133279,38.486643,0
            -92.133547,38.486534,0
            -92.133825,38.486438,0
            -92.134395,38.486299,0
            -92.135168,38.486133,0
            -92.135962,38.48595,0
            -92.136615,38.485788,0
            -92.137285,38.485608,0
            -92.137949,38.485434,0
            -92.138281,38.485352,0
            -92.138624,38.485288,0
            -92.139799,38.485122,0
            -92.140476,38.485034,0
            -92.140657,38.48502,0
            -92.140866,38.485012,0
            -92.141046,38.485014,0
            -92.141227,38.485024,0
            -92.141405,38.485038,0
            -92.141581,38.485062,0
            -92.141901,38.485108,0
            -92.142843,38.485247,0
            -92.143212,38.485293,0
            -92.143583,38.485333,0
            -92.143788,38.485354,0
            -92.143817,38.485357,0
            -92.144347,38.485396,0
            -92.144633,38.485414,0
            -92.14492,38.485425,0
            -92.145205,38.485431,0
            -92.145462,38.485425,0
            -92.145636,38.485415,0
            -92.145782,38.485403,0
            -92.146003,38.485377,0
            -92.146222,38.485344,0
            -92.146583,38.485273,0
            -92.146636,38.48526,0
            -92.147395,38.48507,0
            -92.14762,38.485011,0
            -92.147851,38.484963,0
            -92.148081,38.484923,0
            -92.148319,38.484899,0
            -92.148499,38.4849,0
            -92.148678,38.484913,0
            -92.148855,38.484939,0
            -92.149026,38.48498,0
            -92.149185,38.485034,0
            -92.149339,38.485104,0
            -92.149479,38.485184,0
            -92.149614,38.48527,0
            -92.149894,38.485468,0
            -92.15017,38.485674,0
            -92.151272,38.486525,0
            -92.151532,38.486722,0
            -92.151668,38.486818,0
            -92.151806,38.486909,0
            -92.151988,38.487023,0
            -92.152263,38.487177,0
            -92.152539,38.48731,0
            -92.152822,38.487432,0
            -92.153153,38.487563,0
            -92.153319,38.487624,0
            -92.153486,38.487678,0
            -92.153757,38.487758,0
            -92.154111,38.487848,0
            -92.154475,38.487924,0
            -92.155381,38.488075,0
            -92.156323,38.488222,0
            -92.157247,38.488363,0
            -92.15818,38.488499,0
            -92.15865,38.488562,0
            -92.159123,38.488597,0
            -92.15988,38.488629,0
            -92.16064,38.488651,0
            -92.161578,38.488675,0
            -92.162373,38.488694,0
            -92.163146,38.488712,0
            -92.164994,38.488779,0
            -92.165716,38.488804,0
            -92.16623,38.488822,0
            -92.16665,38.48885,0
            -92.167208,38.488888,0
            -92.167451,38.488905,0
            -92.167954,38.488931,0
            -92.168819,38.488969,0
            -92.169461,38.488999,0
            -92.169701,38.489011,0
            -92.169815,38.489022,0
            -92.169932,38.48904,0
            -92.170029,38.489064,0
            -92.170154,38.489102,0
            -92.170283,38.489156,0
            -92.170406,38.489221,0
            -92.17053,38.48931,0
            -92.170719,38.489494,0
            -92.170984,38.489776,0
            -92.171114,38.489911,0
            -92.171191,38.489975,0
            -92.171274,38.490034,0
            -92.171387,38.490104,0
            -92.171512,38.490158,0
            -92.171606,38.49019,0
            -92.171706,38.490214,0
            -92.171852,38.490241,0
            -92.172001,38.490247,0
            -92.172121,38.490243,0
            -92.172241,38.490233,0
            -92.172416,38.490196,0
            -92.17258,38.49014,0
            -92.17282,38.490053,0
            -92.173063,38.489957,0
            -92.173544,38.489772,0
            -92.174625,38.489363,0
            -92.175334,38.489103,0
            -92.175391,38.489088,0
            -92.175451,38.489082,0
            -92.175511,38.489086,0
            -92.175568,38.489099,0
            -92.175622,38.48912,0
            -92.175669,38.489149,0
            -92.175708,38.489185,0
            -92.175736,38.489226,0
            -92.175761,38.489362,0
            -92.175782,38.489479,0
            -92.175785,38.489494,0
            -92.175797,38.48956,0
            -92.175818,38.489671,0
            -92.175837,38.489771,0
            -92.175847,38.489812,0
          </coordinates>
        </LineString>
        <LineString>
          <tessellate>1</tessellate>
          <coordinates>
            -92.175847,38.489812,0
            -92.175941,38.490208,0
            -92.176016,38.49051,0
            -92.176099,38.490844,0
            -92.17628,38.491417,0
            -92.17643,38.491882,0
            -92.176453,38.491951,0
            -92.176485,38.492047,0
            -92.176526,38.492125,0
            -92.176715,38.49248,0
            -92.176921,38.49283,0
            -92.177212,38.493265,0
            -92.177556,38.493868,0
            -92.177688,38.494153,0
            -92.177816,38.494547,0
            -92.178014,38.495307,0
            -92.178072,38.495627,0
            -92.178095,38.49589,0
            -92.178076,38.49612,0
            -92.178052,38.496242,0
            -92.178037,38.496321,0
            -92.177915,38.496883,0
            -92.177794,38.497468,0
            -92.177777,38.49784,0
            -92.177777,38.498103,0
            -92.177819,38.498371,0
            -92.1779,38.498723,0
            -92.178003,38.499084,0
            -92.17818,38.499434,0
            -92.178375,38.499757,0
            -92.178589,38.500044,0
            -92.178967,38.50049,0
            -92.179571,38.501202,0
            -92.180828,38.502691,0
            -92.181241,38.503203,0
            -92.181501,38.503606,0
            -92.181688,38.503953,0
            -92.181864,38.504414,0
            -92.181997,38.504812,0
            -92.182077,38.505242,0
            -92.182104,38.505661,0
            -92.182094,38.506352,0
            -92.182085,38.507105,0
            -92.182026,38.509088,0
            -92.18204,38.509752,0
            -92.181952,38.513891,0
            -92.181902,38.515278,0
            -92.181887,38.516322,0
            -92.18187,38.517225,0
            -92.1818,38.520545,0
            -92.181797,38.520737,0
          </coordinates>
        </LineString>
        <LineString>
          <tessellate>1</tessellate>
          <coordinates>
            -92.181797,38.520737,0
            -92.181719,38.525055,0
            -92.181719,38.525062,0
            -92.181691,38.526413,0
            -92.181688,38.526549,0
            -92.181601,38.530283,0
            -92.181611,38.530824,0
            -92.181644,38.531285,0
            -92.181779,38.531784,0
            -92.181968,38.532257,0
            -92.182222,38.532668,0
            -92.182362,38.532871,0
            -92.182498,38.533027,0
            -92.182775,38.533305,0
            -92.183035,38.533532,0
            -92.18326,38.533688,0
            -92.183631,38.533928,0
            -92.184248,38.534238,0
            -92.18502,38.534592,0
            -92.185641,38.534873,0
            -92.186014,38.535026,0
            -92.186298,38.535136,0
          </coordinates>
        </LineString>
        <LineString>
          <tessellate>1</tessellate>
          <coordinates>
            -92.186298,38.535136,0
            -92.186392,38.535172,0
            -92.186676,38.535266,0
            -92.186954,38.535354,0
            -92.187305,38.535457,0
            -92.187704,38.535562,0
            -92.188007,38.535627,0
            -92.18811,38.535649,0
            -92.188284,38.53568,0
            -92.18854,38.535725,0
            -92.1887,38.53575,0
            -92.188865,38.535772,0
            -92.1891,38.535802,0
            -92.189311,38.535824,0
            -92.189483,38.53584,0
            -92.189635,38.535889,0
            -92.18979,38.535918,0
            -92.189997,38.535926,0
            -92.190138,38.535934,0
            -92.19032,38.535942,0
            -92.192966,38.536026,0
            -92.193825,38.536087,0
            -92.194796,38.536225,0
            -92.195969,38.536505,0
            -92.199921,38.53763,0
            -92.199928,38.537632,0
            -92.200343,38.537752,0
            -92.20075,38.537871,0
            -92.202863,38.538479,0
            -92.20512,38.539131,0
            -92.207543,38.539831,0
            -92.207807,38.539919,0
            -92.208342,38.540063,0
            -92.208448,38.540091,0
            -92.209491,38.54039,0
            -92.209567,38.540411,0
            -92.210036,38.540541,0
            -92.210334,38.540616,0
            -92.210772,38.540726,0
            -92.211526,38.540856,0
            -92.2126,38.540956,0
            -92.213722,38.541013,0
          </coordinates>
        </LineString>
        <LineString>
          <tessellate>1</tessellate>
          <coordinates>
            -92.213722,38.541013,0
            -92.214743,38.541064,0
            -92.214973,38.541076,0
            -92.215869,38.541121,0
            -92.219605,38.541303,0
            -92.220376,38.54144,0
            -92.220936,38.541611,0
            -92.221427,38.541806,0
            -92.221824,38.541997,0
            -92.222448,38.542463,0
            -92.222733,38.542688,0
            -92.222909,38.542911,0
            -92.223225,38.543358,0
            -92.223447,38.543801,0
            -92.223768,38.544737,0
            -92.223781,38.544777,0
          </coordinates>
        </LineString>
        <LineString>
          <tessellate>1</tessellate>
          <coordinates>
            -92.223781,38.544777,0
            -92.22413,38.545878,0
            -92.224293,38.546398,0
            -92.224348,38.546573,0
            -92.224571,38.547282,0
            -92.22507,38.548666,0
            -92.225355,38.549574,0
            -92.225476,38.549959,0
          </coordinates>
        </LineString>
        <LineString>
          <tessellate>1</tessellate>
          <coordinates>
            -92.225476,38.549959,0
            -92.225564,38.55024,0
            -92.226004,38.551467,0
            -92.226359,38.552707,0
            -92.226902,38.554194,0
            -92.227171,38.555159,0
            -92.227253,38.555782,0
            -92.227318,38.556478,0
            -92.227311,38.556761,0
            -92.227304,38.557097,0
            -92.227299,38.557296,0
            -92.227251,38.558407,0
            -92.227228,38.559347,0
            -92.227197,38.560106,0
            -92.227133,38.560929,0
            -92.227114,38.561787,0
            -92.227107,38.563087,0
            -92.227147,38.563488,0
            -92.227162,38.563644,0
            -92.227217,38.564432,0
          </coordinates>
        </LineString>
        <LineString>
          <tessellate>1</tessellate>
          <coordinates>
            -92.227217,38.564432,0
            -92.227221,38.564489,0
            -92.227358,38.565322,0
            -92.227632,38.567159,0
            -92.227771,38.568437,0
            -92.227891,38.569118,0
            -92.228085,38.56984,0
            -92.22832,38.570694,0
            -92.22844,38.571132,0
            -92.22844,38.571133,0
            -92.228445,38.571149,0
            -92.228481,38.571278,0
            -92.228554,38.57154,0
            -92.228669,38.571953,0
            -92.228722,38.572144,0
            -92.22904,38.573069,0
            -92.22948,38.574,0
            -92.23012,38.575133,0
            -92.230373,38.575684,0
            -92.23063,38.576435,0
            -92.230792,38.577158,0
            -92.230864,38.57769,0
            -92.230932,38.578452,0
            -92.231056,38.578736,0
            -92.231179,38.579784,0
            -92.231227,38.58026,0
            -92.231254,38.580534,0
            -92.231278,38.580723,0
            -92.231301,38.580903,0
            -92.231315,38.581015,0
            -92.229146,38.581629,0
            -92.22872,38.581737,0
          </coordinates>
        </LineString>
        <LineString>
          <tessellate>1</tessellate>
          <coordinates>
            -92.22872,38.581737,0
            -92.228094,38.581896,0
            -92.22771,38.58192,0
            -92.22488,38.582185,0
            -92.221946,38.582452,0
            -92.220161,38.58264,0
          </coordinates>
        </LineString>
        <LineString>
          <tessellate>1</tessellate>
          <coordinates>
            -92.220161,38.58264,0
            -92.219825,38.582676,0
            -92.218435,38.582914,0
            -92.216973,38.583241,0
            -92.215868,38.58357,0
            -92.212514,38.584701,0
            -92.211633,38.584938,0
            -92.210823,38.585114,0
            -92.209976,38.585208,0
            -92.209039,38.585256,0
            -92.207897,38.585223,0
            -92.206913,38.585112,0
            -92.205837,38.584925,0
            -92.204896,38.58475,0
            -92.203142,38.584433,0
            -92.202567,38.584327,0
            -92.202343,38.584286,0
            -92.201846,38.584195,0
            -92.20079,38.584014,0
            -92.198294,38.583539,0
            -92.197776,38.583441,0
            -92.196192,38.583162,0
            -92.19398,38.582742,0
            -92.191963,38.58236,0
            -92.19089,38.58214,0
            -92.189575,38.581921,0
            -92.188869,38.581867,0
            -92.187989,38.581888,0
            -92.187196,38.582018,0
            -92.186854,38.582099,0
            -92.186415,38.582202,0
            -92.185929,38.582292,0
            -92.185467,38.582303,0
            -92.185013,38.582267,0
            -92.184817,38.582226,0
            -92.184626,38.582168,0
            -92.184565,38.582144,0
            -92.184371,38.582066,0
            -92.184362,38.582061,0
            -92.184137,38.581939,0
            -92.183898,38.581781,0
            -92.183723,38.581665,0
            -92.183666,38.581627,0
            -92.183552,38.581542,0
            -92.183385,38.581418,0
            -92.183303,38.581357,0
            -92.183218,38.581294,0
            -92.183052,38.58117,0
            -92.182472,38.580739,0
            -92.182263,38.580583,0
            -92.182147,38.580497,0
            -92.181572,38.580064,0
            -92.181116,38.579712,0
            -92.180814,38.579512,0
          </coordinates>
        </LineString>
        <LineString>
          <tessellate>1</tessellate>
          <coordinates>
            -92.180814,38.579512,0
            -92.180731,38.579457,0
            -92.180516,38.579301,0
            -92.180339,38.57936,0
            -92.180336,38.579361,0
            -92.179593,38.579529,0
            -92.179384,38.579577,0
            -92.178972,38.579675,0
            -92.178808,38.579726,0
            -92.178705,38.579797,0
            -92.178456,38.580001,0
          </coordinates>
        </LineString>
        <LineString>
          <tessellate>1</tessellate>
          <coordinates>
            -92.178456,38.580001,0
            -92.178405,38.580043,0
            -92.178312,38.580123,0
            -92.177876,38.580498,0
            -92.177824,38.580542,0
            -92.177761,38.580596,0
            -92.177706,38.580643,0
            -92.177687,38.580659,0
            -92.177548,38.580771,0
            -92.177467,38.580839,0
            -92.177325,38.58096,0
            -92.177055,38.581187,0
            -92.176516,38.581639,0
            -92.176462,38.581684,0
            -92.17639,38.581632,0
            -92.175645,38.581096,0
            -92.175161,38.58075,0
            -92.17477,38.580478,0
            -92.174124,38.580003,0
            -92.173976,38.579881,0
            -92.173949,38.579748,0
            -92.173986,38.579472,0
            -92.174018,38.579299,0
            -92.174033,38.579189,0
            -92.17404,38.57908,0
            -92.17403,38.578982,0
            -92.173999,38.57887,0
            -92.173954,38.578787,0
            -92.173901,38.57869,0
          </coordinates>
        </LineString>
      </MultiGeometry>
    </Placemark>
    <Placemark>