
      <name>GL: Kearney Loop
</name>
      <description>Approx 22 miles</description>
      <styleUrl>#line-DB4436-4294</styleUrl>
      <MultiGeometry>
        <LineString>
          <tessellate>1</tessellate>
          <coordinates>
            -99.039224,40.6708,0
            -99.039219,40.670919,0
            -99.039375,40.670922,0
            -99.039844,40.670934,0
            -99.040243,40.670969,0
            -99.040547,40.670998,0
            -99.041198,40.671058,0
            -99.041504,40.67107,0
            -99.041637,40.671064,0
            -99.041778,40.671032,0
            -99.041914,40.670996,0
            -99.042051,40.670922,0
            -99.04217,40.670842,0
            -99.042289,40.670749,0
            -99.042382,40.670646,0
            -99.042487,40.670534,0
            -99.042663,40.670429,0
            -99.042872,40.670356,0
            -99.043096,40.670313,0
            -99.043692,40.670309,0
            -99.043887,40.670327,0
            -99.044179,40.670407,0
            -99.044388,40.670446,0
            -99.044641,40.670446,0
            -99.044917,40.670392,0
            -99.04517,40.670319,0
            -99.047054,40.670327,0
            -99.047234,40.67032,0
            -99.047461,40.67026,0
            -99.052762,40.670222,0
            -99.053696,40.670221,0
            -99.063833,40.670212,0
            -99.064261,40.670229,0
            -99.065876,40.670241,0
            -99.066061,40.670266,0
            -99.066207,40.67032,0
            -99.066327,40.670395,0
            -99.066419,40.670486,0
            -99.06654,40.670696,0
            -99.066614,40.67082,0
            -99.066684,40.670902,0
            -99.066772,40.670958,0
            -99.066856,40.671001,0
            -99.066974,40.671038,0
            -99.067106,40.671067,0
            -99.067232,40.671075,0
            -99.067358,40.671065,0
            -99.067477,40.671046,0
            -99.067566,40.671011,0
            -99.067658,40.670952,0
            -99.068251,40.670608,0
            -99.068382,40.67055,0
            -99.068482,40.670512,0
            -99.068639,40.670474,0
            -99.068825,40.670444,0
            -99.069006,40.670426,0
            -99.069127,40.670422,0
            -99.069269,40.670423,0
            -99.071749,40.670523,0
            -99.072466,40.670551,0
            -99.073967,40.670615,0
            -99.076982,40.670746,0
            -99.080795,40.670902,0
            -99.082395,40.670968,0
            -99.082393,40.671032,0
            -99.082385,40.671545,0
            -99.082379,40.671803,0
            -99.082366,40.672274,0
            -99.082343,40.672859,0
            -99.082334,40.673353,0
            -99.082304,40.674108,0
            -99.082278,40.675224,0
            -99.082256,40.675853,0
            -99.082253,40.676144,0
            -99.082251,40.676334,0
          </coordinates>
        </LineString>
        <LineString>
          <tessellate>1</tessellate>
          <coordinates>
            -99.082251,40.676334,0
            -99.08225,40.676424,0
            -99.082239,40.677474,0
            -99.082233,40.67774,0
            -99.082206,40.67892,0
            -99.082201,40.679097,0
            -99.0822,40.679157,0
            -99.08219,40.679486,0
            -99.082179,40.679888,0
            -99.082169,40.680244,0
            -99.082162,40.680491,0
            -99.082161,40.680536,0
            -99.082155,40.680742,0
            -99.082149,40.68095,0
            -99.082145,40.681105,0
            -99.082141,40.681301,0
            -99.082135,40.681559,0
            -99.082128,40.68182,0
            -99.082118,40.682253,0
            -99.08211,40.682629,0
            -99.082108,40.682699,0
          </coordinates>
        </LineString>
        <LineString>
          <tessellate>1</tessellate>
          <coordinates>
            -99.082108,40.682699,0
            -99.082106,40.682799,0
            -99.082081,40.683764,0
            -99.082049,40.685013,0
            -99.083411,40.685031,0
            -99.084181,40.685041,0
            -99.084671,40.685047,0
            -99.084809,40.685049,0
            -99.085691,40.685061,0
            -99.086129,40.685066,0
            -99.087495,40.685084,0
            -99.088182,40.685093,0
            -99.088496,40.685097,0
            -99.088874,40.685102,0
            -99.089583,40.685111,0
            -99.090271,40.68512,0
            -99.091613,40.685137,0
          </coordinates>
        </LineString>
        <LineString>
          <tessellate>1</tessellate>
          <coordinates>
            -99.091613,40.685137,0
            -99.094343,40.685173,0
            -99.094982,40.685181,0
            -99.09559,40.685189,0
            -99.095666,40.68519,0
            -99.096818,40.685205,0
            -99.097944,40.68522,0
            -99.099006,40.685233,0
            -99.099754,40.685243,0
            -99.100043,40.685247,0
            -99.101083,40.685268,0
            -99.101506,40.685272,0
            -99.101642,40.685273,0
            -99.101837,40.685274,0
            -99.102143,40.685277,0
            -99.102399,40.685275,0
            -99.102758,40.685264,0
            -99.10318,40.685242,0
            -99.104106,40.685147,0
            -99.104283,40.685132,0
            -99.104302,40.685131,0
            -99.104626,40.68512,0
            -99.104957,40.685122,0
            -99.105628,40.685126,0
            -99.106435,40.685131,0
            -99.106638,40.685132,0
            -99.109273,40.685147,0
            -99.111979,40.685163,0
            -99.113878,40.685174,0
            -99.118035,40.685198,0
            -99.122691,40.685224,0
            -99.122826,40.685243,0
            -99.123105,40.685308,0
            -99.123222,40.68535,0
          </coordinates>
        </LineString>
        <LineString>
          <tessellate>1</tessellate>
          <coordinates>
            -99.123222,40.68535,0
            -99.123252,40.685361,0
            -99.123335,40.685412,0
            -99.123384,40.685442,0
            -99.123469,40.685529,0
            -99.123537,40.685621,0
            -99.123603,40.685779,0
            -99.123663,40.685952,0
            -99.123591,40.687626,0
            -99.123573,40.687976,0
            -99.123527,40.688883,0
            -99.123511,40.688957,0
            -99.123437,40.689315,0
            -99.123296,40.690223,0
            -99.12325,40.6907,0
            -99.123162,40.692584,0
            -99.123175,40.693334,0
            -99.123243,40.694481,0
            -99.123243,40.694823,0
            -99.123234,40.695283,0
            -99.123228,40.695554,0
            -99.123213,40.696189,0
            -99.123184,40.697128,0
            -99.123177,40.697359,0
            -99.12316,40.697703,0
            -99.123151,40.697852,0
            -99.123139,40.697993,0
            -99.123109,40.698138,0
            -99.123055,40.698286,0
            -99.122901,40.698616,0
            -99.122784,40.698832,0
            -99.122758,40.698881,0
            -99.122647,40.699012,0
            -99.122494,40.699422,0
            -99.122439,40.699542,0
            -99.122275,40.700005,0
            -99.122287,40.700151,0
            -99.122237,40.700325,0
            -99.122218,40.700387,0
            -99.12221,40.70042,0
            -99.122201,40.70047,0
            -99.122198,40.700488,0
            -99.122189,40.700567,0
            -99.122185,40.700613,0
            -99.122181,40.70066,0
            -99.122179,40.700686,0
            -99.122177,40.700728,0
            -99.12217,40.700917,0
            -99.12217,40.700931,0
            -99.12217,40.701146,0
            -99.122161,40.701671,0
          </coordinates>
        </LineString>
        <LineString>
          <tessellate>1</tessellate>
          <coordinates>
            -99.122161,40.701671,0
            -99.122137,40.703005,0
            -99.122133,40.703602,0
            -99.12211,40.705072,0
            -99.122099,40.705432,0
            -99.122084,40.70663,0
            -99.122082,40.707099,0
            -99.122068,40.708089,0
            -99.122064,40.708401,0
            -99.122065,40.708964,0
            -99.122049,40.710014,0
            -99.122043,40.71051,0
            -99.122031,40.71221,0
            -99.122035,40.712425,0
            -99.121973,40.712679,0
            -99.121951,40.712846,0
            -99.12193,40.713269,0
            -99.121929,40.713734,0
            -99.121935,40.713826,0
            -99.122009,40.713948,0
            -99.122008,40.714047,0
            -99.122002,40.714434,0
            -99.121999,40.714577,0
            -99.122005,40.71512,0
            -99.122004,40.715275,0
            -99.122003,40.715332,0
            -99.121991,40.715614,0
            -99.121982,40.716025,0
            -99.121985,40.716199,0
            -99.121994,40.716476,0
            -99.121982,40.716933,0
            -99.121987,40.7172,0
            -99.121951,40.719696,0
            -99.121942,40.721044,0
            -99.121941,40.721211,0
            -99.121941,40.721269,0
            -99.121937,40.721956,0
            -99.121936,40.722062,0
            -99.121931,40.722636,0
            -99.121905,40.724452,0
            -99.121892,40.725412,0
            -99.121886,40.72631,0
            -99.121873,40.728366,0
            -99.121861,40.730322,0
            -99.121869,40.734162,0
            -99.12187,40.734687,0
            -99.121879,40.735704,0
            -99.121884,40.737061,0
            -99.121891,40.738992,0
            -99.121907,40.740278,0
            -99.121913,40.740718,0
            -99.121917,40.742848,0
            -99.121923,40.746077,0
            -99.121925,40.746902,0
            -99.121903,40.747662,0
            -99.121906,40.748485,0
            -99.121909,40.749572,0
            -99.121908,40.749916,0
            -99.121907,40.750104,0
            -99.121888,40.754163,0
            -99.121883,40.755187,0
            -99.121871,40.757383,0
            -99.121856,40.760611,0
            -99.121843,40.762548,0
            -99.121832,40.764475,0
            -99.121831,40.764594,0
          </coordinates>
        </LineString>
        <LineString>
          <tessellate>1</tessellate>
          <coordinates>
            -99.121831,40.764594,0
            -99.121829,40.765053,0
            -99.117982,40.763332,0
            -99.116068,40.762468,0
            -99.113899,40.761502,0
            -99.111903,40.760607,0
            -99.111227,40.760304,0
            -99.110591,40.760018,0
          </coordinates>
        </LineString>
        <LineString>
          <tessellate>1</tessellate>
          <coordinates>
            -99.110591,40.760018,0
            -99.110456,40.759957,0
            -99.108794,40.759222,0
            -99.107998,40.758932,0
            -99.106941,40.758571,0
            -99.104481,40.757768,0
            -99.104312,40.757712,0
            -99.103846,40.757519,0
            -99.103444,40.757339,0
            -99.102987,40.757083,0
            -99.102763,40.756941,0
            -99.101572,40.756161,0
            -99.100562,40.755553,0
            -99.099466,40.755026,0
            -99.098484,40.754584,0
            -99.097236,40.75401,0
            -99.096642,40.753741,0
            -99.094237,40.752651,0
            -99.093321,40.752232,0
            -99.091626,40.751495,0
            -99.090993,40.751234,0
            -99.090026,40.75092,0
            -99.089345,40.750736,0
            -99.088541,40.750577,0
            -99.087874,40.750476,0
            -99.087669,40.75045,0
            -99.087464,40.750424,0
            -99.087344,40.750408,0
            -99.086412,40.7503,0
            -99.085968,40.750251,0
            -99.085513,40.750205,0
            -99.085239,40.750181,0
            -99.084845,40.750156,0
            -99.084716,40.750148,0
            -99.084351,40.750139,0
            -99.084205,40.75011,0
            -99.084046,40.750113,0
            -99.08396,40.750104,0
            -99.083876,40.750074,0
            -99.083845,40.750034,0
            -99.083804,40.75,0
            -99.083724,40.749958,0
            -99.083632,40.749934,0
            -99.083535,40.749932,0
            -99.083441,40.749951,0
            -99.083357,40.74999,0
            -99.083292,40.750046,0
            -99.08316,40.750083,0
            -99.083014,40.750096,0
            -99.082746,40.750085,0
            -99.081425,40.750083,0
            -99.081162,40.750096,0
            -99.080375,40.750089,0
            -99.077397,40.750075,0
            -99.074192,40.75006,0
            -99.072737,40.750046,0
            -99.070554,40.749994,0
            -99.067437,40.749868,0
            -99.064659,40.749826,0
            -99.063005,40.749819,0
            -99.05987,40.749805,0
            -99.057403,40.749799,0
            -99.055209,40.749787,0
            -99.05412,40.749781,0
            -99.04908,40.749765,0
            -99.045658,40.749743,0
            -99.043839,40.749737,0
            -99.040735,40.749724,0
            -99.040137,40.749718,0
            -99.039747,40.749711,0
            -99.039416,40.749702,0
            -99.038785,40.749683,0
            -99.038005,40.749662,0
            -99.037039,40.749645,0
            -99.036165,40.749638,0
            -99.033213,40.749623,0
            -99.033069,40.749621,0
            -99.032891,40.749618,0
            -99.032732,40.749613,0
            -99.032565,40.749607,0
            -99.032393,40.749596,0
            -99.032245,40.749583,0
            -99.03208,40.749565,0
            -99.031895,40.749539,0
            -99.031726,40.749513,0
            -99.031555,40.749481,0
            -99.03138,40.749444,0
            -99.031164,40.749391,0
            -99.031002,40.749349,0
            -99.03083,40.7493,0
            -99.030638,40.74924,0
            -99.030413,40.74916,0
            -99.030264,40.749101,0
            -99.030052,40.749013,0
            -99.029898,40.748944,0
            -99.029701,40.748847,0
            -99.02957,40.748778,0
            -99.029377,40.748672,0
            -99.02923,40.748583,0
            -99.028993,40.748426,0
            -99.02876,40.748257,0
            -99.028602,40.748132,0
            -99.028497,40.74804,0
            -99.028382,40.747936,0
            -99.028252,40.747811,0
            -99.028138,40.747695,0
            -99.027995,40.747539,0
            -99.027866,40.747382,0
            -99.027753,40.747228,0
            -99.027647,40.747075,0
            -99.027557,40.746926,0
            -99.027461,40.74676,0
            -99.027372,40.746585,0
            -99.027301,40.746424,0
            -99.027229,40.746237,0
            -99.027162,40.746033,0
            -99.027106,40.745809,0
            -99.027075,40.745675,0
            -99.027051,40.745544,0
            -99.02704,40.745461,0
            -99.027029,40.745359,0
            -99.027023,40.745276,0
            -99.02702,40.745182,0
            -99.027017,40.745076,0
            -99.027017,40.744974,0
            -99.02702,40.742549,0
            -99.027022,40.739697,0
            -99.027027,40.738003,0
            -99.027029,40.735485,0
            -99.027031,40.734768,0
            -99.027049,40.73239,0
            -99.027046,40.731439,0
            -99.027044,40.731042,0
            -99.027033,40.730087,0
            -99.027034,40.729972,0
            -99.027052,40.729139,0
            -99.027056,40.72905,0
            -99.027059,40.728973,0
            -99.027062,40.728922,0
          </coordinates>
        </LineString>
        <LineString>
          <tessellate>1</tessellate>
          <coordinates>
            -99.027062,40.728922,0
            -99.027097,40.728274,0
            -99.027106,40.728185,0
            -99.027119,40.727976,0
            -99.027149,40.727581,0
            -99.027208,40.727016,0
            -99.027286,40.726321,0
            -99.027372,40.725714,0
            -99.027439,40.725314,0
            -99.027557,40.724644,0
            -99.02772,40.72388,0
            -99.028051,40.722208,0
            -99.028205,40.721467,0
            -99.028312,40.721012,0
            -99.028387,40.720576,0
            -99.028548,40.719723,0
            -99.028701,40.718871,0
            -99.028768,40.718462,0
            -99.028902,40.717666,0
            -99.028983,40.717044,0
            -99.029144,40.715814,0
            -99.029181,40.715423,0
            -99.029196,40.715305,0
            -99.029212,40.715214,0
            -99.029241,40.715093,0
            -99.029261,40.71499,0
            -99.029268,40.714889,0
            -99.029265,40.714813,0
            -99.029225,40.714558,0
            -99.029221,40.714508,0
            -99.029227,40.714421,0
            -99.029241,40.714366,0
            -99.029369,40.714143,0
            -99.029469,40.714087,0
            -99.02954,40.71401,0
            -99.029574,40.713919,0
            -99.029569,40.713825,0
            -99.029523,40.713738,0
            -99.029501,40.713718,0
            -99.029443,40.713666,0
            -99.029394,40.713535,0
            -99.029368,40.713451,0
            -99.029357,40.71337,0
            -99.029364,40.713161,0
            -99.02938,40.712593,0
            -99.029384,40.712227,0
            -99.029404,40.711647,0
            -99.02942,40.710491,0
            -99.029417,40.709538,0
            -99.029392,40.708611,0
            -99.029342,40.707463,0
            -99.029299,40.706389,0
            -99.029287,40.706059,0
            -99.029269,40.705703,0
            -99.029235,40.705173,0
            -99.029206,40.704804,0
            -99.02916,40.704311,0
            -99.029091,40.703692,0
            -99.029026,40.703181,0
            -99.028961,40.702622,0
            -99.028906,40.702046,0
            -99.028866,40.701525,0
            -99.028821,40.700668,0
            -99.028802,40.700148,0
            -99.028794,40.699328,0
            -99.028794,40.699237,0
            -99.028808,40.698177,0
            -99.028812,40.698001,0
            -99.028818,40.697839,0
            -99.028827,40.697609,0
            -99.02885,40.697116,0
            -99.028866,40.696763,0
            -99.028877,40.696514,0
            -99.028885,40.696298,0
            -99.028892,40.696023,0
            -99.028899,40.695671,0
            -99.028937,40.692393,0
            -99.028942,40.692047,0
            -99.028968,40.689242,0
            -99.028995,40.687193,0
            -99.029004,40.68622,0
            -99.029008,40.685927,0
            -99.029018,40.685309,0
          </coordinates>
        </LineString>
        <LineString>
          <tessellate>1</tessellate>
          <coordinates>
            -99.029018,40.685309,0
            -99.029025,40.684823,0
            -99.029024,40.684735,0
            -99.029027,40.684316,0
            -99.029094,40.67785,0
            -99.029098,40.67749,0
            -99.029104,40.6756,0
            -99.029131,40.674333,0
            -99.029148,40.673254,0
            -99.02915,40.672775,0
            -99.029152,40.67267,0
            -99.029159,40.67228,0
            -99.02935,40.672281,0
            -99.029559,40.672282,0
            -99.029679,40.67228,0
            -99.029779,40.672278,0
            -99.029892,40.672268,0
            -99.029989,40.672253,0
            -99.030095,40.672227,0
            -99.030217,40.672187,0
            -99.030343,40.67213,0
            -99.030453,40.672067,0
            -99.030555,40.671993,0
            -99.03065,40.671904,0
            -99.030727,40.67182,0
            -99.030788,40.671728,0
            -99.030833,40.67164,0
            -99.030868,40.671548,0
            -99.030879,40.671495,0
            -99.030889,40.671418,0
            -99.03089,40.671386,0
            -99.030897,40.671269,0
            -99.030906,40.671192,0
            -99.030915,40.671138,0
            -99.030929,40.671088,0
            -99.030958,40.671007,0
            -99.030983,40.670953,0
            -99.031018,40.670895,0
            -99.031079,40.67081,0
            -99.031114,40.670768,0
            -99.031171,40.670714,0
            -99.031241,40.670656,0
            -99.031297,40.670618,0
            -99.031374,40.670567,0
            -99.031445,40.670528,0
            -99.031526,40.67049,0
            -99.031642,40.670445,0
            -99.031782,40.670409,0
            -99.03192,40.670387,0
            -99.032049,40.670374,0
            -99.032125,40.670373,0
            -99.032213,40.670371,0
            -99.03325,40.670371,0
            -99.035691,40.67037,0
            -99.03582,40.670372,0
            -99.035929,40.670375,0
            -99.036,40.670377,0
            -99.036116,40.670388,0
            -99.036214,40.670401,0
            -99.036372,40.67043,0
            -99.03657,40.67048,0
            -99.036718,40.670527,0
            -99.036873,40.67058,0
            -99.037106,40.670699,0
            -99.037396,40.670825,0
            -99.037635,40.670902,0
            -99.037831,40.670956,0
            -99.038207,40.671002,0
            -99.038502,40.670999,0
            -99.038725,40.670984,0
            -99.039219,40.670919,0
            -99.039224,40.6708,0
          </coordinates>
        </LineString>
      </MultiGeometry>
    </Placemark>
    <Placemark>