
      <name>EL: St. Joseph Loop</name>
      <description>Approx 33 miles</description>
      <styleUrl>#line-DB4436-4294</styleUrl>
      <MultiGeometry>
        <LineString>
          <tessellate>1</tessellate>
          <coordinates>
            -94.848033,39.756076,0
            -94.848036,39.756292,0
            -94.848041,39.756894,0
          </coordinates>
        </LineString>
        <LineString>
          <tessellate>1</tessellate>
          <coordinates>
            -94.848041,39.756894,0
            -94.848044,39.757185,0
            -94.848061,39.758093,0
            -94.848065,39.758969,0
            -94.848075,39.759513,0
            -94.848075,39.760096,0
            -94.848075,39.760856,0
            -94.84808,39.761349,0
            -94.848089,39.762441,0
            -94.848093,39.762716,0
          </coordinates>
        </LineString>
        <LineString>
          <tessellate>1</tessellate>
          <coordinates>
            -94.848093,39.762716,0
            -94.848104,39.763414,0
            -94.848115,39.764213,0
            -94.848117,39.764414,0
            -94.848125,39.765017,0
            -94.848135,39.765835,0
            -94.848136,39.766011,0
            -94.848142,39.766644,0
            -94.848148,39.767446,0
            -94.84815,39.767774,0
          </coordinates>
        </LineString>
        <LineString>
          <tessellate>1</tessellate>
          <coordinates>
            -94.84815,39.767774,0
            -94.848152,39.768142,0
            -94.847994,39.768243,0
            -94.847569,39.768514,0
            -94.847353,39.768651,0
            -94.847114,39.768806,0
            -94.8467,39.769064,0
            -94.846025,39.769488,0
            -94.84545,39.769849,0
            -94.845332,39.769923,0
            -94.845285,39.769949,0
            -94.844796,39.770209,0
            -94.844582,39.770324,0
            -94.84424,39.770498,0
            -94.844071,39.770583,0
            -94.843562,39.770841,0
            -94.843025,39.771121,0
            -94.842581,39.771342,0
            -94.842461,39.771404,0
            -94.841864,39.771715,0
            -94.84149,39.771914,0
            -94.841103,39.772122,0
            -94.840739,39.77231,0
            -94.840713,39.772324,0
            -94.840431,39.77247,0
          </coordinates>
        </LineString>
        <LineString>
          <tessellate>1</tessellate>
          <coordinates>
            -94.840431,39.77247,0
            -94.840395,39.772489,0
            -94.840202,39.772584,0
            -94.839582,39.77289,0
            -94.83938,39.772989,0
            -94.838986,39.77316,0
            -94.838312,39.773452,0
            -94.837557,39.773792,0
            -94.837318,39.773894,0
            -94.837226,39.773936,0
            -94.836674,39.77417,0
            -94.835969,39.774486,0
            -94.835621,39.774637,0
            -94.83505,39.774879,0
            -94.834193,39.775243,0
            -94.834025,39.775328,0
            -94.833208,39.775688,0
            -94.832931,39.775813,0
            -94.832414,39.776032,0
            -94.831924,39.776244,0
            -94.831647,39.776369,0
            -94.831149,39.776589,0
            -94.830725,39.776782,0
            -94.830586,39.776845,0
            -94.830359,39.776845,0
            -94.830015,39.776846,0
            -94.829508,39.776841,0
            -94.829426,39.776841,0
            -94.829154,39.776839,0
            -94.829053,39.776838,0
            -94.828884,39.776836,0
            -94.828785,39.776835,0
          </coordinates>
        </LineString>
        <LineString>
          <tessellate>1</tessellate>
          <coordinates>
            -94.828785,39.776835,0
            -94.828548,39.776832,0
            -94.828057,39.776833,0
            -94.82724,39.776834,0
            -94.827055,39.776834,0
            -94.826889,39.776832,0
            -94.825775,39.776818,0
            -94.824891,39.776823,0
            -94.823515,39.776835,0
            -94.82324,39.776844,0
            -94.822991,39.776847,0
            -94.822774,39.77685,0
            -94.822257,39.776856,0
            -94.822122,39.776858,0
            -94.821742,39.776857,0
            -94.821115,39.776856,0
            -94.820679,39.776861,0
            -94.820012,39.776866,0
            -94.819618,39.776867,0
            -94.818896,39.776878,0
            -94.818757,39.776879,0
            -94.818704,39.77688,0
            -94.817691,39.776898,0
            -94.817619,39.776899,0
            -94.816514,39.776909,0
            -94.815605,39.776914,0
            -94.81491,39.776918,0
            -94.813106,39.776923,0
            -94.812451,39.776923,0
            -94.811877,39.776923,0
            -94.81,39.776923,0
            -94.809177,39.776923,0
            -94.808814,39.776923,0
          </coordinates>
        </LineString>
        <LineString>
          <tessellate>1</tessellate>
          <coordinates>
            -94.808814,39.776923,0
            -94.808211,39.776922,0
            -94.808117,39.776922,0
            -94.807383,39.776922,0
            -94.8071,39.776922,0
            -94.806653,39.776922,0
            -94.80615,39.776922,0
            -94.805279,39.776921,0
            -94.804806,39.776924,0
            -94.804432,39.776927,0
            -94.804394,39.776927,0
            -94.804158,39.776928,0
            -94.803919,39.776929,0
            -94.80382,39.77693,0
            -94.803226,39.776934,0
            -94.802742,39.776937,0
            -94.802385,39.776939,0
            -94.801543,39.776945,0
            -94.79997,39.776954,0
            -94.798837,39.776962,0
            -94.797903,39.776968,0
            -94.797598,39.77697,0
            -94.79735,39.776972,0
            -94.796711,39.776976,0
            -94.796192,39.776978,0
            -94.795974,39.776979,0
            -94.795446,39.776981,0
            -94.795205,39.776983,0
            -94.794869,39.776987,0
            -94.794325,39.776992,0
            -94.794146,39.776996,0
            -94.793239,39.777003,0
            -94.793106,39.777003,0
            -94.793038,39.777003,0
            -94.792453,39.777001,0
            -94.792296,39.777005,0
            -94.792075,39.777005,0
            -94.792046,39.777006,0
            -94.791851,39.777013,0
            -94.791701,39.777023,0
            -94.79143,39.777047,0
            -94.791194,39.777074,0
            -94.790962,39.777107,0
            -94.790845,39.777124,0
            -94.790671,39.777154,0
            -94.790481,39.777191,0
            -94.790343,39.777221,0
            -94.789693,39.777398,0
            -94.788859,39.777709,0
            -94.788748,39.777764,0
            -94.788155,39.778011,0
            -94.78754,39.778269,0
            -94.787266,39.778371,0
            -94.78695,39.778489,0
            -94.786367,39.778647,0
            -94.785611,39.778805,0
            -94.785106,39.778902,0
            -94.78464,39.778994,0
            -94.783884,39.77914,0
            -94.782983,39.779313,0
            -94.782369,39.779432,0
            -94.781669,39.779569,0
            -94.781487,39.779605,0
            -94.781133,39.779674,0
            -94.780994,39.779702,0
            -94.780452,39.779808,0
            -94.779945,39.779908,0
            -94.779379,39.780018,0
            -94.778979,39.780097,0
            -94.777821,39.780336,0
            -94.776818,39.780513,0
            -94.775581,39.780698,0
            -94.773782,39.780925,0
            -94.773491,39.780972,0
            -94.773247,39.781025,0
            -94.772819,39.781117,0
            -94.772575,39.78117,0
            -94.772275,39.781234,0
            -94.772105,39.781279,0
            -94.770403,39.781774,0
            -94.770206,39.781832,0
            -94.769624,39.782015,0
            -94.76892,39.782237,0
            -94.768314,39.782428,0
            -94.768169,39.782472,0
            -94.767581,39.782648,0
            -94.767472,39.782677,0
            -94.766953,39.782832,0
            -94.766786,39.782882,0
            -94.766434,39.782988,0
            -94.765817,39.783165,0
            -94.765555,39.783231,0
            -94.765087,39.783341,0
            -94.76457,39.783433,0
            -94.764094,39.783506,0
            -94.763403,39.783583,0
            -94.761774,39.783756,0
            -94.760969,39.783848,0
            -94.758307,39.78414,0
            -94.756778,39.784302,0
            -94.755618,39.784399,0
            -94.754898,39.78443,0
            -94.754239,39.784439,0
            -94.753553,39.784443,0
            -94.752676,39.784429,0
            -94.752039,39.784425,0
            -94.749953,39.784421,0
            -94.749638,39.784421,0
            -94.748404,39.78442,0
            -94.747843,39.78442,0
            -94.747472,39.78442,0
            -94.746235,39.784421,0
            -94.744964,39.78443,0
            -94.743533,39.784449,0
            -94.743262,39.784447,0
            -94.742312,39.784439,0
            -94.741333,39.784436,0
            -94.741061,39.784448,0
            -94.740554,39.784412,0
            -94.740148,39.784412,0
            -94.740068,39.784406,0
            -94.739552,39.784393,0
            -94.738979,39.784368,0
            -94.738552,39.784347,0
            -94.738142,39.784324,0
            -94.737815,39.784278,0
            -94.737487,39.784193,0
            -94.737021,39.784051,0
            -94.736489,39.78382,0
            -94.735998,39.783604,0
            -94.735436,39.783364,0
            -94.734557,39.782981,0
            -94.734109,39.782775,0
            -94.733763,39.782616,0
            -94.733419,39.782433,0
            -94.7328,39.782037,0
            -94.732646,39.781928,0
            -94.732159,39.781582,0
            -94.729462,39.779524,0
            -94.729081,39.779256,0
            -94.72886,39.779101,0
            -94.728458,39.778818,0
            -94.728455,39.778816,0
            -94.728348,39.77874,0
            -94.72796,39.778506,0
            -94.727911,39.778478,0
            -94.727506,39.778267,0
            -94.727171,39.778103,0
            -94.726757,39.777924,0
            -94.726331,39.777765,0
            -94.72573,39.77758,0
            -94.725311,39.777463,0
            -94.724778,39.777327,0
            -94.724102,39.77718,0
            -94.72396,39.777167,0
            -94.723629,39.777136,0
            -94.723045,39.777073,0
            -94.722538,39.777042,0
            -94.721912,39.777017,0
            -94.721306,39.777016,0
            -94.720672,39.777012,0
            -94.719319,39.777002,0
            -94.718794,39.777007,0
            -94.715952,39.776998,0
            -94.714567,39.776985,0
            -94.712976,39.776978,0
            -94.711685,39.776981,0
            -94.711269,39.776982,0
            -94.710064,39.776962,0
            -94.709661,39.776967,0
            -94.709359,39.776971,0
            -94.708747,39.776979,0
            -94.705714,39.776956,0
            -94.704363,39.776956,0
            -94.703412,39.77696,0
            -94.70226,39.77696,0
            -94.702014,39.77696,0
            -94.701335,39.776958,0
            -94.700004,39.776953,0
            -94.697728,39.776936,0
            -94.695493,39.776919,0
            -94.694908,39.776915,0
            -94.69161,39.776884,0
            -94.691474,39.776883,0
            -94.691357,39.776882,0
            -94.690285,39.776871,0
            -94.688285,39.776849,0
            -94.687501,39.776834,0
            -94.687279,39.776832,0
            -94.683785,39.776794,0
            -94.683254,39.77679,0
            -94.682389,39.776781,0
            -94.681935,39.776775,0
            -94.681301,39.776766,0
            -94.680682,39.776763,0
            -94.679357,39.776759,0
            -94.67759,39.776738,0
            -94.67725,39.776735,0
            -94.675521,39.776721,0
            -94.674179,39.7767,0
            -94.673347,39.776685,0
            -94.672189,39.776672,0
            -94.671469,39.776663,0
            -94.667704,39.776676,0
            -94.666558,39.776673,0
            -94.664125,39.776666,0
            -94.663155,39.776664,0
            -94.660107,39.776634,0
            -94.659438,39.776627,0
            -94.658116,39.776611,0
            -94.658102,39.776611,0
            -94.655857,39.776588,0
            -94.65565,39.776585,0
            -94.654568,39.776594,0
            -94.653842,39.776616,0
            -94.652264,39.776683,0
            -94.648427,39.776847,0
            -94.648237,39.776849,0
            -94.647948,39.776853,0
            -94.647737,39.776849,0
            -94.647601,39.776831,0
            -94.647417,39.776807,0
            -94.646702,39.776694,0
            -94.646169,39.776555,0
            -94.645843,39.776451,0
            -94.645704,39.776406,0
            -94.645465,39.776305,0
            -94.645326,39.776246,0
            -94.644808,39.775991,0
            -94.644694,39.775921,0
            -94.644392,39.775736,0
            -94.643894,39.775348,0
            -94.643567,39.775022,0
            -94.642894,39.774248,0
            -94.641468,39.77236,0
            -94.640307,39.770916,0
            -94.640256,39.770854,0
            -94.640037,39.770583,0
            -94.639733,39.770208,0
            -94.639523,39.770004,0
            -94.639372,39.769881,0
            -94.639194,39.769751,0
            -94.63901,39.769604,0
            -94.638748,39.769478,0
            -94.638498,39.769377,0
            -94.638334,39.769327,0
            -94.638106,39.769275,0
            -94.637944,39.769247,0
            -94.637678,39.769221,0
            -94.637331,39.769202,0
            -94.636916,39.769197,0
          </coordinates>
        </LineString>
        <LineString>
          <tessellate>1</tessellate>
          <coordinates>
            -94.636916,39.769197,0
            -94.636237,39.769188,0
            -94.635592,39.769183,0
            -94.632716,39.769173,0
            -94.631923,39.769168,0
            -94.627851,39.76916,0
            -94.626465,39.769157,0
            -94.622813,39.769135,0
            -94.622768,39.769135,0
            -94.619478,39.769114,0
            -94.617824,39.769091,0
            -94.61724,39.769089,0
            -94.616668,39.769097,0
            -94.615525,39.769076,0
            -94.613909,39.769067,0
            -94.612305,39.769047,0
            -94.602272,39.768974,0
            -94.599661,39.768978,0
            -94.596014,39.768987,0
            -94.595449,39.768988,0
            -94.594846,39.768989,0
            -94.594238,39.768998,0
            -94.593676,39.769,0
            -94.593104,39.769005,0
            -94.59267,39.769006,0
            -94.591677,39.769007,0
            -94.590417,39.769009,0
            -94.587722,39.769015,0
            -94.586436,39.769003,0
            -94.585592,39.769,0
            -94.584818,39.768993,0
            -94.581662,39.76898,0
            -94.578269,39.768961,0
            -94.575186,39.768956,0
            -94.574437,39.768961,0
            -94.568074,39.768976,0
          </coordinates>
        </LineString>
        <LineString>
          <tessellate>1</tessellate>
          <coordinates>
            -94.568074,39.768976,0
            -94.567652,39.768977,0
            -94.567694,39.768331,0
            -94.56774,39.76776,0
            -94.567825,39.766838,0
            -94.567836,39.766695,0
            -94.568015,39.764347,0
            -94.568115,39.763131,0
            -94.568173,39.762478,0
            -94.568232,39.76111,0
          </coordinates>
        </LineString>
        <LineString>
          <tessellate>1</tessellate>
          <coordinates>
            -94.568232,39.76111,0
            -94.568236,39.761007,0
            -94.5688,39.760897,0
            -94.569349,39.760777,0
            -94.569992,39.7606,0
            -94.570731,39.760355,0
            -94.577699,39.757782,0
            -94.583852,39.755505,0
            -94.586604,39.754511,0
            -94.591035,39.752853,0
            -94.596239,39.750913,0
            -94.598308,39.750144,0
          </coordinates>
        </LineString>
        <LineString>
          <tessellate>1</tessellate>
          <coordinates>
            -94.598308,39.750144,0
            -94.602217,39.74869,0
            -94.604294,39.74794,0
            -94.604819,39.747763,0
            -94.60514,39.747661,0
            -94.60567,39.747525,0
            -94.606204,39.747398,0
            -94.606617,39.747332,0
            -94.607571,39.74721,0
            -94.608084,39.747182,0
            -94.608768,39.747169,0
            -94.610492,39.74718,0
            -94.612906,39.747199,0
            -94.613289,39.747205,0
            -94.615843,39.74724,0
            -94.617976,39.747244,0
            -94.620065,39.747266,0
          </coordinates>
        </LineString>
        <LineString>
          <tessellate>1</tessellate>
          <coordinates>
            -94.620065,39.747266,0
            -94.620679,39.747272,0
            -94.627294,39.747313,0
            -94.631653,39.747343,0
            -94.633197,39.747363,0
            -94.634143,39.747368,0
            -94.635586,39.747389,0
            -94.642831,39.747438,0
            -94.645108,39.747467,0
            -94.648268,39.74748,0
            -94.651626,39.747477,0
            -94.660638,39.747553,0
            -94.662635,39.747566,0
            -94.664422,39.747575,0
            -94.664619,39.747576,0
            -94.675951,39.747688,0
            -94.683035,39.74773,0
            -94.692872,39.747805,0
            -94.698101,39.747849,0
            -94.703927,39.747881,0
            -94.711868,39.747917,0
            -94.721234,39.747992,0
            -94.721559,39.747994,0
            -94.721681,39.747995,0
            -94.721699,39.747995,0
            -94.722803,39.748004,0
            -94.724443,39.748017,0
            -94.72878,39.748043,0
            -94.730534,39.748054,0
            -94.732066,39.748063,0
            -94.744464,39.748139,0
          </coordinates>
        </LineString>
        <LineString>
          <tessellate>1</tessellate>
          <coordinates>
            -94.744464,39.748139,0
            -94.745393,39.748145,0
            -94.749893,39.748172,0
            -94.749999,39.748173,0
            -94.750127,39.748174,0
            -94.754188,39.748213,0
            -94.755203,39.748222,0
            -94.756621,39.748235,0
            -94.758262,39.748244,0
            -94.759219,39.748258,0
            -94.759633,39.748264,0
            -94.759952,39.748269,0
            -94.760399,39.748295,0
            -94.760955,39.748329,0
            -94.761518,39.748383,0
            -94.761987,39.748431,0
            -94.762777,39.748533,0
            -94.763673,39.748693,0
            -94.764039,39.748766,0
            -94.764971,39.748975,0
            -94.765897,39.749201,0
            -94.767752,39.749663,0
            -94.767923,39.749705,0
            -94.768145,39.74976,0
            -94.771444,39.75058,0
            -94.772187,39.750785,0
            -94.772684,39.75091,0
            -94.773448,39.751088,0
            -94.77453,39.751328,0
            -94.775376,39.751478,0
            -94.7757,39.751522,0
          </coordinates>
        </LineString>
        <LineString>
          <tessellate>1</tessellate>
          <coordinates>
            -94.7757,39.751522,0
            -94.776197,39.751589,0
            -94.777161,39.751689,0
            -94.778008,39.751729,0
            -94.779063,39.751739,0
            -94.780431,39.751679,0
            -94.781408,39.751579,0
            -94.782815,39.751378,0
            -94.78341,39.75127,0
            -94.78426,39.751114,0
            -94.785715,39.750767,0
            -94.78747,39.750221,0
            -94.788125,39.750014,0
            -94.788924,39.749752,0
            -94.789853,39.749422,0
            -94.790809,39.749028,0
            -94.791097,39.748909,0
          </coordinates>
        </LineString>
        <LineString>
          <tessellate>1</tessellate>
          <coordinates>
            -94.791097,39.748909,0
            -94.792949,39.748195,0
            -94.79307,39.748149,0
            -94.793666,39.747927,0
            -94.793882,39.74782,0
            -94.794309,39.747639,0
            -94.794975,39.74738,0
            -94.795599,39.747158,0
            -94.796331,39.74697,0
            -94.796739,39.74689,0
            -94.797029,39.746851,0
            -94.797321,39.746825,0
            -94.79766,39.746804,0
            -94.797957,39.746797,0
            -94.798254,39.746806,0
            -94.801826,39.747014,0
            -94.802496,39.747058,0
            -94.803732,39.747129,0
            -94.804968,39.747205,0
            -94.805568,39.747258,0
            -94.805973,39.747304,0
          </coordinates>
        </LineString>
        <LineString>
          <tessellate>1</tessellate>
          <coordinates>
            -94.805973,39.747304,0
            -94.80624,39.747334,0
            -94.806659,39.747389,0
            -94.807955,39.747554,0
            -94.808366,39.74759,0
            -94.808607,39.747607,0
            -94.808865,39.747618,0
            -94.809368,39.747629,0
            -94.812671,39.747664,0
            -94.813149,39.747669,0
            -94.817169,39.747711,0
            -94.817766,39.747717,0
            -94.819366,39.747737,0
            -94.821583,39.747761,0
            -94.8225,39.747775,0
            -94.823145,39.747769,0
            -94.823746,39.747745,0
            -94.824117,39.747726,0
            -94.824382,39.74771,0
            -94.824864,39.747671,0
            -94.825282,39.747628,0
            -94.825711,39.74758,0
            -94.826076,39.74753,0
            -94.826439,39.747475,0
            -94.826816,39.747404,0
            -94.827295,39.747298,0
            -94.827642,39.747204,0
            -94.828384,39.746974,0
          </coordinates>
        </LineString>
        <LineString>
          <tessellate>1</tessellate>
          <coordinates>
            -94.828384,39.746974,0
            -94.828533,39.746928,0
            -94.828831,39.746843,0
            -94.829069,39.746784,0
            -94.829383,39.746722,0
            -94.829687,39.746679,0
            -94.830018,39.746647,0
            -94.830399,39.74663,0
            -94.830692,39.746622,0
            -94.833909,39.746543,0
            -94.834291,39.746534,0
            -94.834835,39.74652,0
            -94.83548,39.746529,0
            -94.836134,39.746543,0
            -94.836837,39.746583,0
            -94.837281,39.746624,0
            -94.837689,39.746676,0
            -94.838136,39.746753,0
            -94.838693,39.74688,0
            -94.839039,39.746958,0
            -94.839359,39.747019,0
            -94.839672,39.74706,0
            -94.839989,39.747088,0
            -94.840344,39.747102,0
            -94.840752,39.747106,0
            -94.842407,39.747112,0
            -94.84275,39.747127,0
            -94.843063,39.747154,0
            -94.843345,39.747193,0
            -94.843617,39.747247,0
            -94.843876,39.747321,0
            -94.844131,39.747418,0
            -94.844277,39.747488,0
            -94.844508,39.747617,0
            -94.844685,39.747749,0
            -94.84487,39.747903,0
            -94.844979,39.748019,0
            -94.845139,39.748191,0
          </coordinates>
        </LineString>
        <LineString>
          <tessellate>1</tessellate>
          <coordinates>
            -94.845139,39.748191,0
            -94.845437,39.748511,0
            -94.845625,39.748681,0
            -94.845841,39.748844,0
            -94.846111,39.748989,0
            -94.846327,39.74909,0
            -94.846547,39.749173,0
            -94.846761,39.749231,0
            -94.847,39.749281,0
            -94.847226,39.749308,0
            -94.847449,39.74932,0
            -94.847643,39.749322,0
            -94.847759,39.749318,0
            -94.848244,39.749276,0
            -94.848299,39.749271,0
            -94.848567,39.749312,0
            -94.84867,39.749347,0
            -94.848765,39.749392,0
            -94.84885,39.749454,0
            -94.848908,39.749516,0
            -94.84895,39.749591,0
            -94.848975,39.749666,0
            -94.848989,39.749742,0
            -94.848977,39.749821,0
            -94.84895,39.749895,0
            -94.848914,39.74996,0
            -94.848859,39.750029,0
            -94.848799,39.750079,0
            -94.848697,39.750134,0
            -94.848579,39.750176,0
            -94.848391,39.750215,0
          </coordinates>
        </LineString>
        <LineString>
          <tessellate>1</tessellate>
          <coordinates>
            -94.848391,39.750215,0
            -94.848243,39.750245,0
            -94.848169,39.750275,0
            -94.848123,39.750311,0
            -94.848083,39.750349,0
            -94.848044,39.750405,0
            -94.847997,39.750485,0
            -94.847992,39.750753,0
            -94.847997,39.751686,0
            -94.848002,39.752621,0
            -94.848005,39.752793,0
          </coordinates>
        </LineString>
        <LineString>
          <tessellate>1</tessellate>
          <coordinates>
            -94.848005,39.752793,0
            -94.848017,39.753554,0
            -94.848026,39.754472,0
            -94.848027,39.754525,0
            -94.848026,39.754551,0
            -94.848028,39.754607,0
            -94.848029,39.755297,0
            -94.848029,39.75584,0
            -94.84803,39.755934,0
          </coordinates>
        </LineString>
      </MultiGeometry>
    </Placemark>
    <Placemark>