40.2851227	-96.8251653
40.28513	-96.82507
40.28514	-96.82496
40.28514	-96.82491
40.28514	-96.82477
40.28514	-96.82469
40.28515	-96.82461
40.28518	-96.8245
40.28519	-96.82446
40.28524	-96.82431
40.28525	-96.82428
40.28536	-96.82396
40.28538	-96.82388
40.28539	-96.8238
40.28539	-96.82369
40.28538	-96.82355
40.28537	-96.82344
40.28532	-96.82328
40.28529	-96.82317
40.28526	-96.82305
40.28526	-96.82304
40.28524	-96.82291
40.28523	-96.82281
40.28522	-96.82267
40.28521	-96.82248
40.28521	-96.82233
40.2852132	-96.8223276
40.2853	-96.82233
40.28548	-96.82232
40.28587	-96.82233
40.2858723	-96.822332
40.28582	-96.82181
40.28574	-96.82106
40.28573	-96.82094
40.28571	-96.8208
40.28562	-96.8199
40.2856	-96.81977
40.28554	-96.8192
40.28551	-96.81884
40.2855	-96.81873
40.28547	-96.8185
40.28543	-96.81803
40.28541	-96.81791
40.2854	-96.81779
40.28538	-96.81756
40.28536	-96.81733
40.28533	-96.81698
40.2853	-96.81664
40.28522	-96.81563
40.28516	-96.81486
40.28514	-96.81466
40.28507	-96.81364
40.28507	-96.8136
40.28504	-96.81329
40.28495	-96.81219
40.28488	-96.81134
40.28485	-96.81087
40.28479	-96.81014
40.28473	-96.80948
40.28464	-96.80872
40.28462	-96.80848
40.28461	-96.80841
40.28458	-96.80815
40.28449	-96.80752
40.28446	-96.80727
40.28436	-96.80666
40.28435	-96.80663
40.28432	-96.8064
40.2843	-96.80627
40.28425	-96.80599
40.28419	-96.80565
40.2841	-96.80513
40.28403	-96.80478
40.28391	-96.80417
40.28389	-96.80405
40.28379	-96.80358
40.28372	-96.80326
40.28369	-96.80313
40.28365	-96.80297
40.2835	-96.80236
40.2834	-96.80195
40.28333	-96.80167
40.28328	-96.80147
40.28324	-96.80131
40.28319	-96.80113
40.28311	-96.80083
40.28306	-96.80066
40.28292	-96.80013
40.28288	-96.79997
40.28273	-96.79942
40.28264	-96.79909
40.28246	-96.79844
40.28239	-96.79814
40.28232	-96.7979
40.282	-96.79668
40.28174	-96.79572
40.28156	-96.79506
40.28154	-96.79497
40.2815	-96.79484
40.28137	-96.79432
40.2812	-96.79373
40.28114	-96.79351
40.28108	-96.79329
40.28106	-96.79321
40.28096	-96.79287
40.28095	-96.79285
40.28082	-96.79241
40.28076	-96.79219
40.28072	-96.79205
40.28056	-96.79153
40.28049	-96.7913
40.28012	-96.79011
40.27954	-96.78829
40.27929	-96.78746
40.2791	-96.78685
40.27889	-96.78616
40.27866	-96.78541
40.27856	-96.78511
40.27842	-96.78469
40.2784241	-96.78469
40.2782	-96.78469
40.27806	-96.78469
40.27741	-96.78467
40.27706	-96.78464
40.27704	-96.78464
40.27696	-96.78463
40.27686	-96.78462
40.27662	-96.78461
40.27652	-96.78461
40.2765	-96.78461
40.27637	-96.7846
40.27634	-96.78461
40.27616	-96.78462
40.27614	-96.78462
40.27602	-96.78464
40.27591	-96.78465
40.27571	-96.78467
40.27564	-96.78468
40.27553	-96.78469
40.27514	-96.78472
40.27482	-96.78473
40.2747	-96.78473
40.27464	-96.78473
40.27446	-96.78473
40.27437	-96.78472
40.27366	-96.78469
40.27356	-96.78468
40.27338	-96.78465
40.27319	-96.78461
40.27302	-96.7846
40.27297	-96.7846
40.27284	-96.78461
40.27266	-96.78463
40.27257	-96.78464
40.27248	-96.78465
40.27241	-96.78466
40.27219	-96.78467
40.27176	-96.78466
40.27158	-96.78466
40.2714	-96.78466
40.27122	-96.78466
40.27119	-96.78466
40.27104	-96.78466
40.27051	-96.78466
40.27033	-96.78466
40.26961	-96.78466
40.26889	-96.78466
40.26871	-96.78466
40.26817	-96.78466
40.26781	-96.78466
40.26773	-96.78466
40.26711	-96.78465
40.26622	-96.78468
40.26613	-96.78468
40.26597	-96.78463
40.2659689	-96.7846332
40.2658	-96.78445
40.26569	-96.78433
40.26553	-96.78415
40.2655331	-96.7841508
40.26545	-96.78425
40.26541	-96.7843
40.26537	-96.78434
40.26534	-96.78437
40.2653	-96.7844
40.26525	-96.78443
40.26521	-96.78446
40.26518	-96.78448
40.26516	-96.7845
40.26513	-96.78451
40.26508	-96.78454
40.26503	-96.78457
40.26491	-96.78461
40.26487	-96.78463
40.2648	-96.78465
40.26476	-96.78465
40.26472	-96.78466
40.26468	-96.78467
40.26461	-96.78467
40.26454	-96.78467
40.26446	-96.78467
40.26437	-96.78467
40.26387	-96.78467
40.26288	-96.78466
40.26237	-96.78465
40.26156	-96.78464
40.26094	-96.78463
40.26021	-96.78463
40.25977	-96.78464
40.25964	-96.78464
40.25934	-96.78463
40.25913	-96.78463
40.25911	-96.78463
40.25898	-96.78462
40.25884	-96.78462
40.25876	-96.78461
40.25858	-96.78461
40.25841	-96.78461
40.25839	-96.78461
40.25815	-96.7846
40.25755	-96.78459
40.25753	-96.78459
40.25737	-96.78459
40.25735	-96.78459
40.25683	-96.78458
40.25568	-96.78455
40.25466	-96.78453
40.25377	-96.78451
40.25307	-96.78449
40.25217	-96.78448
40.25199	-96.78448
40.25073	-96.78446
40.25019	-96.78445
40.24911	-96.78443
40.24845	-96.78442
40.24768	-96.7844
40.24758	-96.7844
40.24696	-96.7844
40.24676	-96.7844
40.24624	-96.7844
40.24605	-96.7844
40.2452	-96.78438
40.24498	-96.78438
40.2448	-96.78438
40.24473	-96.78438
40.24426	-96.78437
40.2435	-96.78437
40.24232	-96.78436
40.2417	-96.78436
40.24152	-96.78436
40.24123	-96.78437
40.24068	-96.78436
40.24045	-96.78436
40.24002	-96.78436
40.23978	-96.78436
40.23883	-96.78435
40.23853	-96.78435
40.23827	-96.78436
40.23813	-96.78436
40.23759	-96.78436
40.23651	-96.78437
40.23633	-96.78437
40.23615	-96.78437
40.23543	-96.78437
40.23508	-96.78436
40.23479	-96.78436
40.23462	-96.78436
40.23397	-96.78435
40.23339	-96.78436
40.23258	-96.78436
40.23223	-96.78436
40.23102	-96.78434
40.23095	-96.78434
40.2301	-96.78434
40.22985	-96.78434
40.22963	-96.78434
40.22952	-96.78435
40.22938	-96.78435
40.2293	-96.78436
40.22924	-96.78436
40.22918	-96.78437
40.22912	-96.78437
40.22874	-96.78443
40.22865	-96.78444
40.2286	-96.78445
40.22847	-96.78447
40.22842	-96.78448
40.22832	-96.78451
40.22818	-96.78454
40.22807	-96.78457
40.22796	-96.7846
40.22783	-96.78463
40.22759	-96.78471
40.2273	-96.78481
40.22706	-96.78492
40.22679	-96.78504
40.22654	-96.78517
40.22622	-96.78536
40.22602	-96.78548
40.22585	-96.7856
40.22571	-96.7857
40.2256	-96.78577
40.22559	-96.78578
40.22549	-96.78586
40.22544	-96.78589
40.2254	-96.78593
40.22529	-96.78601
40.22517	-96.78611
40.22499	-96.78627
40.22498	-96.78628
40.22485	-96.78641
40.22477	-96.78649
40.22462	-96.78664
40.22444	-96.78683
40.22442	-96.78685
40.2243	-96.78699
40.22428	-96.787
40.22419	-96.78711
40.22411	-96.78721
40.22402	-96.78731
40.22389	-96.78748
40.2238	-96.7876
40.22372	-96.78771
40.22358	-96.78791
40.2235	-96.78803
40.2234	-96.78818
40.22331	-96.78832
40.22321	-96.78848
40.22315	-96.78858
40.22308	-96.78871
40.22289	-96.78905
40.22272	-96.78939
40.22265	-96.78954
40.22257	-96.78971
40.22254	-96.78978
40.22249	-96.7899
40.22248	-96.78992
40.22244	-96.79002
40.22228	-96.7904
40.22215	-96.79072
40.22204	-96.79099
40.22193	-96.79127
40.22181	-96.7916
40.22174	-96.79178
40.22169	-96.79195
40.22161	-96.79218
40.22158	-96.79229
40.22154	-96.79241
40.22148	-96.79265
40.2214	-96.79295
40.22132	-96.79329
40.22131	-96.79342
40.2213	-96.79352
40.2213	-96.79356
40.22129	-96.7936
40.22129	-96.79365
40.22124	-96.79387
40.22113	-96.79444
40.2211	-96.79458
40.22101	-96.79499
40.22095	-96.79529
40.22089	-96.79558
40.22055	-96.79716
40.22043	-96.79773
40.22034	-96.79819
40.22032	-96.79829
40.22028	-96.79844
40.22027	-96.79852
40.22023	-96.79868
40.22022	-96.79875
40.2202	-96.79886
40.22012	-96.79921
40.22002	-96.7997
40.22002	-96.79972
40.22001	-96.79973
40.22001	-96.79974
40.22	-96.79975
40.22	-96.79977
40.21999	-96.79978
40.21999	-96.79979
40.21998	-96.7998
40.21995	-96.79986
40.21985	-96.80037
40.2198	-96.80062
40.21975	-96.80087
40.21972	-96.80101
40.21969	-96.80115
40.21966	-96.80132
40.21964	-96.80145
40.21963	-96.8015
40.21962	-96.80158
40.2196	-96.80172
40.21958	-96.80185
40.21956	-96.802
40.21954	-96.80215
40.21953	-96.80226
40.21952	-96.80237
40.21951	-96.80248
40.2195	-96.80265
40.21949	-96.80284
40.21948	-96.80303
40.21947	-96.80322
40.21947	-96.8036
40.21946	-96.80393
40.21946	-96.80395
40.21946	-96.80416
40.21946	-96.80437
40.21946	-96.8051
40.21946	-96.80514
40.21946	-96.80522
40.21946	-96.80594
40.21946	-96.80694
40.21946	-96.80746
40.21946	-96.80788
40.21945	-96.80882
40.21945	-96.80891
40.21946	-96.80898
40.21945	-96.80984
40.21945	-96.81029
40.21945	-96.8116
40.21945	-96.81299
40.21945	-96.81394
40.21945	-96.81423
40.21945	-96.81523
40.21944	-96.8168
40.21944	-96.82009
40.21944	-96.82108
40.21944	-96.82231
40.21944	-96.82266
40.21944	-96.82353
40.21943	-96.82465
40.21943	-96.82567
40.21943	-96.82696
40.21943	-96.82825
40.21943	-96.82996
40.21943	-96.83002
40.21943	-96.83026
40.21943	-96.83053
40.21943	-96.83096
40.21943	-96.83154
40.21942	-96.83211
40.21942	-96.83282
40.21942	-96.83339
40.21942	-96.83382
40.21942	-96.83425
40.21942	-96.83481
40.21942	-96.8354
40.21942	-96.83611
40.21942	-96.83615
40.21942	-96.83683
40.21942	-96.83732
40.21942	-96.83827
40.21942	-96.8385
40.21942	-96.83868
40.21942	-96.8397
40.21941	-96.84082
40.21941	-96.84136
40.21941	-96.84155
40.21941	-96.84213
40.21941	-96.84313
40.21941	-96.84319
40.21941	-96.84342
40.2194	-96.84441
40.2194	-96.84498
40.2194	-96.84663
40.2194	-96.84812
40.2194	-96.84814
40.2194	-96.84861
40.2194	-96.84884
40.2194	-96.84977
40.21939	-96.85099
40.21939	-96.85171
40.21939	-96.85255
40.21939	-96.85327
40.21939	-96.85355
40.21939	-96.85427
40.21939	-96.8547
40.21939	-96.85473
40.21939	-96.85513
40.21939	-96.85585
40.21939	-96.85627
40.21939	-96.85683
40.21939	-96.85732
40.21939	-96.85755
40.21939	-96.85784
40.21938	-96.85826
40.21938	-96.8585
40.21938	-96.85869
40.21938	-96.85927
40.21938	-96.85999
40.21938	-96.86038
40.21938	-96.86071
40.21938	-96.86099
40.21938	-96.86128
40.21938	-96.86156
40.21938	-96.86185
40.21938	-96.86228
40.21938	-96.86284
40.21938	-96.86342
40.21938	-96.86389
40.21937	-96.86518
40.21937	-96.86543
40.21937	-96.86586
40.21937	-96.86642
40.21937	-96.86683
40.21937	-96.86706
40.21937	-96.86715
40.21937	-96.86757
40.21937	-96.86856
40.21937	-96.86928
40.21937	-96.86964
40.21937	-96.87019
40.21936	-96.87073
40.21936	-96.87151
40.21936	-96.87214
40.21936	-96.87225
40.21936	-96.87248
40.21936	-96.873
40.21936	-96.87385
40.21936	-96.87437
40.21936	-96.87448
40.21936	-96.87556
40.21935	-96.87599
40.21935	-96.87648
40.21935	-96.8767
40.21935	-96.87699
40.21935	-96.87741
40.21935	-96.87784
40.21935	-96.87842
40.21935	-96.87899
40.21935	-96.87927
40.21935	-96.87942
40.21935	-96.8797
40.21935	-96.88042
40.21934	-96.88113
40.21934	-96.88162
40.21934	-96.88212
40.21934	-96.88269
40.21934	-96.88297
40.21934	-96.88313
40.21934	-96.8837
40.21934	-96.88427
40.21934	-96.88486
40.21934	-96.88498
40.21934	-96.88509
40.21934	-96.8852
40.21934	-96.88541
40.21934	-96.88598
40.21933	-96.8867
40.21933	-96.88792
40.21933	-96.88933
40.21933	-96.88957
40.21933	-96.88976
40.21933	-96.89103
40.21933	-96.89169
40.21932	-96.89278
40.21932	-96.89359
40.21932	-96.89395
40.21932	-96.89419
40.21932	-96.89627
40.21931	-96.89749
40.21931	-96.8979
40.21931	-96.89842
40.21931	-96.89855
40.21931	-96.89913
40.21931	-96.89969
40.21931	-96.90057
40.21931	-96.90156
40.21931	-96.90162
40.21931	-96.90184
40.2193	-96.90285
40.2193	-96.90345
40.2193	-96.9035
40.2193	-96.90484
40.2193	-96.90583
40.2193	-96.90613
40.2193	-96.9067
40.21929	-96.90726
40.21929	-96.90756
40.21929	-96.90783
40.21929	-96.90799
40.21929	-96.90813
40.21928	-96.90842
40.21927	-96.90871
40.21927	-96.90885
40.21926	-96.90899
40.21925	-96.90913
40.21924	-96.90942
40.21923	-96.90956
40.21922	-96.90972
40.2192	-96.90985
40.21919	-96.91
40.21918	-96.91014
40.21915	-96.91041
40.21912	-96.9107
40.2191	-96.91093
40.21907	-96.91113
40.21903	-96.9114
40.21899	-96.91168
40.21897	-96.91183
40.21895	-96.91195
40.21892	-96.9121
40.21892	-96.91212
40.21891	-96.91218
40.21888	-96.91239
40.21882	-96.91269
40.21877	-96.91296
40.21873	-96.91313
40.21866	-96.91344
40.2186	-96.9137
40.21857	-96.91384
40.21849	-96.91413
40.21843	-96.91436
40.2184	-96.91446
40.21834	-96.91466
40.21826	-96.91489
40.2182	-96.91509
40.21811	-96.91534
40.21803	-96.91558
40.21793	-96.91582
40.21777	-96.91621
40.21773	-96.9163
40.2177	-96.91637
40.21758	-96.91667
40.21726	-96.91742
40.21702	-96.91798
40.21658	-96.919
40.2163	-96.91964
40.2163	-96.91965
40.21621	-96.91986
40.21612	-96.92006
40.21612	-96.92007
40.21593	-96.92051
40.21554	-96.92143
40.21533	-96.92191
40.2152	-96.92221
40.21494	-96.92282
40.21481	-96.92313
40.21467	-96.92344
40.21433	-96.92424
40.21394	-96.92516
40.21371	-96.9257
40.21344	-96.92632
40.21335	-96.92654
40.21326	-96.92674
40.21316	-96.92697
40.21288	-96.92763
40.21239	-96.92876
40.21221	-96.92919
40.21196	-96.92977
40.21171	-96.93035
40.21152	-96.93079
40.21132	-96.93126
40.21049	-96.93321
40.21033	-96.93358
40.21012	-96.93406
40.2098	-96.93481
40.20959	-96.93533
40.20947	-96.9356
40.20916	-96.93632
40.20903	-96.93664
40.20871	-96.93738
40.2084	-96.9381
40.20819	-96.9386
40.20808	-96.93885
40.20779	-96.93952
40.2074	-96.94043
40.20734	-96.94057
40.20729	-96.94069
40.20728	-96.94069
40.20709	-96.94115
40.20676	-96.94192
40.20649	-96.94254
40.2063	-96.94299
40.2061	-96.94345
40.20596	-96.94377
40.20573	-96.94431
40.20541	-96.94505
40.20524	-96.94544
40.20507	-96.94586
40.20476	-96.94658
40.20456	-96.94706
40.2041	-96.94808
40.20396	-96.94841
40.20389	-96.94858
40.2037	-96.94904
40.20351	-96.94947
40.20318	-96.95023
40.20294	-96.9508
40.20278	-96.95118
40.20249	-96.95185
40.2022	-96.95254
40.20199	-96.95303
40.20182	-96.95341
40.20162	-96.95387
40.20147	-96.95422
40.20106	-96.95521
40.20053	-96.95648
40.20032	-96.95699
40.19995	-96.95786
40.19941	-96.95916
40.19878	-96.96068
40.19872	-96.96084
40.19863	-96.96104
40.19861	-96.9611
40.19841	-96.96156
40.19823	-96.962
40.19812	-96.96229
40.19805	-96.96244
40.19788	-96.96285
40.19772	-96.96325
40.19761	-96.96352
40.19749	-96.96379
40.19739	-96.96403
40.19731	-96.96424
40.19715	-96.96463
40.19692	-96.96516
40.19682	-96.96541
40.19672	-96.96565
40.19655	-96.96605
40.19642	-96.96638
40.19622	-96.96685
40.19609	-96.96717
40.19606	-96.96725
40.19597	-96.96746
40.19597	-96.96747
40.1959	-96.96764
40.19579	-96.96789
40.19567	-96.9682
40.19552	-96.96855
40.1954	-96.96884
40.19523	-96.96925
40.19513	-96.96949
40.19503	-96.96971
40.19495	-96.96991
40.19488	-96.9701
40.19469	-96.97056
40.19459	-96.9708
40.19437	-96.97132
40.19423	-96.97167
40.19402	-96.97217
40.19364	-96.9731
40.19357	-96.97328
40.19341	-96.9737
40.19331	-96.97397
40.19313	-96.97445
40.19303	-96.97473
40.19298	-96.97486
40.19295	-96.97494
40.19286	-96.97517
40.19273	-96.97552
40.19263	-96.97578
40.19244	-96.97628
40.19238	-96.97646
40.1923	-96.97669
40.19222	-96.9769
40.19211	-96.97723
40.19199	-96.97759
40.19198	-96.97762
40.1919	-96.97788
40.1918	-96.97819
40.19169	-96.97856
40.19167	-96.97862
40.19165	-96.9787
40.19154	-96.9791
40.19146	-96.97939
40.19142	-96.97953
40.19137	-96.9797
40.19133	-96.97989
40.19129	-96.98001
40.19126	-96.98016
40.1912	-96.9804
40.19113	-96.98067
40.19106	-96.98097
40.191	-96.98127
40.19093	-96.98158
40.19089	-96.98177
40.19083	-96.98205
40.19072	-96.98263
40.19068	-96.98285
40.19055	-96.98365
40.19052	-96.98385
40.19049	-96.98406
40.19045	-96.98434
40.19039	-96.98477
40.19034	-96.98517
40.19029	-96.98556
40.19026	-96.98583
40.19024	-96.98604
40.19022	-96.98627
40.19021	-96.9864
40.19018	-96.98669
40.19016	-96.98695
40.19013	-96.98736
40.19011	-96.98765
40.19009	-96.98806
40.19008	-96.98833
40.19006	-96.98872
40.19005	-96.98924
40.19004	-96.98967
40.19004	-96.98999
40.19004	-96.99029
40.19004	-96.99085
40.19004	-96.99098
40.19004	-96.99147
40.19004	-96.99216
40.19004	-96.99255
40.19004	-96.99323
40.19004	-96.99357
40.19004	-96.99406
40.19004	-96.99428
40.19004	-96.99466
40.19004	-96.99507
40.19004	-96.9954
40.19004	-96.99572
40.19005	-96.99601
40.19006	-96.99633
40.19006	-96.9967
40.19007	-96.99706
40.19008	-96.99734
40.19009	-96.99764
40.19009	-96.9978
40.19009	-96.99794
40.19009	-96.99818
40.19009	-96.99848
40.19009	-96.99897
40.19009	-96.99928
40.19009	-96.99978
40.19009	-97.00021
40.19009	-97.00073
40.19009	-97.0009
40.19009	-97.00122
40.19008	-97.00151
40.19008	-97.00164
40.19007	-97.00196
40.19006	-97.0025
40.19005	-97.00298
40.19005	-97.00331
40.19004	-97.00351
40.19004	-97.00354
40.19004	-97.00366
40.19004	-97.00378
40.19004	-97.00406
40.19004	-97.00463
40.19004	-97.00485
40.19004	-97.00514
40.19004	-97.00574
40.19004	-97.00637
40.19004	-97.00677
40.19004	-97.00699
40.19004	-97.00762
40.19004	-97.00845
40.19004	-97.0088
40.19004	-97.00912
40.19004	-97.00936
40.19004	-97.00959
40.19004	-97.00988
40.19004	-97.01049
40.19003	-97.01098
40.19004	-97.01127
40.19004	-97.01187
40.19004	-97.01206
40.19004	-97.01233
40.19004	-97.01288
40.19004	-97.01364
40.19004	-97.01404
40.19004	-97.01446
40.19004	-97.01474
40.19004	-97.01545
40.19004	-97.01569
40.19004	-97.01605
40.19004	-97.01648
40.19004	-97.01663
40.19004	-97.01696
40.19004	-97.01746
40.19004	-97.01794
40.19004	-97.01829
40.19004	-97.01882
40.19004	-97.01968
40.19004	-97.0205
40.19004	-97.02117
40.19004	-97.02203
40.19004	-97.0226
40.19004	-97.02346
40.19004	-97.02371
40.19004	-97.02393
40.19004	-97.02416
40.19004	-97.02428
40.19004	-97.0244
40.19004	-97.02483
40.19004	-97.02537
40.19004	-97.02575
40.19004	-97.02605
40.19004	-97.0263
40.19003	-97.0269
40.19003	-97.02734
40.19003	-97.02759
40.19003	-97.02804
40.19003	-97.02849
40.19003	-97.02946
40.19004	-97.03088
40.19004	-97.0314
40.19004	-97.03252
40.19004	-97.03325
40.19003	-97.03376
40.19003	-97.03416
40.19003	-97.03449
40.19003	-97.03469
40.19003	-97.03489
40.19002	-97.03525
40.19002	-97.03552
40.19001	-97.03574
40.19001	-97.03591
40.19	-97.03631
40.18999	-97.03686
40.18999	-97.03707
40.18999	-97.0371
40.18998	-97.03715
40.18998	-97.03721
40.18998	-97.0375
40.18998	-97.0377
40.18998	-97.03802
40.18998	-97.03824
40.18998	-97.03847
40.18998	-97.03878
40.18998	-97.03936
40.18998	-97.03952
40.18999	-97.03999
40.19	-97.04033
40.19001	-97.04081
40.19002	-97.04133
40.19002	-97.0414
40.19003	-97.04167
40.19003	-97.04201
40.19003	-97.04243
40.19003	-97.0429
40.19003	-97.04315
40.19003	-97.04333
40.19003	-97.04606
40.19003	-97.04656
40.19003	-97.04706
40.19003	-97.04746
40.19003	-97.04839
40.19003	-97.04859
40.19003	-97.04901
40.19003	-97.04959
40.19003	-97.05019
40.19003	-97.05048
40.19003	-97.05053
40.19003	-97.05082
40.19003	-97.0516
40.19003	-97.05202
40.19003	-97.05261
40.19003	-97.0528
40.19003	-97.05296
40.19003	-97.05324
40.19003	-97.05417
40.19003	-97.05442
40.19003	-97.05567
40.19003	-97.05627
40.19003	-97.05681
40.19003	-97.05764
40.19003	-97.05828
40.19003	-97.05869
40.19003	-97.05963
40.19003	-97.06021
40.19003	-97.06028
40.19003	-97.06051
40.19003	-97.06124
40.19003	-97.0616
40.19004	-97.06211
40.19005	-97.06285
40.19005	-97.06311
40.19005	-97.06341
40.19006	-97.06425
40.19006	-97.06448
40.19006	-97.06473
40.19006	-97.06495
40.19006	-97.06512
40.19005	-97.0653
40.19005	-97.06543
40.19005	-97.06554
40.19004	-97.06565
40.19004	-97.06576
40.19003	-97.06586
40.19003	-97.06596
40.19002	-97.06607
40.19001	-97.06618
40.19	-97.06631
40.18999	-97.06646
40.18998	-97.06657
40.18996	-97.06681
40.18994	-97.067
40.18992	-97.06717
40.1899	-97.0673
40.18988	-97.06748
40.18984	-97.06778
40.18982	-97.06793
40.18981	-97.06803
40.18979	-97.06816
40.18973	-97.06848
40.18968	-97.06877
40.18965	-97.06893
40.18962	-97.06908
40.18959	-97.06919
40.18955	-97.06936
40.18951	-97.06956
40.18946	-97.06975
40.18944	-97.06985
40.18942	-97.06993
40.1894	-97.07
40.18938	-97.07009
40.1893	-97.07035
40.18924	-97.07056
40.18918	-97.07077
40.18914	-97.07091
40.1891	-97.07102
40.18906	-97.07116
40.18902	-97.07128
40.18898	-97.07138
40.18889	-97.07165
40.18877	-97.07198
40.18873	-97.07208
40.1887	-97.07216
40.18867	-97.07224
40.1885	-97.07267
40.18832	-97.07312
40.18823	-97.07336
40.18813	-97.07361
40.18803	-97.07383
40.18792	-97.07411
40.18779	-97.07443
40.1877	-97.07465
40.18763	-97.07481
40.1876	-97.07486
40.18755	-97.07499
40.18747	-97.07515
40.18734	-97.07547
40.18727	-97.07563
40.18721	-97.07578
40.18714	-97.07596
40.18683	-97.07672
40.18679	-97.0768
40.18669	-97.07706
40.18661	-97.07725
40.1865	-97.0775
40.18645	-97.07762
40.18594	-97.07882
40.18585	-97.07904
40.18573	-97.07933
40.18564	-97.07956
40.18562	-97.07961
40.18546	-97.07998
40.18543	-97.08006
40.18537	-97.08019
40.18524	-97.08048
40.18514	-97.0807
40.18447	-97.08212
40.18379	-97.08357
40.18313	-97.08496
40.18283	-97.08559
40.1825	-97.08629
40.18247	-97.08635
40.18241	-97.08649
40.18234	-97.08662
40.18231	-97.08669
40.18229	-97.08675
40.18217	-97.08699
40.18205	-97.08722
40.1818	-97.0877
40.18162	-97.08805
40.18141	-97.08843
40.18136	-97.08853
40.18111	-97.08899
40.18098	-97.08923
40.1808	-97.08959
40.18068	-97.08983
40.18062	-97.08995
40.18038	-97.09044
40.18031	-97.09057
40.18012	-97.09097
40.18003	-97.09117
40.17953	-97.09224
40.17923	-97.09287
40.17854	-97.09434
40.17814	-97.09518
40.17784	-97.09582
40.17739	-97.09678
40.17707	-97.09746
40.17613	-97.09945
40.17559	-97.10059
40.17533	-97.10116
40.17518	-97.10146
40.17488	-97.1021
40.17467	-97.10256
40.17446	-97.10299
40.17426	-97.10343
40.17408	-97.1038
40.17393	-97.10412
40.17354	-97.10495
40.17336	-97.10534
40.17331	-97.10543
40.17312	-97.10584
40.17293	-97.10624
40.17269	-97.10676
40.17258	-97.10699
40.17246	-97.10724
40.17237	-97.10743
40.17228	-97.10761
40.17217	-97.10785
40.17195	-97.10833
40.17178	-97.10869
40.1716	-97.10907
40.17131	-97.10969
40.17116	-97.11001
40.17096	-97.11042
40.17087	-97.11064
40.17079	-97.11081
40.17069	-97.11105
40.17058	-97.11133
40.17048	-97.11157
40.17036	-97.11189
40.17029	-97.11206
40.1702	-97.11232
40.17009	-97.11262
40.16997	-97.11302
40.16986	-97.11335
40.16977	-97.11366
40.1697	-97.11389
40.16965	-97.11407
40.16949	-97.11472
40.16943	-97.11495
40.16927	-97.11557
40.16902	-97.11652
40.16881	-97.11734
40.16867	-97.1179
40.16856	-97.11831
40.16846	-97.1187
40.16845	-97.11874
40.16839	-97.11896
40.16838	-97.119
40.16828	-97.1194
40.1682	-97.1197
40.16813	-97.11998
40.16806	-97.12024
40.168	-97.12047
40.16794	-97.12073
40.16789	-97.12095
40.16783	-97.12119
40.16778	-97.12144
40.16773	-97.12175
40.16769	-97.12204
40.16766	-97.1223
40.16763	-97.12252
40.16762	-97.12273
40.1676	-97.12295
40.16758	-97.12316
40.16757	-97.1234
40.16753	-97.12416
40.16747	-97.12512
40.16745	-97.12546
40.16743	-97.12577
40.16741	-97.12604
40.1674	-97.12619
40.16739	-97.12626
40.16739	-97.12632
40.16738	-97.12644
40.16737	-97.1265
40.16735	-97.1267
40.16733	-97.12691
40.1673	-97.12711
40.16728	-97.1273
40.16726	-97.12748
40.16722	-97.12775
40.16719	-97.12798
40.16716	-97.12815
40.16711	-97.12844
40.16704	-97.12884
40.16699	-97.12913
40.16693	-97.12942
40.16689	-97.12969
40.16683	-97.12999
40.16678	-97.13029
40.16674	-97.13051
40.16671	-97.13069
40.16668	-97.13086
40.16663	-97.1311
40.16659	-97.13133
40.16658	-97.13139
40.16651	-97.1318
40.16638	-97.13248
40.16603	-97.13444
40.16595	-97.13489
40.16591	-97.13514
40.16583	-97.13555
40.16573	-97.1361
40.16561	-97.13682
40.16548	-97.13751
40.16544	-97.13774
40.16538	-97.13811
40.16525	-97.1388
40.16519	-97.13912
40.16511	-97.13962
40.165	-97.1402
40.1649	-97.14075
40.16483	-97.14118
40.16478	-97.14144
40.16474	-97.14162
40.16472	-97.14175
40.16469	-97.14189
40.16464	-97.14208
40.16459	-97.1423
40.16456	-97.14242
40.16453	-97.14254
40.16449	-97.14267
40.16444	-97.14284
40.16439	-97.143
40.16433	-97.14319
40.16427	-97.14335
40.16423	-97.14347
40.1642	-97.14357
40.16414	-97.14372
40.16408	-97.14386
40.16398	-97.1441
40.16385	-97.14439
40.16378	-97.14453
40.16372	-97.14467
40.16367	-97.14476
40.16363	-97.14485
40.16359	-97.14492
40.16356	-97.14498
40.16351	-97.14506
40.16346	-97.14516
40.1634	-97.14526
40.16336	-97.14533
40.16332	-97.14539
40.16328	-97.14546
40.16323	-97.14555
40.16317	-97.14565
40.16311	-97.14573
40.16305	-97.14582
40.16299	-97.14592
40.16291	-97.14603
40.16283	-97.14615
40.16266	-97.14637
40.16257	-97.14648
40.16247	-97.14661
40.16242	-97.14666
40.16235	-97.14675
40.16226	-97.14685
40.16219	-97.14693
40.16197	-97.14716
40.16189	-97.14724
40.1617	-97.14744
40.16133	-97.14783
40.16106	-97.14811
40.16091	-97.14827
40.15985	-97.14939
40.15827	-97.15105
40.15758	-97.15177
40.1571	-97.15228
40.15677	-97.15262
40.15634	-97.15306
40.15593	-97.1535
40.15573	-97.15371
40.15528	-97.15418
40.15496	-97.15452
40.15488	-97.1546
40.15479	-97.15469
40.15474	-97.15474
40.15436	-97.15514
40.15432	-97.15519
40.15405	-97.15547
40.15376	-97.15578
40.15362	-97.15592
40.15337	-97.15618
40.15286	-97.15672
40.15252	-97.15708
40.15222	-97.15739
40.15188	-97.15775
40.15129	-97.15836
40.15108	-97.15858
40.15074	-97.15894
40.15057	-97.15912
40.15033	-97.15938
40.15014	-97.15957
40.14969	-97.16005
40.14955	-97.16019
40.14918	-97.16058
40.14912	-97.16063
40.14885	-97.16092
40.14884	-97.16093
40.1487	-97.16108
40.14859	-97.1612
40.14842	-97.16137
40.1483	-97.16151
40.14818	-97.16165
40.14815	-97.16168
40.14804	-97.16184
40.14793	-97.16198
40.14784	-97.1621
40.14776	-97.16222
40.1477	-97.16232
40.14763	-97.16243
40.14757	-97.16253
40.14752	-97.16261
40.14742	-97.1628
40.14736	-97.16292
40.14733	-97.16298
40.1473	-97.16305
40.14726	-97.16312
40.14722	-97.16322
40.14717	-97.16334
40.14716	-97.16335
40.1471	-97.16349
40.14707	-97.16358
40.14703	-97.16368
40.14699	-97.16378
40.14694	-97.16393
40.14689	-97.16408
40.14684	-97.16425
40.1468	-97.16441
40.14674	-97.16464
40.14671	-97.16478
40.14668	-97.16491
40.14666	-97.16504
40.14663	-97.16518
40.14661	-97.16528
40.1466	-97.16537
40.14659	-97.16548
40.14658	-97.16555
40.14657	-97.1656
40.14656	-97.16569
40.14655	-97.16577
40.14654	-97.16587
40.14653	-97.16602
40.14652	-97.16613
40.14652	-97.16629
40.14651	-97.1665
40.14651	-97.16676
40.1465	-97.16698
40.1465	-97.1671
40.1465	-97.16734
40.1465	-97.16748
40.1465	-97.1682
40.1465	-97.16844
40.14649	-97.16938
40.14651	-97.16947
40.14652	-97.16949
40.14652	-97.16951
40.14652	-97.16956
40.14653	-97.16968
40.14654	-97.16983
40.14655	-97.16995
40.14656	-97.17012
40.14656	-97.1703
40.14656	-97.17063
40.14656	-97.17116
40.14655	-97.17177
40.14656	-97.17238
40.14656	-97.17309
40.14657	-97.17345
40.14657	-97.17379
40.14657	-97.17426
40.14657	-97.1745
40.14658	-97.17534
40.14658	-97.17583
40.14658	-97.1765
40.14658	-97.17718
40.14659	-97.17788
40.14659	-97.17855
40.14659	-97.17933
40.1466	-97.17991
40.1466	-97.18008
40.1466	-97.18026
40.1466	-97.18032
40.14659	-97.1805
40.14659	-97.18059
40.14658	-97.18092
40.14657	-97.18127
40.14653	-97.18143
40.14653	-97.18195
40.14654	-97.18262
40.14654	-97.18333
40.14654	-97.18398
40.14655	-97.18468
40.14655	-97.18536
40.14655	-97.18672
40.14655	-97.18808
40.14656	-97.18896
40.14656	-97.18948
40.14656	-97.1899
40.14656	-97.19037
40.14656	-97.19046
40.14656	-97.1906
40.14656	-97.19071
40.14657	-97.19199
40.14657	-97.19272
40.14656	-97.19311
40.14656	-97.19351
40.14656	-97.1939
40.14655	-97.19512
40.14655	-97.19555
40.14655	-97.19583
40.14655	-97.19606
40.14655	-97.1963
40.14655	-97.19653
40.14655	-97.19669
40.14655	-97.197
40.14655	-97.19834
40.14655	-97.19902
40.14655	-97.20018
40.14655	-97.20048
40.14655	-97.20083
40.14655	-97.20238
40.14655	-97.20328
40.14655	-97.20335
40.14656	-97.20399
40.14656	-97.20422
40.14656	-97.20439
40.14657	-97.20516
40.14659	-97.20634
40.14659	-97.20644
40.14659	-97.20734
40.14661	-97.20875
40.14661	-97.20887
40.14661	-97.20899
40.14662	-97.2104
40.14664	-97.21166
40.14664	-97.21181
40.14664	-97.21205
40.14665	-97.21333
40.14665	-97.21433
40.14665	-97.2145
40.14666	-97.21474
40.14666	-97.21511
40.14666	-97.21686
40.14666	-97.21709
40.14667	-97.21794
40.14667	-97.21859
40.14667	-97.21947
40.14667	-97.21994
40.14667	-97.22041
40.14668	-97.22158
40.14668	-97.22187
40.14668	-97.2229
40.14668	-97.22402
40.14669	-97.22441
40.14669	-97.22464
40.14669	-97.22488
40.14669	-97.22534
40.14669	-97.2263
40.14669	-97.22653
40.14669	-97.22676
40.14669	-97.22682
40.14669	-97.227
40.1467	-97.22793
40.14671	-97.22881
40.14671	-97.22935
40.14672	-97.22982
40.14672	-97.23005
40.14672	-97.23017
40.14674	-97.2312
40.14674	-97.23123
40.14675	-97.23203
40.14676	-97.23289
40.14676	-97.23311
40.14676	-97.23358
40.14676	-97.23382
40.14677	-97.2344
40.14677	-97.235
40.14677	-97.23523
40.14677	-97.23545
40.14678	-97.23735
40.14678	-97.23774
40.14678	-97.23875
40.14679	-97.23941
40.14679	-97.23992
40.14679	-97.24016
40.14679	-97.24027
40.14679	-97.24098
40.14679	-97.24155
40.1468	-97.24196
40.1468	-97.2429
40.1468	-97.24345
40.1468	-97.24398
40.1468	-97.24479
40.14681	-97.24642
40.14682	-97.24802
40.14682	-97.24829
40.14682	-97.24865
40.14684	-97.2504
40.14684	-97.25088
40.14688	-97.25399
40.14689	-97.25478
40.14689	-97.25559
40.14688	-97.25744
40.14687	-97.2599
40.14687	-97.26032
40.14687	-97.26059
40.14687	-97.26131
40.14687	-97.26221
40.14687	-97.2623
40.14687	-97.26268
40.14688	-97.26323
40.14688	-97.26528
40.14689	-97.26672
40.14689	-97.26738
40.1469	-97.268
40.14691	-97.26974
40.14693	-97.27253
40.14694	-97.27468
40.14696	-97.27751
40.14696	-97.27774
40.14697	-97.27925
40.14697	-97.28008
40.14697	-97.28063
40.14697	-97.28224
40.14699	-97.28697
40.14699	-97.28787
40.147	-97.291
40.147	-97.29123
40.14701	-97.29333
40.14701	-97.29382
40.14702	-97.29601
40.14702	-97.29645
40.14702	-97.29703
40.14703	-97.29757
40.14703	-97.2979
40.14706	-97.30008
40.14707	-97.30054
40.14708	-97.30157
40.14709	-97.30275
40.14709	-97.30465
40.14709	-97.30583
40.14709	-97.30606
40.14709	-97.307
40.14709	-97.30842
40.14709	-97.30956
40.1471	-97.31057
40.1471	-97.31261
40.14711	-97.31401
40.14711	-97.31424
40.14711	-97.3145
40.14711	-97.31654
40.14711	-97.31754
40.14712	-97.32039
40.14712	-97.32142
40.14712	-97.32318
40.14712	-97.32433
40.14712	-97.32465
40.14712	-97.32517
40.14713	-97.32569
40.14713	-97.32715
40.14714	-97.32865
40.14714	-97.32912
40.14714	-97.32928
40.14714	-97.32936
40.14714	-97.3303
40.14714	-97.33053
40.14714	-97.33148
40.14714	-97.33223
40.14714	-97.33396
40.14714	-97.3343
40.14714	-97.3346
40.14715	-97.33511
40.14715	-97.33618
40.14715	-97.33706
40.14715	-97.33736
40.14715	-97.33802
40.14715	-97.33903
40.14716	-97.33989
40.14716	-97.33995
40.14716	-97.34048
40.14716	-97.34087
40.14716	-97.34112
40.14716	-97.34136
40.14716	-97.34203
40.14716	-97.343
40.14716	-97.34301
40.14716	-97.34413
40.14716	-97.34508
40.14716	-97.34531
40.14716	-97.34697
40.14717	-97.34886
40.14716	-97.35038
40.14717	-97.35177
40.14717	-97.35227
40.14718	-97.35386
40.14718	-97.35412
40.14718	-97.35435
40.14719	-97.35527
40.14719	-97.35593
40.1472	-97.35674
40.1472	-97.35753
40.14721	-97.35793
40.14721	-97.35858
40.14721	-97.35902
40.14721	-97.35992
40.1472	-97.36053
40.1472	-97.36162
40.1472	-97.36231
40.1472	-97.36265
40.14719	-97.36426
40.14718	-97.36518
40.14717	-97.36592
40.14717	-97.36641
40.14717	-97.36665
40.14717	-97.36695
40.14716	-97.36782
40.14716	-97.36806
40.14716	-97.36917
40.14715	-97.37
40.14715	-97.37028
40.14715	-97.37051
40.14715	-97.37105
40.14714	-97.3729
40.14714	-97.3744
40.14713	-97.37499
40.14713	-97.37522
40.14713	-97.37623
40.14713	-97.37663
40.14713	-97.37828
40.14712	-97.38066
40.14712	-97.3816
40.14712	-97.38213
40.14711	-97.38283
40.14711	-97.38307
40.14711	-97.3848
40.14711	-97.38495
40.1471	-97.38542
40.1471	-97.38753
40.1471	-97.38761
40.1471	-97.38828
40.14709	-97.38966
40.14709	-97.38989
40.14709	-97.38994
40.14709	-97.3906
40.14709	-97.39131
40.14709	-97.39201
40.14709	-97.39279
40.14709	-97.3942
40.14709	-97.39444
40.14709	-97.39486
40.14709	-97.39524
40.14709	-97.39561
40.14709	-97.39575
40.14708	-97.39672
40.14708	-97.39796
40.14708	-97.39987
40.14708	-97.40069
40.14707	-97.401
40.14707	-97.40136
40.14707	-97.40182
40.14707	-97.40206
40.14706	-97.40225
40.14706	-97.40239
40.14705	-97.40256
40.14703	-97.40287
40.14702	-97.40304
40.147	-97.40323
40.14698	-97.40338
40.14697	-97.4035
40.14696	-97.40362
40.14695	-97.40373
40.14693	-97.40385
40.14692	-97.40398
40.1469	-97.40409
40.14688	-97.40421
40.14685	-97.40438
40.14683	-97.40453
40.1468	-97.40471
40.14675	-97.40496
40.14673	-97.40508
40.1467	-97.40523
40.14667	-97.40538
40.14664	-97.40551
40.14661	-97.40562
40.14657	-97.40577
40.14654	-97.40591
40.1465	-97.40605
40.14646	-97.4062
40.14639	-97.40643
40.14634	-97.40659
40.1463	-97.40672
40.14627	-97.40683
40.14623	-97.40695
40.14618	-97.4071
40.14611	-97.40728
40.14601	-97.40758
40.14592	-97.40782
40.14583	-97.40805
40.14575	-97.40825
40.14569	-97.40838
40.14563	-97.40852
40.14557	-97.40866
40.14551	-97.40881
40.14545	-97.40892
40.14541	-97.409
40.14536	-97.40909
40.14528	-97.40924
40.14512	-97.40953
40.14502	-97.40971
40.14484	-97.41003
40.14472	-97.41025
40.1446	-97.41046
40.14448	-97.41068
40.14437	-97.41088
40.1443	-97.41102
40.14421	-97.41119
40.14413	-97.41136
40.14405	-97.41155
40.14399	-97.41168
40.14393	-97.41182
40.14388	-97.41194
40.14382	-97.41208
40.14377	-97.41224
40.14371	-97.4124
40.14364	-97.41263
40.14358	-97.41281
40.14355	-97.41294
40.14352	-97.41306
40.14349	-97.41319
40.14346	-97.41327
40.14344	-97.41338
40.1434	-97.41359
40.14336	-97.41378
40.14333	-97.41394
40.14331	-97.41408
40.14329	-97.41422
40.14327	-97.41439
40.14325	-97.41456
40.14323	-97.41472
40.14321	-97.41496
40.1432	-97.41514
40.14319	-97.4153
40.14319	-97.41552
40.14319	-97.41568
40.14319	-97.41584
40.14319	-97.41606
40.14322	-97.41658
40.14322	-97.41665
40.14327	-97.41737
40.1433	-97.41799
40.14333	-97.41847
40.14335	-97.4187
40.14336	-97.41882
40.1434	-97.41954
40.14343	-97.41997
40.14345	-97.42031
40.14347	-97.42058
40.14347	-97.4207
40.14348	-97.42081
40.14349	-97.42101
40.14351	-97.4213
40.14352	-97.42152
40.14354	-97.42175
40.14355	-97.42193
40.14358	-97.42245
40.14359	-97.42263
40.14361	-97.42292
40.14364	-97.42331
40.14367	-97.42377
40.14371	-97.42447
40.14374	-97.42502
40.14378	-97.42555
40.14381	-97.42597
40.14384	-97.42631
40.14387	-97.42661
40.14391	-97.42689
40.14394	-97.42716
40.14396	-97.42732
40.14399	-97.42754
40.14402	-97.42774
40.14407	-97.42803
40.14411	-97.4283
40.14414	-97.42846
40.14418	-97.42866
40.14422	-97.42888
40.14427	-97.4291
40.14431	-97.42928
40.14435	-97.42946
40.1444	-97.42969
40.14446	-97.42996
40.14452	-97.43018
40.1446	-97.4305
40.14464	-97.43063
40.14468	-97.43076
40.14471	-97.43087
40.14475	-97.43101
40.14479	-97.43114
40.14482	-97.43126
40.14486	-97.43138
40.1449	-97.4315
40.14496	-97.43168
40.14504	-97.43193
40.14513	-97.43219
40.14519	-97.43234
40.14528	-97.43259
40.14534	-97.43277
40.14551	-97.43325
40.1456	-97.43347
40.14565	-97.43362
40.14568	-97.43373
40.14573	-97.43388
40.1458	-97.43408
40.14587	-97.43429
40.14594	-97.43452
40.146	-97.43469
40.14603	-97.4348
40.14605	-97.43488
40.14609	-97.43501
40.14615	-97.43522
40.14622	-97.43549
40.14627	-97.4357
40.14629	-97.43576
40.14633	-97.43594
40.14638	-97.43614
40.14641	-97.4363
40.14648	-97.4366
40.14654	-97.43687
40.14657	-97.43704
40.14662	-97.43726
40.14667	-97.43754
40.14671	-97.4378
40.14674	-97.43797
40.14681	-97.43844
40.14687	-97.43892
40.14687	-97.43893
40.14691	-97.43923
40.14694	-97.43957
40.14696	-97.43978
40.14698	-97.44
40.14699	-97.44009
40.147	-97.44024
40.14702	-97.44056
40.14704	-97.44082
40.14705	-97.44109
40.14706	-97.44137
40.14706	-97.44146
40.14707	-97.44163
40.14707	-97.4417
40.14707	-97.44215
40.14707	-97.4424
40.14707	-97.44264
40.14707	-97.44328
40.14706	-97.44358
40.14706	-97.44382
40.14706	-97.44476
40.14705	-97.44745
40.14705	-97.44886
40.14705	-97.4491
40.14705	-97.44933
40.14705	-97.45074
40.14705	-97.45199
40.14705	-97.45254
40.14705	-97.45293
40.14705	-97.45478
40.14704	-97.45623
40.14704	-97.45693
40.14704	-97.45787
40.14704	-97.45837
40.14704	-97.45858
40.14703	-97.45881
40.14703	-97.45952
40.14703	-97.45989
40.14703	-97.46046
40.14703	-97.4607
40.14703	-97.46093
40.14703	-97.4614
40.14703	-97.46164
40.14703	-97.46173
40.14703	-97.46234
40.14703	-97.46258
40.14702	-97.46352
40.14701	-97.46564
40.14701	-97.46728
40.14701	-97.46758
40.14701	-97.46799
40.147	-97.4687
40.147	-97.46893
40.147	-97.46917
40.147	-97.47004
40.14699	-97.47122
40.14699	-97.47239
40.14698	-97.47357
40.14698	-97.4738
40.14698	-97.47427
40.14698	-97.47451
40.14698	-97.47498
40.14698	-97.47522
40.14697	-97.47828
40.14696	-97.47851
40.14696	-97.47925
40.14696	-97.47969
40.14696	-97.48016
40.14695	-97.48039
40.14695	-97.48211
40.14694	-97.48369
40.14694	-97.48392
40.14694	-97.48416
40.14694	-97.48426
40.14694	-97.48507
40.14694	-97.4851
40.14694	-97.48557
40.14694	-97.48573
40.14695	-97.48651
40.14696	-97.48698
40.14696	-97.48722
40.14697	-97.48769
40.14698	-97.48853
40.14699	-97.48957
40.147	-97.48981
40.147	-97.49028
40.147	-97.4903
40.14701	-97.49051
40.14701	-97.49098
40.14702	-97.49192
40.14703	-97.49204
40.14705	-97.49366
40.14705	-97.49428
40.14706	-97.49498
40.14707	-97.49522
40.14708	-97.49616
40.14709	-97.49707
40.1471	-97.49778
40.1471	-97.49825
40.14711	-97.49872
40.14714	-97.50083
40.14717	-97.50286
40.14717	-97.50295
40.14718	-97.50392
40.14718	-97.50436
40.1472	-97.50554
40.1472	-97.50577
40.1472	-97.50598
40.1472	-97.50648
40.14721	-97.50718
40.14721	-97.50719
40.14721	-97.50766
40.14721	-97.5086
40.14721	-97.50883
40.14721	-97.50922
40.14721	-97.50977
40.14721	-97.51001
40.14721	-97.51095
40.14721	-97.51131
40.14721	-97.51142
40.14721	-97.51283
40.14721	-97.51307
40.14722	-97.51394
40.14722	-97.51447
40.14721	-97.51518
40.14722	-97.51737
40.14722	-97.51784
40.14722	-97.51996
40.14722	-97.52129
40.14722	-97.52153
40.14722	-97.52247
40.14723	-97.52324
40.14723	-97.52466
40.14723	-97.52489
40.14723	-97.52513
40.14723	-97.52654
40.14723	-97.53007
40.14724	-97.53266
40.14724	-97.53407
40.14724	-97.5343
40.14724	-97.53524
40.14724	-97.53548
40.14724	-97.53642
40.14724	-97.53666
40.14724	-97.53689
40.14724	-97.5376
40.14724	-97.53877
40.14725	-97.54066
40.14725	-97.54135
40.14725	-97.54136
40.14725	-97.54207
40.14726	-97.54304
40.14726	-97.54466
40.14726	-97.5456
40.14727	-97.54657
40.14727	-97.54798
40.14727	-97.54821
40.14727	-97.54939
40.14727	-97.54963
40.14727	-97.5501
40.14727	-97.55033
40.14727	-97.55049
40.14727	-97.55104
40.14727	-97.55127
40.14727	-97.55211
40.14727	-97.55245
40.14726	-97.55268
40.14726	-97.55282
40.14726	-97.55339
40.14726	-97.5541
40.14726	-97.55433
40.14726	-97.55523
40.14726	-97.55621
40.14726	-97.55645
40.14726	-97.5571
40.14726	-97.55766
40.14725	-97.55834
40.14725	-97.55881
40.14724	-97.56093
40.14724	-97.56211
40.14724	-97.56352
40.14724	-97.56376
40.14723	-97.5654
40.14723	-97.56658
40.14722	-97.56705
40.14722	-97.56856
40.14723	-97.56861
40.14724	-97.56864
40.14724	-97.56868
40.14725	-97.56872
40.14726	-97.56953
40.14726	-97.5704
40.14726	-97.57067
40.14726	-97.5709
40.14725	-97.57147
40.14725	-97.57247
40.14722	-97.57255
40.14721	-97.5728
40.14721	-97.57287
40.14721	-97.57513
40.1472	-97.57582
40.1472	-97.57644
40.1472	-97.577
40.14721	-97.57771
40.1472	-97.57885
40.1472	-97.5796
40.14721	-97.58142
40.14721	-97.58209
40.14723	-97.58432
40.14723	-97.58499
40.14723	-97.58596
40.14724	-97.58627
40.14724	-97.58764
40.14725	-97.58824
40.14726	-97.58959
40.14726	-97.58982
40.14726	-97.59041
40.14727	-97.59223
40.14728	-97.59485
40.14729	-97.59546
40.14729	-97.59616
40.14729	-97.5964
40.14729	-97.59687
40.14729	-97.59696
40.14728	-97.59711
40.14728	-97.59734
40.14728	-97.59863
40.14727	-97.59902
40.14726	-97.60113
40.14725	-97.60203
40.14722	-97.60438
40.14722	-97.60474
40.1472	-97.60649
40.1472	-97.60697
40.1472	-97.60741
40.1472	-97.60791
40.1472	-97.60799
40.14719	-97.60884
40.14719	-97.60926
40.1472	-97.60989
40.1472	-97.61002
40.1472	-97.61025
40.1472	-97.61049
40.14721	-97.61103
40.14721	-97.61203
40.14721	-97.61381
40.14721	-97.6143
40.14721	-97.61487
40.14721	-97.61529
40.14721	-97.61614
40.14721	-97.61672
40.14721	-97.61698
40.1472	-97.61729
40.1472	-97.61769
40.1472	-97.61814
40.1472	-97.61901
40.14719	-97.61964
40.14719	-97.61986
40.14719	-97.62099
40.14719	-97.62145
40.14719	-97.62169
40.14718	-97.62192
40.14718	-97.62214
40.14718	-97.62283
40.14718	-97.62357
40.14716	-97.62898
40.14716	-97.62922
40.14715	-97.6304
40.14715	-97.63063
40.14715	-97.63157
40.14715	-97.63181
40.14714	-97.63273
40.14714	-97.63331
40.14713	-97.63462
40.14712	-97.63509
40.14712	-97.63556
40.14711	-97.63581
40.14711	-97.63603
40.14709	-97.63767
40.14709	-97.63791
40.14707	-97.63987
40.14706	-97.64026
40.14705	-97.64073
40.14705	-97.6412
40.14704	-97.64217
40.14703	-97.64226
40.14703	-97.64319
40.14702	-97.64369
40.14703	-97.64413
40.14704	-97.64437
40.14704	-97.64438
40.14707	-97.64498
40.14709	-97.64533
40.14713	-97.6457
40.14717	-97.64606
40.14724	-97.64654
40.14731	-97.64697
40.14738	-97.64732
40.14745	-97.64761
40.14754	-97.64798
40.14763	-97.64833
40.14793	-97.64939
40.14812	-97.65006
40.14856	-97.65161
40.14922	-97.65389
40.14934	-97.65433
40.14948	-97.65481
40.14984	-97.65608
40.14999	-97.65661
40.15004	-97.65681
40.15014	-97.65719
40.1502	-97.65742
40.15025	-97.65762
40.15034	-97.65802
40.15039	-97.65833
40.15044	-97.6586
40.15049	-97.65897
40.15054	-97.65933
40.15059	-97.65982
40.15064	-97.66049
40.15065	-97.66082
40.15066	-97.66113
40.15066	-97.66126
40.15066	-97.6614
40.15066	-97.66159
40.15064	-97.66222
40.15063	-97.66251
40.15058	-97.66358
40.15054	-97.66421
40.15053	-97.66449
40.15052	-97.66466
40.1505	-97.66516
40.15041	-97.66683
40.15035	-97.66802
40.15034	-97.66825
40.15032	-97.66857
40.15021	-97.67066
40.15017	-97.6713
40.15011	-97.67246
40.15008	-97.67311
40.15008	-97.67317
40.15	-97.67457
40.15	-97.67459
40.14993	-97.67589
40.1499	-97.67641
40.14988	-97.67669
40.14987	-97.67677
40.14984	-97.67708
40.14983	-97.67715
40.14979	-97.6774
40.14974	-97.67773
40.14969	-97.67804
40.14963	-97.67836
40.14955	-97.67874
40.14948	-97.67908
40.14939	-97.67943
40.14926	-97.68001
40.149	-97.68113
40.14865	-97.68264
40.14858	-97.68294
40.14811	-97.68494
40.14771	-97.68668
40.14754	-97.68741
40.14749	-97.68767
40.14747	-97.6878
40.14738	-97.68828
40.14733	-97.68859
40.14728	-97.68892
40.1472	-97.68951
40.14717	-97.68974
40.14713	-97.69005
40.14708	-97.69065
40.14705	-97.69104
40.14703	-97.69138
40.14702	-97.69169
40.14701	-97.69198
40.147	-97.69229
40.14699	-97.69292
40.14699	-97.69331
40.14697	-97.69409
40.14697	-97.69433
40.14697	-97.69441
40.14696	-97.6948
40.14694	-97.69568
40.14691	-97.69762
40.14691	-97.69786
40.14691	-97.69799
40.14689	-97.69916
40.14686	-97.70087
40.14685	-97.70162
40.14685	-97.70186
40.14684	-97.70209
40.14684	-97.70233
40.14684	-97.7026
40.14683	-97.70282
40.14683	-97.70304
40.14684	-97.7036
40.14685	-97.70548
40.14685	-97.70573
40.14685	-97.70595
40.14686	-97.70716
40.14686	-97.7079
40.14687	-97.70803
40.14689	-97.71085
40.1469	-97.71166
40.1469	-97.71203
40.14691	-97.71226
40.14691	-97.71297
40.14692	-97.71374
40.14692	-97.71468
40.14692	-97.71492
40.14693	-97.71584
40.14694	-97.71621
40.14694	-97.71633
40.14695	-97.71716
40.14695	-97.71786
40.14695	-97.71811
40.14696	-97.71833
40.14696	-97.71888
40.14697	-97.72006
40.14698	-97.72049
40.14698	-97.7213
40.14698	-97.72228
40.14699	-97.72372
40.147	-97.72537
40.147	-97.72589
40.14701	-97.72704
40.1470108	-97.7270368
40.14731	-97.72704
40.14765	-97.72705
40.14813	-97.72705
40.14868	-97.72705
40.14922	-97.72705
40.14939	-97.72705
40.14958	-97.72705
40.14976	-97.72705
40.15012	-97.72705
40.15029	-97.72706
40.1503	-97.72706
40.15155	-97.72706
40.1537	-97.72707
40.15426	-97.72708
40.15456	-97.72707
40.1553	-97.72706
40.15595	-97.72705
40.15652	-97.72705
40.1566	-97.72705
40.15947	-97.727
40.16158	-97.727
40.16175	-97.727
40.16236	-97.727
40.16355	-97.72699
40.16373	-97.72699
40.16391	-97.72699
40.16409	-97.72699
40.16525	-97.72698
40.16571	-97.72698
40.16787	-97.72697
40.16895	-97.72696
40.1702	-97.72695
40.17056	-97.72695
40.17074	-97.72695
40.17164	-97.72694
40.17354	-97.72693
40.17604	-97.72692
40.17757	-97.7269
40.18152	-97.72681
40.18314	-97.72678
40.18332	-97.72677
40.1835	-97.72677
40.1844	-97.72675
40.18458	-97.72675
40.18476	-97.72674
40.18548	-97.72673
40.18566	-97.72672
40.18656	-97.72671
40.18674	-97.7267
40.18692	-97.7267
40.18944	-97.72664
40.18962	-97.72664
40.19031	-97.72663
40.19089	-97.72662
40.19136	-97.72663
40.19262	-97.72663
40.19352	-97.72663
40.19414	-97.72664
40.19432	-97.72664
40.19486	-97.72664
40.19684	-97.72666
40.19809	-97.72666
40.19916	-97.72667
40.20168	-97.72668
40.20204	-97.72668
40.20276	-97.72669
40.20312	-97.72669
40.20474	-97.7267
40.20541	-97.72669
40.20667	-97.72666
40.20691	-97.72665
40.20709	-97.72665
40.20775	-97.72663
40.20835	-97.72662
40.20919	-97.7266
40.20937	-97.72659
40.20961	-97.72659
40.20973	-97.72658
40.20979	-97.72658
40.20991	-97.72658
40.21105	-97.72655
40.21159	-97.72654
40.21195	-97.72653
40.21213	-97.72653
40.21274	-97.72651
40.21313	-97.72651
40.21326	-97.7265
40.21357	-97.7265
40.21393	-97.72649
40.21401	-97.72649
40.21411	-97.72649
40.21447	-97.72649
40.21465	-97.72649
40.21511	-97.72649
40.21673	-97.72651
40.21828	-97.72656
40.21843	-97.72656
40.21861	-97.72656
40.21897	-97.72657
40.21915	-97.72657
40.21927	-97.72657
40.21992	-97.72658
40.22128	-97.72661
40.22146	-97.72661
40.22164	-97.72661
40.22397	-97.72665
40.22469	-97.72666
40.22541	-97.72668
40.22577	-97.72668
40.22786	-97.72672
40.22829	-97.72672
40.22937	-97.72674
40.23009	-97.72676
40.23045	-97.72676
40.23117	-97.72678
40.23135	-97.72678
40.23243	-97.7268
40.23261	-97.72681
40.2344	-97.72684
40.23602	-97.72685
40.23674	-97.72685
40.23728	-97.72685
40.23746	-97.72685
40.23764	-97.72685
40.23782	-97.72685
40.238	-97.72685
40.23984	-97.72685
40.24048	-97.72685
40.24066	-97.72685
40.24138	-97.72685
40.24174	-97.72685
40.24408	-97.72686
40.24498	-97.72687
40.24552	-97.72687
40.24606	-97.72687
40.2466	-97.72687
40.24894	-97.72688
40.25137	-97.72689
40.25335	-97.7269
40.25367	-97.7269
40.25401	-97.7269
40.25491	-97.72691
40.25499	-97.72691
40.25601	-97.72692
40.25666	-97.72691
40.25732	-97.72692
40.2575	-97.72692
40.25757	-97.72692
40.25804	-97.72693
40.25818	-97.72693
40.25822	-97.72693
40.26002	-97.72693
40.2611	-97.72694
40.26217	-97.72694
40.26342	-97.72695
40.26613	-97.72696
40.26739	-97.72697
40.26811	-97.72697
40.27135	-97.72699
40.27207	-97.727
40.27314	-97.727
40.2762	-97.72702
40.27798	-97.72703
40.28058	-97.72703
40.28073	-97.72703
40.28235	-97.72703
40.28347	-97.72703
40.2867	-97.72704
40.28706	-97.72704
40.2894	-97.72704
40.29192	-97.72704
40.29252	-97.72705
40.29326	-97.72704
40.29344	-97.72704
40.29348	-97.72704
40.29362	-97.72704
40.2947	-97.72703
40.29488	-97.72703
40.29542	-97.72703
40.2956	-97.72703
40.29596	-97.72702
40.29668	-97.72702
40.29686	-97.72701
40.29704	-97.72701
40.2974	-97.72701
40.29758	-97.72701
40.29811	-97.727
40.29817	-97.727
40.29839	-97.727
40.29942	-97.72699
40.29979	-97.727
40.29996	-97.72699
40.30068	-97.72698
40.30106	-97.72698
40.30176	-97.72698
40.30177	-97.72698
40.30194	-97.72698
40.30284	-97.72698
40.30302	-97.72698
40.3032	-97.72698
40.30433	-97.72697
40.30463	-97.72697
40.30474	-97.72697
40.30481	-97.72697
40.30553	-97.72696
40.30625	-97.72695
40.30703	-97.72694
40.3070324	-97.7269403
40.30704	-97.72835
40.30705	-97.73
40.30706	-97.73024
40.30706	-97.7303
40.30706	-97.73048
40.30706	-97.73142
40.30707	-97.73283
40.30708	-97.73303
40.30708	-97.73331
40.30709	-97.73637
40.3071	-97.73755
40.3071	-97.73776
40.3071	-97.73779
40.30711	-97.73834
40.30712	-97.73886
40.30712	-97.73968
40.30713	-97.74086
40.30713	-97.74103
40.30713	-97.74133
40.30713	-97.74174
40.30714	-97.74278
40.30715	-97.74398
40.30715	-97.74416
40.30715	-97.74484
40.30716	-97.74534
40.30716	-97.74582
40.30716	-97.74655
40.30716	-97.74786
40.30716	-97.74887
40.30716	-97.7493
40.30716	-97.74981
40.30716	-97.75016
40.30716	-97.75115
40.30716	-97.75203
40.30716	-97.75289
40.30716	-97.75335
40.30716	-97.75475
40.30716	-97.75529
40.30716	-97.75607
40.30716	-97.75624
40.30717	-97.75718
40.30717	-97.75734
40.30716	-97.75821
40.30717	-97.75902
40.30717	-97.75924
40.30716	-97.75954
40.30716	-97.7597
40.30715	-97.76001
40.30714	-97.76002
40.30711	-97.76047
40.30704	-97.76092
40.30699	-97.76115
40.30694	-97.7614
40.30688	-97.76162
40.30686	-97.76169
40.30672	-97.76215
40.30666	-97.76234
40.3066	-97.76249
40.30649	-97.76276
40.30642	-97.76295
40.30628	-97.76325
40.30623	-97.76334
40.30605	-97.7637
40.30596	-97.76389
40.30572	-97.76433
40.30569	-97.76439
40.30566	-97.76446
40.30529	-97.76514
40.3051	-97.76552
40.30504	-97.76566
40.30491	-97.76594
40.3049	-97.76596
40.30481	-97.76616
40.3048	-97.76618
40.30473	-97.76638
40.30465	-97.76659
40.30463	-97.76665
40.30458	-97.76681
40.30454	-97.76695
40.30446	-97.76722
40.30436	-97.76766
40.3043	-97.76796
40.30427	-97.76815
40.30424	-97.76838
40.30422	-97.76863
40.3042	-97.7688
40.30419	-97.76904
40.30419	-97.7691
40.30419	-97.76995
40.30419	-97.77078
40.3042	-97.77256
40.3042	-97.77428
40.30421	-97.77641
40.30421	-97.77806
40.30422	-97.77938
40.30422	-97.77947
40.30422	-97.78018
40.30422	-97.78041
40.30423	-97.78384
40.30424	-97.78544
40.30424	-97.7862
40.30424	-97.78638
40.30424	-97.78662
40.30424	-97.78686
40.30424	-97.78698
40.30425	-97.78807
40.30425	-97.78884
40.30425	-97.78898
40.30425	-97.78934
40.30426	-97.78992
40.30426	-97.79016
40.30426	-97.79024
40.30426	-97.79117
40.30427	-97.79249
40.30427	-97.79293
40.30428	-97.7931
40.30428	-97.79322
40.30428	-97.79327
40.3043	-97.79355
40.30432	-97.79371
40.30435	-97.79396
40.3044	-97.79428
40.30446	-97.79459
40.30449	-97.79478
40.30457	-97.79507
40.3046	-97.79517
40.30463	-97.79529
40.30469	-97.79546
40.30473	-97.79559
40.30475	-97.79566
40.305	-97.79633
40.30527	-97.79709
40.3055	-97.79769
40.30558	-97.79794
40.30582	-97.79859
40.30594	-97.79888
40.30603	-97.79912
40.30609	-97.7993
40.3061	-97.79933
40.30622	-97.79963
40.30643	-97.80022
40.30655	-97.80056
40.3066	-97.80069
40.30672	-97.80103
40.30681	-97.8013
40.30685	-97.80145
40.30686	-97.80147
40.30689	-97.80159
40.30692	-97.80171
40.30695	-97.80186
40.30699	-97.80206
40.30702	-97.80219
40.30704	-97.80232
40.30706	-97.80246
40.30708	-97.80259
40.3071	-97.80273
40.30712	-97.80293
40.30713	-97.80314
40.30714	-97.80342
40.30715	-97.8037
40.30715	-97.80398
40.30716	-97.80495
40.30718	-97.80769
40.30719	-97.8092
40.30719	-97.81029
40.3072	-97.81179
40.30721	-97.81313
40.30721	-97.8164
40.30721	-97.81749
40.30722	-97.81834
40.30722	-97.81917
40.30722	-97.82017
40.30721	-97.82064
40.30722	-97.82158
40.30722	-97.82228
40.30722	-97.8223
40.30722	-97.82327
40.30722	-97.82536
40.30721	-97.82702
40.30721	-97.82867
40.30722	-97.8306
40.30722	-97.83221
40.30723	-97.83291
40.30723	-97.83547
40.30725	-97.8381
40.30725	-97.83834
40.30726	-97.83979
40.30727	-97.84321
40.30727	-97.84342
40.30728	-97.84572
40.30728	-97.84751
40.3073	-97.84955
40.3073	-97.84979
40.3073	-97.85003
40.30731	-97.85293
40.30731	-97.85333
40.30731	-97.85356
40.30732	-97.85474
40.30732	-97.85569
40.30733	-97.85659
40.30733	-97.85749
40.30733	-97.85874
40.30733	-97.86034
40.30733	-97.86118
40.30733	-97.86183
40.30734	-97.86407
40.30734	-97.86415
40.30734	-97.86462
40.30734	-97.86603
40.30734	-97.8665
40.30734	-97.86665
40.30734	-97.86922
40.30733	-97.87107
40.30732	-97.87215
40.30731	-97.87264
40.30731	-97.87294
40.3073	-97.87358
40.30729	-97.87382
40.30729	-97.87405
40.30729	-97.87429
40.30726	-97.87609
40.30724	-97.87782
40.30724	-97.87897
40.30725	-97.88003
40.30725	-97.88039
40.30725	-97.88122
40.30726	-97.88241
40.30726	-97.8844
40.30726	-97.88476
40.30726	-97.88558
40.30727	-97.88675
40.30726	-97.8875
40.30727	-97.88802
40.30726	-97.8884
40.30726	-97.88888
40.30726	-97.88906
40.30726	-97.88959
40.30726	-97.89015
40.30726	-97.89134
40.30726	-97.89265
40.30726	-97.89313
40.30726	-97.89433
40.30726	-97.89624
40.30726	-97.89686
40.30727	-97.89769
40.30726	-97.89802
40.30726	-97.89896
40.30726	-97.90044
40.30726	-97.90187
40.30726	-97.9025
40.30726	-97.90407
40.30726	-97.90521
40.30726	-97.90556
40.30726	-97.90607
40.30726	-97.90698
40.30726	-97.9071
40.30726	-97.90721
40.30726	-97.91004
40.30726	-97.91028
40.30726	-97.9117
40.30726	-97.91179
40.30726	-97.91345
40.30726	-97.91571
40.30724	-97.91759
40.30722	-97.9208
40.30721	-97.92134
40.30719	-97.92452
40.30719	-97.92509
40.30718	-97.92533
40.30717	-97.92644
40.30716	-97.92816
40.30712	-97.93406
40.30712	-97.93454
40.30715	-97.93939
40.30717	-97.94267
40.30718	-97.94329
40.30717	-97.944
40.30715	-97.94871
40.30715	-97.94919
40.30715	-97.94942
40.30714	-97.95154
40.30714	-97.95178
40.30714	-97.95296
40.30713	-97.9535
40.30714	-97.95458
40.30715	-97.95694
40.30716	-97.95835
40.30716	-97.95859
40.30717	-97.9593
40.30719	-97.96289
40.30718	-97.96949
40.30718	-97.96996
40.30718	-97.9702
40.30718	-97.97059
40.30718	-97.9709
40.30718	-97.97138
40.30717	-97.97236
40.30717	-97.9733
40.30717	-97.97356
40.30716	-97.97426
40.30716	-97.97633
40.30716	-97.97825
40.30716	-97.97826
40.30716	-97.97849
40.30716	-97.98188
40.30716	-97.98369
40.30717	-97.98511
40.30718	-97.98652
40.30719	-97.98747
40.30719	-97.9877
40.3072	-97.98909
40.30721	-97.99132
40.30722	-97.99432
40.30723	-97.99568
40.30723	-97.99644
40.30723	-97.9974
40.30721	-97.99986
40.3072	-98.00069
40.30719	-98.00163
40.30719	-98.0021
40.30718	-98.00291
40.30718	-98.00305
40.30718	-98.00328
40.30717	-98.0043
40.30717	-98.00524
40.30717	-98.00554
40.30716	-98.00639
40.30716	-98.00642
40.30717	-98.00736
40.30717	-98.0076
40.30717	-98.00766
40.30718	-98.0083
40.30718	-98.00854
40.30718	-98.00865
40.30719	-98.00901
40.3072	-98.00951
40.30721	-98.01027
40.30723	-98.01126
40.30724	-98.0115
40.30724	-98.01173
40.30725	-98.01221
40.30726	-98.01244
40.30726	-98.01268
40.30727	-98.01291
40.30728	-98.01338
40.3073	-98.01433
40.30735	-98.01786
40.30736	-98.0181
40.30736	-98.0182
40.30737	-98.01952
40.3074	-98.02162
40.3074	-98.02164
40.3074	-98.02187
40.3074	-98.02235
40.30741	-98.02347
40.30742	-98.02479
40.30743	-98.02591
40.30743	-98.02614
40.30743	-98.02616
40.30744	-98.02685
40.30744	-98.02768
40.30745	-98.02788
40.30745	-98.02812
40.30745	-98.02851
40.30745	-98.0293
40.30745	-98.02969
40.30745	-98.03048
40.30745	-98.03071
40.30746	-98.03095
40.30746	-98.0313
40.30746	-98.03142
40.30746	-98.03166
40.30746	-98.03189
40.30746	-98.03236
40.30747	-98.0326
40.30748	-98.03403
40.30748	-98.03695
40.30748	-98.03718
40.30748	-98.03742
40.30749	-98.03884
40.30749	-98.03904
40.30749	-98.03931
40.30749	-98.04002
40.30749	-98.04025
40.30749	-98.04107
40.30749	-98.04131
40.30749	-98.04154
40.30749	-98.04272
40.30749	-98.04296
40.30749	-98.04319
40.3075	-98.04414
40.3075	-98.04555
40.3075	-98.04579
40.3075	-98.04599
40.3075	-98.04626
40.3075	-98.0465
40.3075	-98.04652
40.3075	-98.04732
40.3075	-98.04815
40.30752	-98.05003
40.30752	-98.05145
40.30752	-98.05147
40.30752	-98.05315
40.30752	-98.0538
40.30751	-98.05388
40.30751	-98.05412
40.30751	-98.05436
40.3075	-98.055
40.3075	-98.05506
40.3075	-98.05648
40.30751	-98.05774
40.30752	-98.05838
40.30753	-98.05914
40.30754	-98.05961
40.30756	-98.06067
40.30758	-98.06174
40.30758	-98.062
40.30758	-98.06293
40.30759	-98.06315
40.30759	-98.06339
40.30759	-98.06551
40.30759	-98.06575
40.30759	-98.06576
40.30759	-98.06622
40.30759	-98.06645
40.30759	-98.06647
40.3076	-98.06659
40.30759	-98.06716
40.307593	-98.067161
40.30827	-98.06717
40.30876	-98.06719
40.30942	-98.0672
40.30972	-98.06721
40.31014	-98.06722
40.31041	-98.06723
40.31058	-98.06723
40.31059	-98.06723
40.31105	-98.06724
40.31129	-98.06724
40.31167	-98.06724
40.31185	-98.06724
40.31275	-98.06723
40.31285	-98.06722
40.31293	-98.06722
40.31401	-98.06721
40.31471	-98.0672
40.3151	-98.06721
40.31528	-98.06721
40.31618	-98.06722
40.31636	-98.06722
40.31848	-98.06724
40.32046	-98.06725
40.32086	-98.06725
40.32212	-98.06725
40.32335	-98.06726
40.32372	-98.06726
40.3239	-98.06726
40.32462	-98.06726
40.32537	-98.06726
40.32547	-98.06727
40.32825	-98.06728
40.32843	-98.06728
40.32901	-98.06728
40.32951	-98.06728
40.33023	-98.06729
40.33143	-98.06729
40.3323	-98.06729
40.33238	-98.06729
40.3358	-98.0673
40.33621	-98.06731
40.33663	-98.06731
40.33694	-98.0673
40.33724	-98.0673
40.33754	-98.06728
40.33774	-98.06727
40.33806	-98.06725
40.33872	-98.06724
40.33886	-98.06723
40.33922	-98.06722
40.33994	-98.0672
40.34012	-98.0672
40.3403	-98.06719
40.34046	-98.06718
40.34048	-98.06718
40.34066	-98.06718
40.34118	-98.06717
40.34228	-98.06714
40.34291	-98.06713
40.34323	-98.06711
40.34335	-98.0671
40.34364	-98.06707
40.34389	-98.06707
40.34391	-98.06706
40.34407	-98.06705
40.3441	-98.06705
40.34431	-98.06703
40.34443	-98.06701
40.34453	-98.06699
40.3447	-98.06695
40.34492	-98.0669
40.34525	-98.0668
40.34552	-98.0667
40.34566	-98.06665
40.34581	-98.06658
40.34583	-98.06657
40.34601	-98.06647
40.34627	-98.06633
40.34641	-98.06624
40.34649	-98.06619
40.34654	-98.06615
40.34665	-98.06608
40.3467	-98.06604
40.34682	-98.06595
40.34697	-98.06583
40.34712	-98.0657
40.34725	-98.06558
40.34728	-98.06556
40.3474	-98.06544
40.34741	-98.06543
40.34754	-98.0653
40.34775	-98.06508
40.3479	-98.0649
40.34805	-98.06472
40.34821	-98.06451
40.34833	-98.06434
40.34851	-98.06406
40.34871	-98.06371
40.34878	-98.06359
40.34882	-98.06352
40.34888	-98.0634
40.34894	-98.06329
40.34906	-98.06302
40.34932	-98.06243
40.34998	-98.06082
40.35042	-98.05979
40.35043	-98.05975
40.35065	-98.05923
40.35084	-98.05877
40.35085	-98.05875
40.35129	-98.05772
40.35137	-98.05752
40.35161	-98.05696
40.35195	-98.05615
40.352	-98.05604
40.35213	-98.05578
40.3523	-98.05545
40.3524	-98.05528
40.35251	-98.0551
40.35274	-98.05475
40.3531	-98.05427
40.35337	-98.05397
40.35348	-98.05386
40.35363	-98.0537
40.35382	-98.05353
40.35399	-98.05338
40.35416	-98.05325
40.35427	-98.05316
40.35432	-98.05312
40.35439	-98.05306
40.35452	-98.05298
40.35464	-98.0529
40.35478	-98.05282
40.35493	-98.05274
40.35506	-98.05267
40.35517	-98.05261
40.35528	-98.05255
40.35535	-98.05253
40.35554	-98.05245
40.35567	-98.0524
40.35584	-98.05234
40.35599	-98.05229
40.35604	-98.05227
40.3563	-98.05221
40.35641	-98.05219
40.35656	-98.05215
40.35674	-98.05213
40.35697	-98.05211
40.35729	-98.05209
40.35803	-98.05208
40.36337	-98.05203
40.36373	-98.05202
40.36419	-98.05202
40.36516	-98.05201
40.36534	-98.05201
40.36552	-98.05201
40.36714	-98.05199
40.3675	-98.05198
40.36984	-98.05196
40.37243	-98.05193
40.37458	-98.05191
40.37512	-98.05191
40.37758	-98.05189
40.378	-98.05188
40.37807	-98.05188
40.37818	-98.05188
40.37969	-98.05186
40.38131	-98.05184
40.38149	-98.05184
40.38257	-98.05183
40.38365	-98.05182
40.38455	-98.05181
40.3858	-98.0518
40.38598	-98.05179
40.38696	-98.05178
40.38703	-98.05179
40.38989	-98.05177
40.38993	-98.05177
40.39239	-98.05175
40.39241	-98.05175
40.39421	-98.05174
40.39655	-98.05171
40.39745	-98.05171
40.39763	-98.0517
40.39838	-98.0517
40.3991	-98.05169
40.39968	-98.05169
40.40107	-98.05169
40.40125	-98.05169
40.40143	-98.05169
40.40179	-98.0517
40.40199	-98.0517
40.40255	-98.05169
40.40262	-98.05169
40.4029	-98.05169
40.40318	-98.05169
40.40326	-98.05169
40.40426	-98.05168
40.40444	-98.05167
40.40588	-98.05165
40.40606	-98.05165
40.40609	-98.05165
40.40642	-98.05164
40.4066	-98.05164
40.40714	-98.05164
40.40732	-98.05163
40.40878	-98.05162
40.41124	-98.0516
40.41604	-98.05157
40.41954	-98.05154
40.42201	-98.05152
40.42258	-98.05151
40.42328	-98.05151
40.42424	-98.0515
40.42448	-98.0515
40.42559	-98.05149
40.42602	-98.05148
40.4262	-98.05148
40.42656	-98.05148
40.42674	-98.05148
40.42872	-98.05147
40.43016	-98.05147
40.43116	-98.05146
40.43268	-98.05146
40.43376	-98.05146
40.43531	-98.05145
40.43666	-98.05145
40.43708	-98.05145
40.43726	-98.05145
40.43738	-98.05145
40.43744	-98.05145
40.43756	-98.05145
40.43771	-98.05145
40.4378	-98.05145
40.4378	-98.0514491
40.4378	-98.05164
40.4378	-98.05225
40.4378	-98.05335
40.43779	-98.05391
40.43779	-98.05414
40.43779	-98.05537
40.43778	-98.05656
40.43778	-98.05679
40.43777	-98.05821
40.43777	-98.0601
40.43776	-98.06034
40.43775	-98.06294
40.43775	-98.06317
40.43775	-98.06457
40.43774	-98.06648
40.43774	-98.06672
40.43774	-98.06782
40.43773	-98.06861
40.43773	-98.06884
40.43772	-98.07044
40.43772	-98.0717
40.43772	-98.0741
40.43771	-98.07599
40.43771	-98.07812
40.4377	-98.08025
40.43769	-98.08332
40.43768	-98.08383
40.43768	-98.08587
40.43769	-98.08703
40.43769	-98.08727
40.43771	-98.08821
40.43771	-98.08942
40.43771	-98.08979
40.43771	-98.09002
40.43771	-98.09012
40.43771	-98.09073
40.43771	-98.09159
40.43771	-98.09162
40.43771	-98.09185
40.4377	-98.09246
40.43769	-98.09291
40.43767	-98.09352
40.43767	-98.09398
40.43767	-98.09421
40.43767	-98.09445
40.43767	-98.09521
40.43766	-98.09752
40.43766	-98.09814
40.43766	-98.09874
40.43767	-98.09909
40.43769	-98.09983
40.43771	-98.10074
40.43772	-98.10095
40.43773	-98.10163
40.43772	-98.10258
40.43772	-98.10282
40.43772	-98.10348
40.43772	-98.10471
40.43772	-98.10572
40.43771	-98.10596
40.4377	-98.10633
40.43768	-98.10708
40.43767	-98.10744
40.43766	-98.1079
40.43766	-98.10844
40.43766	-98.10911
40.43766	-98.10958
40.43766	-98.11064
40.43766	-98.11136
40.43766	-98.1126
40.43765	-98.11333
40.43765	-98.11477
40.43765	-98.11483
40.43765	-98.11555
40.43765	-98.11671
40.43765	-98.11906
40.43765	-98.12096
40.43764	-98.12215
40.43765	-98.12272
40.43764	-98.12352
40.43764	-98.12365
40.43765	-98.12511
40.43766	-98.12746
40.43766	-98.12774
40.43765	-98.12911
40.43764	-98.13015
40.43764	-98.131
40.43764	-98.13124
40.43764	-98.13129
40.43764	-98.13176
40.43762	-98.1347
40.43762	-98.13542
40.43761	-98.13998
40.4376	-98.14039
40.43759	-98.14647
40.43758	-98.15238
40.43757	-98.15451
40.43757	-98.15802
40.43755	-98.16537
40.43755	-98.17364
40.43754	-98.17805
40.43754	-98.17969
40.43754	-98.18439
40.43753	-98.1884
40.43753	-98.18888
40.43753	-98.18911
40.43753	-98.19336
40.43751	-98.20342
40.43751	-98.20537
40.4375	-98.20868
40.43748	-98.21347
40.43747	-98.21927
40.43746	-98.2224
40.43746	-98.22363
40.43745	-98.22482
40.43745	-98.22503
40.43745	-98.22591
40.43744	-98.22625
40.43744	-98.22633
40.43744	-98.22649
40.43743	-98.22815
40.43743	-98.22838
40.43743	-98.22891
40.43744	-98.22956
40.43744	-98.2298
40.43744	-98.23074
40.43743	-98.23149
40.43743	-98.23172
40.43743	-98.23176
40.43743	-98.23196
40.43742	-98.2322
40.43742	-98.23273
40.43742	-98.23314
40.43741	-98.23361
40.43741	-98.2337
40.43741	-98.23385
40.43741	-98.23484
40.43741	-98.23503
40.43741	-98.23522
40.43741	-98.23563
40.43741	-98.23598
40.43741	-98.23599
40.43741	-98.23616
40.43741	-98.23621
40.43741	-98.23645
40.43741	-98.23668
40.43741	-98.23674
40.43741	-98.23713
40.4374	-98.23739
40.4374	-98.23758
40.4374	-98.23763
40.4374	-98.23787
40.4374	-98.2381
40.4374	-98.23834
40.4374	-98.23879
40.43739	-98.23928
40.43739	-98.23929
40.43739	-98.23942
40.43739	-98.23952
40.43739	-98.23976
40.43739	-98.23979
40.43739	-98.24022
40.43739	-98.24023
40.43739	-98.24079
40.43738	-98.24124
40.43738	-98.24141
40.43738	-98.2431
40.43738	-98.24377
40.43738	-98.24401
40.43738	-98.24425
40.43738	-98.24435
40.43737	-98.2456
40.43737	-98.24655
40.43737	-98.24679
40.43737	-98.24773
40.43736	-98.24937
40.43737	-98.2496
40.43736	-98.25084
40.43736	-98.25113
40.43736	-98.25319
40.43736	-98.25366
40.43736	-98.25374
40.43736	-98.25439
40.43736	-98.25461
40.43736	-98.25484
40.43736	-98.25508
40.43736	-98.25579
40.43736	-98.25593
40.43736	-98.25602
40.43736	-98.25744
40.43736	-98.25759
40.43736	-98.25768
40.43736	-98.25858
40.43734	-98.2598
40.43734	-98.25983
40.43735	-98.26051
40.43734	-98.26096
40.43734	-98.26154
40.43734	-98.26182
40.43734	-98.26214
40.43733	-98.26272
40.43733	-98.26296
40.43733	-98.26404
40.43732	-98.26448
40.43732	-98.26507
40.43732	-98.26611
40.43731	-98.26714
40.43731	-98.26737
40.43731	-98.26784
40.43731	-98.26832
40.43731	-98.26884
40.4373	-98.26926
40.4373	-98.26977
40.4373	-98.27001
40.43729	-98.27142
40.43729	-98.27173
40.43728	-98.2733
40.43728	-98.27354
40.43726	-98.2759
40.43726	-98.27607
40.43725	-98.27803
40.43726	-98.27951
40.43726	-98.28054
40.43726	-98.28111
40.43726	-98.28278
40.43727	-98.28402
40.43726	-98.28489
40.43726	-98.28542
40.43727	-98.28759
40.43727	-98.28779
40.43727	-98.28803
40.43728	-98.29204
40.43728	-98.2932
40.43728	-98.29535
40.43728	-98.29564
40.43728	-98.29701
40.43729	-98.29756
40.43729	-98.29913
40.43729	-98.29958
40.4373	-98.30215
40.4373	-98.30265
40.4373	-98.30315
40.4373	-98.30339
40.43731	-98.30558
40.43731	-98.30587
40.43732	-98.31025
40.43732	-98.31154
40.43733	-98.3145
40.43733	-98.31531
40.43733	-98.316
40.43733	-98.31609
40.43733	-98.31635
40.43733	-98.31749
40.43733	-98.31877
40.43733	-98.31935
40.43733	-98.31948
40.43733	-98.31978
40.43733	-98.3212
40.43733	-98.32332
40.43733	-98.3249
40.43732	-98.32615
40.43733	-98.32632
40.43732	-98.32802
40.43732	-98.32886
40.43732	-98.32995
40.43732	-98.33049
40.43732	-98.3308
40.43732	-98.33129
40.43732	-98.33188
40.43732	-98.33245
40.43732	-98.33253
40.43732	-98.33272
40.43732	-98.33314
40.43732	-98.33384
40.43732	-98.33489
40.43732	-98.33501
40.43732	-98.33544
40.43732	-98.33633
40.43731	-98.33679
40.43731	-98.33702
40.43731	-98.3375
40.43731	-98.33797
40.43731	-98.33844
40.43731	-98.33872
40.43731	-98.33939
40.43731	-98.33963
40.43731	-98.33966
40.43731	-98.3399
40.43731	-98.34037
40.43731	-98.3406
40.4373	-98.34102
40.4373	-98.34155
40.4373	-98.34197
40.4373	-98.34273
40.4373	-98.34287
40.4373	-98.34297
40.4373	-98.3432
40.4373	-98.34362
40.4373	-98.34403
40.4373	-98.34439
40.4373	-98.34453
40.4373	-98.34508
40.4373	-98.34551
40.4373	-98.34572
40.4373	-98.34666
40.4373	-98.34737
40.4373	-98.34785
40.4373	-98.34791
40.4373	-98.34832
40.4373	-98.34876
40.4373	-98.3495
40.4373	-98.34962
40.4373	-98.35019
40.4373	-98.3509
40.4373	-98.35217
40.43731	-98.35277
40.43731	-98.35388
40.43731	-98.35507
40.43732	-98.35579
40.43732	-98.35608
40.43734	-98.35832
40.43733	-98.35862
40.43731	-98.36025
40.4373	-98.36099
40.4373	-98.36122
40.43729	-98.36146
40.43729	-98.36177
40.43729	-98.36217
40.43727	-98.36335
40.43727	-98.36345
40.43727	-98.36359
40.43727	-98.36477
40.43727	-98.36524
40.43726	-98.3655
40.43726	-98.36619
40.43726	-98.36642
40.43726	-98.36737
40.43726	-98.36825
40.43726	-98.36879
40.43725	-98.37049
40.43725	-98.37289
40.43724	-98.37389
40.43724	-98.37553
40.43724	-98.37576
40.43724	-98.37647
40.43723	-98.37765
40.43723	-98.37789
40.43723	-98.38049
40.43723	-98.38073
40.43723	-98.38167
40.43723	-98.38262
40.43723	-98.38289
40.43723	-98.38481
40.43723	-98.38505
40.43723	-98.38693
40.43723	-98.38765
40.43723	-98.38788
40.43723	-98.38836
40.43723	-98.38907
40.43724	-98.3919
40.43724	-98.39214
40.43724	-98.39314
40.43724	-98.39332
40.43724	-98.39356
40.43725	-98.3945
40.43725	-98.39568
40.43725	-98.39616
40.43725	-98.3963
40.43725	-98.39663
40.43725	-98.3971
40.43725	-98.39736
40.43725	-98.39853
40.43726	-98.40035
40.43725	-98.40095
40.43726	-98.40181
40.43726	-98.40262
40.43726	-98.40293
40.43726	-98.40394
40.43729	-98.40451
40.4373	-98.40458
40.43733	-98.40465
40.43737	-98.40477
40.43742	-98.40486
40.4375	-98.40497
40.43753	-98.40499
40.43759	-98.40505
40.43771	-98.40513
40.43784	-98.40522
40.4378412	-98.4052213
40.43801	-98.40478
40.43813	-98.40454
40.43819	-98.40442
40.43825	-98.4043
40.43831	-98.40419
40.43839	-98.40408
40.43843	-98.40401
40.43851	-98.40387
40.43873	-98.40355
40.43879	-98.40348
40.43881	-98.40344
40.43897	-98.40324
40.43905	-98.40314
40.43913	-98.40305
40.43922	-98.40296
40.43939	-98.40278
40.43957	-98.40262
40.43997	-98.4023
40.44004	-98.40225
40.44039	-98.40201
40.44066	-98.40187
40.44102	-98.4017
40.44122	-98.40163
40.44155	-98.40153
40.44168	-98.4015
40.44188	-98.40146
40.4421	-98.40143
40.44234	-98.40141
40.44275	-98.4014
40.44304	-98.40144
40.44321	-98.40146
40.44367	-98.4015
40.44404	-98.40154
40.44432	-98.40156
40.44476	-98.4016
40.44525	-98.40164
40.4458	-98.40168
40.44598	-98.4017
40.4461	-98.4017
40.44649	-98.40173
40.44687	-98.40175
40.44701	-98.40176
40.44705	-98.40176
40.44735	-98.40178
40.44783	-98.4018
40.44793	-98.4018
40.44858	-98.40181
40.44883	-98.40182
40.44905	-98.40182
40.44949	-98.40181
40.44954	-98.40181
40.44972	-98.40181
40.4499	-98.40181
40.45001	-98.40181
40.45044	-98.40181
40.45062	-98.40181
40.4508	-98.40181
40.45145	-98.40182
40.45173	-98.40181
40.45253	-98.40181
40.45271	-98.40181
40.45325	-98.40182
40.45415	-98.40182
40.45433	-98.40182
40.45554	-98.40183
40.4557	-98.40183
40.4564	-98.40183
40.45724	-98.40183
40.45958	-98.40184
40.45976	-98.40184
40.4608	-98.40184
40.46213	-98.40184
40.46248	-98.40184
40.46266	-98.40185
40.46356	-98.40185
40.46374	-98.40185
40.46376	-98.40185
40.46464	-98.40186
40.46517	-98.40185
40.46632	-98.40186
40.46794	-98.40187
40.46812	-98.40187
40.4683	-98.40187
40.46997	-98.40189
40.47123	-98.4019
40.47354	-98.40191
40.47552	-98.40192
40.47606	-98.40193
40.47624	-98.40193
40.47779	-98.40194
40.48085	-98.40195
40.48247	-98.40196
40.48258	-98.40197
40.48373	-98.40197
40.48389	-98.40197
40.48481	-98.40198
40.48499	-98.40198
40.48517	-98.40198
40.48598	-98.40199
40.48729	-98.40199
40.48794	-98.40199
40.48829	-98.402
40.48892	-98.40201
40.48906	-98.40201
40.48996	-98.40202
40.49014	-98.40202
40.49017	-98.40202
40.49032	-98.40202
40.49133	-98.40202
40.49501	-98.40204
40.49535	-98.40205
40.49631	-98.40205
40.49761	-98.40206
40.49872	-98.40206
40.49877	-98.40206
40.49931	-98.40206
40.49949	-98.40206
40.50037	-98.40206
40.50136	-98.40205
40.50177	-98.40205
40.50255	-98.40205
40.50268	-98.40205
40.50351	-98.40205
40.50466	-98.40204
40.50528	-98.40204
40.5061	-98.40204
40.5068	-98.40203
40.50682	-98.40203
40.50718	-98.40203
40.50772	-98.40203
40.50807	-98.40203
40.50889	-98.40203
40.50963	-98.40203
40.50985	-98.40202
40.5105	-98.40202
40.5107	-98.40202
40.51104	-98.40202
40.51153	-98.40202
40.5123	-98.40202
40.5132	-98.40201
40.51338	-98.40201
40.5141	-98.40201
40.51425	-98.40201
40.51427	-98.40201
40.51428	-98.40201
40.5158	-98.40201
40.51609	-98.40201
40.51657	-98.402
40.51716	-98.402
40.51878	-98.402
40.52078	-98.40199
40.52216	-98.40198
40.52256	-98.40198
40.52308	-98.40198
40.52353	-98.40198
40.52391	-98.40198
40.52447	-98.40198
40.52585	-98.402
40.5261	-98.402
40.52686	-98.40201
40.52739	-98.40202
40.52783	-98.40203
40.52862	-98.40204
40.52896	-98.40204
40.52928	-98.40205
40.52984	-98.40206
40.53038	-98.40207
40.53149	-98.40209
40.53192	-98.4021
40.53292	-98.40211
40.5331	-98.40211
40.53328	-98.40212
40.53346	-98.40212
40.53364	-98.40212
40.53436	-98.40213
40.53454	-98.40213
40.53455	-98.40213
40.53576	-98.40215
40.53634	-98.40216
40.53686	-98.40216
40.53688	-98.40216
40.53706	-98.40216
40.53798	-98.40217
40.539	-98.40218
40.53978	-98.40219
40.54063	-98.40219
40.5414	-98.40219
40.54254	-98.40219
40.54284	-98.40219
40.54302	-98.40219
40.54338	-98.40219
40.54357	-98.40219
40.54458	-98.4022
40.54489	-98.4022
40.54498	-98.40218
40.54516	-98.40217
40.54534	-98.40217
40.54578	-98.40216
40.54639	-98.40215
40.54695	-98.40215
40.5473	-98.40214
40.5476	-98.40214
40.54845	-98.40214
40.54854	-98.40216
40.54954	-98.40214
40.54986	-98.40213
40.54998	-98.40213
40.55016	-98.40212
40.55059	-98.40211
40.55099	-98.4021
40.55196	-98.40208
40.55237	-98.40206
40.55269	-98.40205
40.55301	-98.40204
40.5535	-98.40204
40.55448	-98.40203
40.55466	-98.40202
40.55545	-98.40202
40.55574	-98.40201
40.55646	-98.402
40.55663	-98.402
40.55681	-98.402
40.55695	-98.402
40.55783	-98.40199
40.55915	-98.40198
40.55998	-98.40197
40.56108	-98.40195
40.56133	-98.40195
40.56216	-98.40197
40.56233	-98.40197
40.56269	-98.40198
40.56306	-98.402
40.5641	-98.40203
40.56436	-98.40204
40.56517	-98.40208
40.56605	-98.40211
40.56685	-98.40211
40.56706	-98.40211
40.56721	-98.40211
40.56738	-98.40212
40.56766	-98.40212
40.56801	-98.40213
40.5680115	-98.4021269
40.568	-98.40277
40.56801	-98.40301
40.56801	-98.40341
40.56801	-98.40398
40.56801	-98.40477
40.568	-98.40733
40.568	-98.4082
40.568	-98.40837
40.56799	-98.40961
40.56799	-98.41055
40.56799	-98.41173
40.56799	-98.41183
40.56799	-98.41197
40.56799	-98.41215
40.56798	-98.41377
40.56797	-98.4159
40.56797	-98.41661
40.56797	-98.41756
40.56797	-98.41847
40.56799	-98.41861
40.56798	-98.41896
40.56797	-98.41969
40.56798	-98.42002
40.56798	-98.42104
40.56798	-98.42187
40.56798	-98.42348
40.56796	-98.42357
40.56797	-98.42466
40.56797	-98.42523
40.56797	-98.4257
40.56798	-98.43045
40.568	-98.43406
40.56801	-98.43613
40.568	-98.43676
40.56802	-98.43686
40.56804	-98.43753
40.56806	-98.4384
40.56806	-98.43927
40.56806	-98.43992
40.56808	-98.44079
40.56808	-98.44186
40.56808	-98.44216
40.56809	-98.44262
40.56805	-98.44286
40.56805	-98.44325
40.56805	-98.44353
40.56805	-98.4441
40.56805	-98.44452
40.56806	-98.44589
40.56806	-98.44613
40.56807	-98.44755
40.56807	-98.44778
40.56809	-98.45228
40.5681	-98.45352
40.5681	-98.45376
40.56811	-98.45701
40.56814	-98.45711
40.56814	-98.45732
40.56815	-98.45816
40.56816	-98.4585
40.56817	-98.45856
40.56819	-98.45862
40.56822	-98.4587
40.568219	-98.4587003
40.56823	-98.45871
40.56825	-98.45872
40.56826	-98.45874
40.56827	-98.45875
40.56829	-98.45877
40.5683	-98.45879
40.56831	-98.45881
40.56832	-98.45883
40.56832	-98.45884
40.56832	-98.45886
40.56833	-98.45888
40.56833	-98.45891
40.56833	-98.45893
40.56833	-98.45895
40.56833	-98.45898
40.56833	-98.459
40.56832	-98.45903
40.56832	-98.45905
40.56831	-98.45907
40.5683	-98.4591
40.56829	-98.45912
40.56828	-98.45913
40.56826	-98.45915
40.56825	-98.45917
40.56824	-98.45917
40.5682	-98.45936
40.56817	-98.4595
40.56816	-98.45961
40.56815	-98.4599
40.56815	-98.46042
40.56814	-98.46097
40.56812	-98.4611
40.56812	-98.4656
40.56812	-98.46584
40.56812	-98.46844
40.56812	-98.47318
40.56812	-98.47342
40.56812	-98.47476
40.56812	-98.47564
40.56812	-98.47588
40.56812	-98.4761
40.56812	-98.4773
40.56812	-98.47778
40.56812	-98.47801
40.56811	-98.47997
40.5681	-98.48281
40.5681	-98.48305
40.5681	-98.48368
40.5681	-98.48376
40.56809	-98.48542
40.56809	-98.48565
40.56809	-98.48589
40.56809	-98.48755
40.56809	-98.48855
40.56808	-98.48964
40.56808	-98.49
40.56808	-98.49043
40.56807	-98.49259
40.56807	-98.49319
40.56807	-98.49343
40.56807	-98.49382
40.56807	-98.49414
40.56807	-98.49437
40.56806	-98.49552
40.56806	-98.4958
40.56806	-98.49698
40.56806	-98.4974
40.56806	-98.49799
40.56806	-98.49802
40.56806	-98.49884
40.56805	-98.49923
40.56805	-98.49996
40.56804	-98.5016
40.56804	-98.50176
40.56804	-98.50183
40.56803	-98.50302
40.56803	-98.50363
40.56802	-98.50405
40.56801	-98.50546
40.56801	-98.50561
40.56801	-98.50613
40.56801	-98.50649
40.56801	-98.50685
40.56801	-98.50739
40.56802	-98.50817
40.56802	-98.50938
40.56802	-98.5097
40.56801	-98.51065
40.56801	-98.51176
40.56801	-98.51254
40.56801	-98.51309
40.56801	-98.5142
40.568	-98.51467
40.568	-98.51491
40.568	-98.51602
40.56799	-98.5169
40.56799	-98.51773
40.56799	-98.51808
40.56798	-98.51879
40.56798	-98.51913
40.56797	-98.51927
40.56797	-98.5195
40.56796	-98.52069
40.56796	-98.52071
40.56796	-98.52141
40.56796	-98.52153
40.56795	-98.52177
40.56794	-98.52312
40.56794	-98.52342
40.56794	-98.5239
40.56794	-98.52413
40.56793	-98.52471
40.56792	-98.52626
40.56792	-98.52721
40.56791	-98.52745
40.56791	-98.52872
40.56791	-98.52911
40.5679	-98.53048
40.5679	-98.53071
40.5679	-98.53142
40.56789	-98.53227
40.56789	-98.53308
40.56789	-98.53332
40.56788	-98.53483
40.56788	-98.53521
40.56789	-98.53742
40.56789	-98.53853
40.56789	-98.53942
40.5679	-98.54042
40.5679	-98.54139
40.5679	-98.54231
40.5679	-98.54255
40.56791	-98.54365
40.56791	-98.5446
40.56791	-98.54555
40.56791	-98.54578
40.56791	-98.54723
40.56792	-98.54934
40.56792	-98.54942
40.56792	-98.54981
40.56793	-98.55005
40.56793	-98.55135
40.56795	-98.55147
40.56797	-98.55264
40.56797	-98.55333
40.56797	-98.5542
40.56797	-98.55506
40.56798	-98.55554
40.56795	-98.55634
40.56795	-98.55635
40.56793	-98.55641
40.56794	-98.55735
40.56794	-98.55759
40.56794	-98.55791
40.56794	-98.55988
40.56794	-98.56065
40.56794	-98.56109
40.56794	-98.56267
40.56794	-98.56397
40.56794	-98.56408
40.56794	-98.5642
40.56794	-98.56582
40.56794	-98.56657
40.56794	-98.5676
40.56794	-98.56847
40.56794	-98.5687
40.56794	-98.56894
40.56794	-98.56908
40.56794	-98.56941
40.56794	-98.56965
40.56794	-98.57036
40.56794	-98.57116
40.56794	-98.57178
40.56794	-98.5732
40.56793	-98.57414
40.56793	-98.57422
40.56793	-98.5752
40.56793	-98.57541
40.56792	-98.57612
40.56792	-98.57637
40.56792	-98.57683
40.56792	-98.57724
40.56792	-98.57754
40.56791	-98.57902
40.56791	-98.57943
40.5679	-98.58014
40.5679	-98.58109
40.5679	-98.58224
40.56789	-98.58325
40.56788	-98.58524
40.56788	-98.58564
40.56787	-98.58588
40.56787	-98.58724
40.56786	-98.58867
40.56786	-98.58938
40.56785	-98.59009
40.56785	-98.59067
40.56784	-98.59227
40.56784	-98.59296
40.56784	-98.59336
40.56783	-98.5936
40.56783	-98.59526
40.56783	-98.59549
40.56782	-98.59608
40.56781	-98.59782
40.56781	-98.59905
40.56781	-98.5994
40.5678	-98.59952
40.5678	-98.60141
40.56779	-98.60346
40.56779	-98.60358
40.56779	-98.6037
40.56778	-98.60488
40.56778	-98.6053
40.56778	-98.60731
40.56777	-98.61009
40.56775	-98.61486
40.56775	-98.61568
40.56775	-98.61581
40.56775	-98.61723
40.56774	-98.62047
40.56774	-98.62071
40.56773	-98.62114
40.56773	-98.62403
40.56772	-98.62548
40.56771	-98.62908
40.5677	-98.63095
40.5677	-98.63253
40.56769	-98.63426
40.56769	-98.63429
40.56769	-98.63526
40.56768	-98.63651
40.56768	-98.63901
40.56767	-98.6399
40.56766	-98.64223
40.56766	-98.64306
40.56766	-98.645
40.56766	-98.64522
40.56767	-98.64543
40.56768	-98.64561
40.56769	-98.64602
40.5677	-98.64646
40.56771	-98.64692
40.5677	-98.64749
40.56772	-98.64813
40.56771	-98.6488
40.56771	-98.64921
40.56771	-98.64941
40.56771	-98.64965
40.56768	-98.65004
40.56768	-98.65063
40.56768	-98.6511
40.56768	-98.65137
40.56768	-98.65161
40.56768	-98.65162
40.56768	-98.65208
40.56768	-98.65285
40.56769	-98.65385
40.56769	-98.65416
40.56769	-98.65501
40.56769	-98.65587
40.56771	-98.65596
40.56772	-98.65627
40.56774	-98.65767
40.56774	-98.65891
40.56774	-98.65986
40.56773	-98.6604
40.56771	-98.66053
40.56771	-98.66133
40.56771	-98.66303
40.56771	-98.66319
40.56771	-98.66516
40.56771	-98.66539
40.56771	-98.66563
40.56771	-98.66719
40.56771	-98.6684
40.56771	-98.66864
40.5677	-98.66984
40.5677	-98.67266
40.5677	-98.6729
40.5677	-98.67649
40.56769	-98.67764
40.56769	-98.67906
40.56769	-98.67966
40.56769	-98.6801
40.56769	-98.68053
40.56769	-98.68143
40.56769	-98.6825
40.56769	-98.68296
40.56768	-98.68339
40.56768	-98.68455
40.56768	-98.68563
40.56768	-98.68623
40.56768	-98.6873
40.56768	-98.68825
40.56768	-98.68849
40.56769	-98.68931
40.56769	-98.69062
40.56769	-98.69119
40.56769	-98.69277
40.56769	-98.69346
40.56769	-98.69422
40.56769	-98.69496
40.5677	-98.69572
40.5677	-98.69711
40.5677	-98.69838
40.5677	-98.69912
40.56771	-98.70144
40.56771	-98.70168
40.56771	-98.70215
40.56771	-98.70523
40.56771	-98.70661
40.56772	-98.70836
40.56772	-98.71051
40.56772	-98.71267
40.56772	-98.71281
40.56772	-98.71304
40.56772	-98.71352
40.56772	-98.71398
40.56773	-98.71494
40.56773	-98.71541
40.56773	-98.71583
40.56773	-98.71713
40.56773	-98.71781
40.56773	-98.71842
40.56773	-98.71923
40.56773	-98.72017
40.56773	-98.72041
40.56773	-98.72065
40.56773	-98.72088
40.56773	-98.72136
40.56773	-98.72189
40.56773	-98.72409
40.56773	-98.72488
40.56773	-98.72603
40.56774	-98.72778
40.56774	-98.72792
40.56774	-98.7288
40.56774	-98.72934
40.56774	-98.72957
40.56774	-98.7298
40.56774	-98.7314
40.56774	-98.73147
40.56774	-98.7317
40.56774	-98.7327
40.56774	-98.7336
40.56774	-98.73489
40.56773	-98.73549
40.56773	-98.73618
40.56773	-98.73644
40.56773	-98.73739
40.56773	-98.73751
40.56773	-98.73762
40.56773	-98.73952
40.56773	-98.74184
40.56773	-98.74189
40.56773	-98.74305
40.56773	-98.74338
40.56773	-98.74421
40.56773	-98.74474
40.56773	-98.74562
40.56773	-98.74681
40.56772	-98.74764
40.56772	-98.74851
40.56772	-98.74881
40.56772	-98.7501
40.56772	-98.75199
40.56772	-98.75248
40.56772	-98.75271
40.56772	-98.75302
40.56772	-98.75444
40.56772	-98.75604
40.56772	-98.75675
40.56772	-98.75762
40.56772	-98.75936
40.56771	-98.76111
40.56771	-98.76138
40.56771	-98.76189
40.56771	-98.76213
40.56771	-98.76269
40.56772	-98.76358
40.56772	-98.76516
40.56772	-98.76647
40.56773	-98.76743
40.56773	-98.76793
40.56773	-98.76845
40.56773	-98.76864
40.56773	-98.7698
40.56774	-98.77115
40.56774	-98.77166
40.56775	-98.77282
40.56775	-98.77297
40.56775	-98.77321
40.56775	-98.77344
40.56775	-98.77383
40.56775	-98.77463
40.56775	-98.775
40.56776	-98.77674
40.56776	-98.777
40.56776	-98.77747
40.56776	-98.77805
40.56777	-98.77921
40.56777	-98.78023
40.56777	-98.78102
40.56778	-98.78181
40.56778	-98.78311
40.56778	-98.78398
40.56778	-98.78515
40.56779	-98.78605
40.56779	-98.78647
40.56779	-98.78686
40.56779	-98.7874
40.56779	-98.78745
40.56779	-98.78802
40.56779	-98.78844
40.5678	-98.78934
40.5678	-98.78948
40.5678	-98.78982
40.5678	-98.79015
40.5678	-98.79053
40.5678	-98.79087
40.5678	-98.79117
40.5678	-98.79149
40.5678	-98.79178
40.5678	-98.792
40.5678	-98.79211
40.56779	-98.79244
40.56779	-98.79261
40.56778	-98.7927
40.56778	-98.79285
40.56776	-98.793
40.56774	-98.79325
40.56771	-98.79355
40.56769	-98.79376
40.56769	-98.79378
40.56767	-98.79388
40.56765	-98.79403
40.56762	-98.79422
40.56757	-98.79447
40.56757	-98.79451
40.5675	-98.79486
40.56747	-98.79499
40.56743	-98.79515
40.56735	-98.79543
40.56728	-98.7957
40.5672	-98.79597
40.56706	-98.79637
40.56697	-98.79662
40.56686	-98.79689
40.5668	-98.79703
40.5667	-98.79727
40.56652	-98.79764
40.56646	-98.79777
40.56634	-98.79799
40.5662	-98.79824
40.56607	-98.79846
40.56592	-98.7987
40.56571	-98.79902
40.56555	-98.79923
40.56547	-98.79933
40.56531	-98.79954
40.56496	-98.79998
40.56475	-98.80023
40.5645	-98.80052
40.56433	-98.80073
40.56425	-98.80083
40.56395	-98.80121
40.56365	-98.80164
40.56344	-98.80198
40.56337	-98.8021
40.56326	-98.80229
40.56325	-98.80231
40.56314	-98.80253
40.56312	-98.80256
40.56305	-98.80269
40.56299	-98.80281
40.56294	-98.80293
40.56288	-98.80305
40.56287	-98.80308
40.56278	-98.80328
40.56257	-98.80377
40.5623	-98.8044
40.56187	-98.8054
40.56144	-98.8064
40.56112	-98.80716
40.56074	-98.80805
40.56045	-98.80873
40.56	-98.80979
40.55967	-98.81056
40.55941	-98.81118
40.55919	-98.81169
40.55881	-98.81256
40.55843	-98.81346
40.55811	-98.8142
40.55789	-98.81472
40.55768	-98.81521
40.55763	-98.81533
40.55746	-98.81572
40.55727	-98.81616
40.55719	-98.81637
40.55709	-98.81659
40.55677	-98.81735
40.55675	-98.8174
40.55639	-98.81824
40.5563	-98.81843
40.55614	-98.81879
40.55605	-98.81902
40.55579	-98.81963
40.55526	-98.82087
40.55511	-98.82124
40.55483	-98.82188
40.55445	-98.82277
40.55413	-98.82353
40.55369	-98.82454
40.55343	-98.82516
40.55316	-98.82578
40.55267	-98.82692
40.55197	-98.82856
40.55159	-98.82945
40.55098	-98.83089
40.55035	-98.83234
40.5497	-98.83387
40.54937	-98.83463
40.54915	-98.83515
40.54893	-98.83567
40.54862	-98.83639
40.54853	-98.83659
40.54801	-98.83783
40.5472	-98.8397
40.54612	-98.84222
40.54563	-98.84337
40.54537	-98.844
40.54536	-98.84402
40.54527	-98.84422
40.54499	-98.84488
40.54492	-98.84505
40.54483	-98.84526
40.54474	-98.84546
40.54472	-98.84551
40.54429	-98.84652
40.54326	-98.84892
40.54288	-98.8498
40.5424	-98.85094
40.54227	-98.85124
40.54195	-98.85198
40.54178	-98.85239
40.54165	-98.85271
40.54158	-98.8529
40.54154	-98.853
40.54139	-98.85337
40.54133	-98.85353
40.54125	-98.85374
40.54119	-98.85389
40.54104	-98.85429
40.5409	-98.85467
40.5408	-98.85493
40.5407	-98.85521
40.54057	-98.85558
40.54054	-98.85565
40.54042	-98.85598
40.54027	-98.85639
40.54009	-98.85689
40.53998	-98.85715
40.53979	-98.85766
40.53959	-98.8582
40.53869	-98.86036
40.5374	-98.86335
40.53663	-98.86515
40.53602	-98.8666
40.53565	-98.86745
40.53512	-98.86868
40.53452	-98.87008
40.53434	-98.87051
40.53416	-98.87093
40.53385	-98.87166
40.53363	-98.87216
40.53333	-98.87287
40.5329	-98.87387
40.53274	-98.87425
40.53204	-98.87588
40.53158	-98.87696
40.53113	-98.87799
40.53078	-98.87881
40.53025	-98.88005
40.53022	-98.88013
40.52972	-98.88129
40.52963	-98.88149
40.52885	-98.88332
40.52831	-98.88458
40.52786	-98.88561
40.52734	-98.88685
40.52733	-98.88686
40.52678	-98.88816
40.52663	-98.8885
40.52646	-98.88892
40.52641	-98.88903
40.52525	-98.89164
40.5247	-98.8929
40.52447	-98.89347
40.52414	-98.89428
40.52392	-98.89481
40.52297	-98.89704
40.52271	-98.89766
40.52235	-98.89848
40.52217	-98.89889
40.52132	-98.90079
40.52065	-98.90231
40.52007	-98.90358
40.51845	-98.90718
40.51815	-98.90786
40.51599	-98.91263
40.51559	-98.91355
40.51541	-98.91394
40.51399	-98.91725
40.51391	-98.91746
40.51355	-98.91828
40.51214	-98.92158
40.51205	-98.92179
40.51143	-98.92323
40.51048	-98.92546
40.50995	-98.92668
40.50986	-98.92689
40.50964	-98.92741
40.50943	-98.92792
40.50934	-98.92812
40.50925	-98.92833
40.50913	-98.92863
40.50891	-98.92919
40.50879	-98.9295
40.50868	-98.92977
40.50867	-98.9298
40.50859	-98.93003
40.50852	-98.93023
40.50849	-98.9303
40.50841	-98.93052
40.50829	-98.93087
40.50824	-98.931
40.50819	-98.93114
40.5081	-98.93141
40.50806	-98.93155
40.50801	-98.93168
40.50794	-98.93192
40.50785	-98.9322
40.50769	-98.93269
40.50738	-98.93376
40.50731	-98.93402
40.50716	-98.93456
40.50681	-98.93598
40.50659	-98.93686
40.50641	-98.93758
40.50624	-98.93826
40.506	-98.93924
40.506	-98.93936
40.506	-98.93939
40.506	-98.93943
40.50588	-98.93992
40.5058	-98.94025
40.50566	-98.94085
40.50547	-98.94176
40.50541	-98.94201
40.50536	-98.94223
40.50499	-98.94366
40.50492	-98.94388
40.50484	-98.94417
40.50479	-98.94434
40.50442	-98.94574
40.50413	-98.94685
40.50391	-98.94773
40.50369	-98.94862
40.5036	-98.94898
40.50357	-98.94912
40.50327	-98.95048
40.50323	-98.95068
40.50314	-98.95126
40.50313	-98.95137
40.50309	-98.95182
40.5030924	-98.9518174
40.50346	-98.95181
40.504	-98.95183
40.50489	-98.95183
40.50577	-98.95183
40.50668	-98.95185
40.50721	-98.95186
40.50768	-98.95184
40.50905	-98.95184
40.51026	-98.95186
40.51055	-98.95188
40.51073	-98.9519
40.51181	-98.95191
40.51196	-98.95191
40.51222	-98.95191
40.51378	-98.9519
40.51474	-98.9519
40.51509	-98.9519
40.516	-98.9519
40.51629	-98.9519
40.51752	-98.95186
40.51768	-98.95186
40.51896	-98.95183
40.52011	-98.95184
40.52031	-98.95184
40.52244	-98.95186
40.52478	-98.95188
40.52698	-98.95191
40.52852	-98.95191
40.52985	-98.9519
40.53071	-98.95189
40.53123	-98.95189
40.53212	-98.95188
40.53351	-98.95187
40.53374	-98.95187
40.5365	-98.95185
40.53697	-98.95184
40.538	-98.95183
40.53826	-98.95183
40.53874	-98.95183
40.53933	-98.95182
40.5398	-98.95182
40.54288	-98.9518
40.54406	-98.9518
40.54561	-98.95181
40.54639	-98.95181
40.54653	-98.9518
40.54716	-98.95181
40.54868	-98.95181
40.54941	-98.95181
40.54959	-98.95181
40.55032	-98.95181
40.55159	-98.95182
40.55196	-98.95181
40.5521	-98.95181
40.55228	-98.95181
40.55385	-98.95181
40.55465	-98.95181
40.55576	-98.9518
40.55594	-98.9518
40.55708	-98.9518
40.55795	-98.9518
40.559	-98.9518
40.55918	-98.9518
40.56063	-98.9518
40.56204	-98.95179
40.56277	-98.95179
40.56295	-98.95179
40.56334	-98.95179
40.56453	-98.95179
40.56637	-98.95179
40.56673	-98.9518
40.56694	-98.9518
40.56703	-98.9518
40.56811	-98.95181
40.56835	-98.95182
40.56867	-98.95182
40.56874	-98.95183
40.56984	-98.95184
40.57125	-98.95187
40.5719	-98.95188
40.57244	-98.95189
40.57328	-98.9519
40.5743	-98.95192
40.57472	-98.95193
40.57485	-98.95193
40.57561	-98.95193
40.57605	-98.95192
40.57641	-98.95191
40.57659	-98.9519
40.57767	-98.95187
40.57811	-98.95187
40.57875	-98.95185
40.57888	-98.95185
40.57893	-98.95185
40.57951	-98.95184
40.57965	-98.95183
40.58027	-98.95182
40.58036	-98.95182
40.58082	-98.95181
40.58126	-98.9518
40.58144	-98.95179
40.5829	-98.95177
40.5832	-98.95176
40.58406	-98.95174
40.58441	-98.95173
40.58459	-98.95173
40.58537	-98.95172
40.58614	-98.95172
40.58722	-98.95171
40.58819	-98.9517
40.58983	-98.95169
40.59069	-98.95169
40.5908	-98.95169
40.59089	-98.95169
40.59107	-98.95169
40.59145	-98.95169
40.59232	-98.95169
40.59377	-98.95168
40.59426	-98.95168
40.59447	-98.95167
40.59526	-98.95167
40.59634	-98.95166
40.59698	-98.95166
40.59741	-98.95166
40.59839	-98.95166
40.60022	-98.95166
40.60076	-98.95166
40.60142	-98.95165
40.60196	-98.95165
40.60327	-98.95164
40.60397	-98.95163
40.60447	-98.95162
40.60482	-98.95162
40.60503	-98.95161
40.60656	-98.9516
40.60749	-98.9516
40.60793	-98.95159
40.60901	-98.95157
40.60983	-98.95157
40.60988	-98.95157
40.61128	-98.95156
40.61158	-98.95156
40.61203	-98.95156
40.61244	-98.95155
40.61316	-98.95155
40.61651	-98.95152
40.61725	-98.95152
40.61739	-98.95151
40.61743	-98.95151
40.61869	-98.9515
40.61902	-98.9515
40.61967	-98.9515
40.62097	-98.9515
40.62195	-98.95149
40.62301	-98.95149
40.62355	-98.95148
40.62646	-98.95147
40.62706	-98.95148
40.62806	-98.95148
40.62887	-98.95146
40.62944	-98.95146
40.63098	-98.95145
40.6316	-98.95144
40.63258	-98.95144
40.63309	-98.95143
40.63319	-98.95143
40.6341	-98.95142
40.63551	-98.95141
40.63589	-98.95141
40.63606	-98.95141
40.63705	-98.9514
40.63713	-98.9514
40.63793	-98.9514
40.63862	-98.95142
40.63924	-98.95141
40.63957	-98.95141
40.64102	-98.95143
40.6410225	-98.9514311
40.641	-98.95307
40.641	-98.95309
40.641	-98.95333
40.64099	-98.95407
40.64099	-98.95449
40.64098	-98.95492
40.64098	-98.95534
40.64098	-98.95537
40.64097	-98.9558
40.64096	-98.95694
40.64096	-98.95759
40.64096	-98.95822
40.64093	-98.95968
40.64093	-98.95996
40.64092	-98.96097
40.64094	-98.96193
40.64094	-98.96306
40.64094	-98.96328
40.64095	-98.96449
40.64097	-98.96563
40.64097	-98.96658
40.641	-98.96962
40.641	-98.97041
40.64106	-98.97207
40.64101	-98.97419
40.64099	-98.97821
40.64101	-98.98178
40.64109	-98.98529
40.64101	-98.98865
40.64101	-98.98913
40.64101	-98.98948
40.64101	-98.99033
40.641	-98.99616
40.641	-98.9966
40.641	-98.99732
40.641	-98.99752
40.641	-98.99811
40.64101	-98.99826
40.641	-98.99842
40.64101	-98.99874
40.64101	-99.00222
40.64101	-99.00281
40.64101	-99.00359
40.64101	-99.00401
40.64101	-99.00436
40.64101	-99.00493
40.64102	-99.00756
40.64101	-99.00854
40.64101	-99.00955
40.64102	-99.00981
40.64101	-99.01073
40.64101	-99.01239
40.64102	-99.01294
40.64101	-99.01403
40.64101	-99.01436
40.64101	-99.01474
40.64102	-99.02219
40.641	-99.02338
40.641	-99.02504
40.641	-99.02527
40.641	-99.02621
40.64101	-99.02674
40.641	-99.02769
40.641	-99.03078
40.641	-99.03178
40.641	-99.03197
40.641	-99.03227
40.641	-99.03527
40.64099	-99.03642
40.641	-99.03716
40.64099	-99.03741
40.641	-99.03779
40.64097	-99.04128
40.64099	-99.0433
40.64098	-99.04442
40.64099	-99.04604
40.64098	-99.04746
40.64098	-99.04859
40.64099	-99.05044
40.64099	-99.05355
40.641	-99.05469
40.641	-99.05605
40.64099	-99.05638
40.64099	-99.05647
40.64099	-99.05734
40.64099	-99.05855
40.64099	-99.06588
40.64098	-99.07047
40.64099	-99.0744
40.64099	-99.0769
40.64099	-99.07805
40.64099	-99.07934
40.64099	-99.08128
40.64099	-99.08283
40.641	-99.08296
40.64099	-99.08367
40.64099	-99.08481
40.6409939	-99.0848119
40.64125	-99.08482
40.64197	-99.08481
40.64269	-99.0848
40.64696	-99.08482
40.64828	-99.08482
40.64883	-99.08483
40.64911	-99.08484
40.6494	-99.08485
40.64966	-99.08488
40.64993	-99.08492
40.65023	-99.08497
40.65055	-99.08504
40.65064	-99.08506
40.65083	-99.0851
40.65122	-99.08522
40.65202	-99.08547
40.65238	-99.08559
40.65287	-99.08576
40.65291	-99.08577
40.65307	-99.08581
40.65325	-99.08586
40.65356	-99.08595
40.65371	-99.08598
40.65415	-99.08608
40.65431	-99.0861
40.65475	-99.08615
40.65503	-99.08618
40.65547	-99.08619
40.65705	-99.08616
40.65849	-99.08614
40.66008	-99.0861
40.66017	-99.08607
40.6603	-99.08605
40.66065	-99.08605
40.66087	-99.08604
40.66114	-99.08604
40.66142	-99.08603
40.66197	-99.08602
40.66241	-99.08601
40.66377	-99.08598
40.66403	-99.08598
40.66456	-99.08597
40.6649	-99.08596
40.66616	-99.08593
40.66634	-99.08592
40.66706	-99.08591
40.66734	-99.0859
40.66761	-99.0859
40.66797	-99.08589
40.66855	-99.08587
40.66878	-99.08587
40.66896	-99.08586
40.66906	-99.08586
40.66908	-99.08586
40.6691	-99.08586
40.66911	-99.08586
40.66924	-99.08585
40.66928	-99.08585
40.66934	-99.08585
40.66936	-99.08585
40.66942	-99.08585
40.6696	-99.08585
40.66972	-99.08585
40.6699	-99.08584
40.67044	-99.08584
40.67059	-99.08583
40.67083	-99.08582
40.67101	-99.08581
40.6710056	-99.0858073
40.67125	-99.08582
40.6717	-99.08582
40.67205	-99.08582
40.67206	-99.08582
40.6721	-99.08581
40.67237	-99.08579
40.67248	-99.08578
40.67273	-99.08575
40.67305	-99.08571
40.67339	-99.08565
40.67448	-99.08541
40.67499	-99.0853
40.67573	-99.08514
40.67608	-99.08507
40.67618	-99.08505
40.67625	-99.08504
40.67672	-99.08498
40.67697	-99.08494
40.67719	-99.08491
40.67779	-99.08485
40.67839	-99.08481
40.67872	-99.0848
40.67911	-99.08479
40.67989	-99.08476
40.68001	-99.08476
40.68037	-99.08476
40.68122	-99.08475
40.68151	-99.08474
40.68185	-99.08471
40.68238	-99.08471
40.68352	-99.08469
40.68408	-99.08468
40.68452	-99.08467
40.685	-99.08466
40.6850048	-99.0846584
40.685	-99.08433
40.685	-99.08415
40.685	-99.0838
40.685	-99.08353
40.685	-99.08341
40.68501	-99.08204
40.685	-99.08132
40.685	-99.08062
40.68501	-99.07996
40.68501	-99.07928
40.68501	-99.07905
40.68503	-99.07859
40.68503	-99.07838
40.68503	-99.07791
40.68503	-99.07654
40.68503	-99.07585
40.68502	-99.07514
40.685	-99.07377
40.685	-99.0731
40.68499	-99.07244
40.68499	-99.07115
40.68497	-99.07018
40.68496	-99.06942
40.68495	-99.06856
40.68494	-99.06809
40.68494	-99.06793
40.68495	-99.0677
40.68499	-99.06715
40.68501	-99.06687
40.68503	-99.06647
40.68501	-99.066
40.685	-99.06566
40.68499	-99.0636
40.68499	-99.0635
40.68499	-99.06315
40.68498	-99.06171
40.68497	-99.0614
40.68497	-99.0613
40.68497	-99.06117
40.68497	-99.06052
40.68496	-99.05934
40.68495	-99.05732
40.68494	-99.05677
40.68494	-99.05665
40.68491	-99.05357
40.68489	-99.05068
40.68487	-99.04736
40.68487	-99.04711
40.68487	-99.0469
40.68486	-99.04614
40.68486	-99.04598
40.68484	-99.0413
40.68481	-99.03632
40.6848	-99.03369
40.6848	-99.03324
40.68479	-99.03119
40.68474	-99.0306
40.68474	-99.02902
40.6847417	-99.0290233
40.68146	-99.02906
40.68128	-99.02906
40.68092	-99.02906
40.68074	-99.02907
40.67751	-99.0291
40.67734	-99.02911
40.67651	-99.02911
40.67597	-99.02912
40.67576	-99.02912
40.67565	-99.02912
40.67525	-99.02912
40.67504	-99.02911
40.67499	-99.02912
40.67492	-99.02912
40.67481	-99.02913
40.67457	-99.02913
40.67421	-99.02913
40.67375	-99.02914
40.67357	-99.02914
40.67339	-99.02914
40.67321	-99.02914
40.67303	-99.02915
40.67285	-99.02915
40.67267	-99.02915
40.67249	-99.02915
40.67231	-99.02916
40.6723133	-99.0291552
40.6723	-99.02965
40.6723	-99.02973
40.67229	-99.02988
40.67227	-99.03003
40.67222	-99.03022
40.67214	-99.03037
40.67204	-99.03053
40.67194	-99.03067
40.67186	-99.03073
40.67177	-99.03079
40.67174	-99.03081
40.67164	-99.03085
40.67156	-99.03087
40.67142	-99.03089
40.67124	-99.03092
40.67123	-99.03092
40.6711	-99.03095
40.67106	-99.03096
40.67098	-99.03099
40.67085	-99.03106
40.67076	-99.03113
40.67069	-99.03121
40.6706	-99.03131
40.67054	-99.03143
40.67049	-99.03153
40.67045	-99.03165
40.6704	-99.03184
40.67037	-99.03208
40.67037	-99.03251
40.67037	-99.03254
40.67037	-99.03313
40.67036	-99.03496
40.67036	-99.03566
40.67037	-99.03589
40.67037	-99.03591
40.67039	-99.03606
40.67044	-99.03637
40.6705	-99.0366
40.67056	-99.0368
40.67062	-99.03697
40.67069	-99.0371
40.6707	-99.03714
40.6708	-99.03735
40.67088	-99.03757
40.67093	-99.03782
40.67097	-99.03801
40.67098	-99.03821
40.67099	-99.03849
40.6709874	-99.0384851
