41.8281835	-103.7072705
41.8532143	-103.6254101
41.8153035	-103.5234065
41.8281808	-103.7072546
41.8281863	-103.7072679
41.82849	-103.70788
41.8284943	-103.7078788
41.82847	-103.70794
41.82842	-103.70801
41.82827	-103.70815
41.82819	-103.70821
41.82814	-103.70825
41.82805	-103.70827
41.8280494	-103.7082749
41.82774	-103.70759
41.82747	-103.70702
41.82743	-103.70693
41.82712	-103.70624
41.82697	-103.7059
41.82677	-103.70545
41.82629	-103.7043
41.82621	-103.70409
41.82605	-103.70367
41.82602	-103.70358
41.82597	-103.70345
41.82585	-103.70315
41.82565	-103.70259
41.82564	-103.70257
41.82557	-103.70237
41.82539	-103.70184
41.82534	-103.70171
41.82534	-103.70169
41.82531	-103.70162
41.82527	-103.70149
41.82526	-103.70145
41.82502	-103.70071
41.82477	-103.69988
41.82466	-103.69948
41.82463	-103.69939
41.8246	-103.69925
41.82452	-103.69898
41.82429	-103.69817
41.82414	-103.69761
41.82398	-103.69706
41.82383	-103.69655
41.8238	-103.69645
41.82376	-103.69632
41.8237	-103.6961
41.82369	-103.69609
41.82369	-103.69607
41.82355	-103.69565
41.82348	-103.69543
41.82342	-103.69524
41.82305	-103.6942
41.82285	-103.69365
41.8228467	-103.6936485
41.82252	-103.69275
41.82236	-103.69233
41.82219	-103.69186
41.82196	-103.69123
41.82189	-103.69103
41.82186	-103.69096
41.82182	-103.69081
41.82178	-103.69069
41.82168	-103.6903
41.8216	-103.69
41.82154	-103.68963
41.82151	-103.68943
41.82148	-103.68924
41.82143	-103.68871
41.82142	-103.68836
41.82141	-103.68788
41.82142	-103.68768
41.82141	-103.6875
41.82142	-103.6873
41.82141	-103.68704
41.82141	-103.6868
41.82142	-103.6863
41.82142	-103.68588
41.82142	-103.68537
41.82142	-103.68481
41.8214212	-103.6848132
41.82142	-103.68469
41.82142	-103.68461
41.82142	-103.68451
41.82142	-103.68371
41.82142	-103.68354
41.82142	-103.6833
41.82142	-103.6821
41.82142	-103.68126
41.82143	-103.68113
41.82143	-103.68046
41.82143	-103.6797
41.82143	-103.67949
41.82143	-103.67826
41.82143	-103.67774
41.82143	-103.67742
41.82143	-103.67709
41.82144	-103.67664
41.82144	-103.67624
41.82144	-103.67611
41.82144	-103.67585
41.82145	-103.67505
41.82145	-103.67487
41.82146	-103.67438
41.82148	-103.67219
41.82148	-103.67162
41.82149	-103.67098
41.8215	-103.67011
41.8215	-103.66983
41.82151	-103.66954
41.82151	-103.66898
41.82152	-103.66817
41.82151	-103.66777
41.82152	-103.6675
41.82153	-103.66676
41.82153	-103.66594
41.82154	-103.6657
41.82154	-103.66542
41.82154	-103.66522
41.82155	-103.66452
41.82155	-103.66408
41.82156	-103.66312
41.82157	-103.66235
41.82157	-103.66211
41.82157	-103.66171
41.82159	-103.66104
41.82157	-103.6603
41.82158	-103.65959
41.82158	-103.65955
41.8216	-103.65885
41.8216	-103.65836
41.82161	-103.65745
41.82163	-103.65541
41.82164	-103.65476
41.82164	-103.65465
41.82166	-103.65407
41.82165	-103.65395
41.82166	-103.65355
41.82166	-103.65325
41.82167	-103.65255
41.82168	-103.65198
41.82169	-103.65112
41.8217	-103.65068
41.82171	-103.64985
41.82173	-103.64827
41.82175	-103.64587
41.82175	-103.64563
41.82175	-103.6454
41.82176	-103.64505
41.82178	-103.64336
41.82179	-103.6421
41.8218	-103.64159
41.8218	-103.64111
41.82181	-103.64097
41.82181	-103.64086
41.82183	-103.63917
41.82184	-103.63821
41.82184	-103.63736
41.82185	-103.63686
41.82187	-103.63633
41.8218673	-103.6363253
41.82182	-103.63622
41.82191	-103.63621
41.82251	-103.63621
41.82275	-103.6362
41.82293	-103.6362
41.82321	-103.6362
41.82346	-103.6362
41.82428	-103.63619
41.82524	-103.63619
41.82572	-103.63619
41.82714	-103.6362
41.82748	-103.6362
41.8291	-103.6362
41.83054	-103.63621
41.8305431	-103.636208
41.83055	-103.63596
41.83055	-103.63534
41.83055	-103.6351
41.83057	-103.63316
41.83057	-103.63245
41.83058	-103.6322
41.83059	-103.63195
41.8306	-103.63176
41.83062	-103.63161
41.83063	-103.63152
41.83064	-103.63148
41.83073	-103.63112
41.8307317	-103.6311178
41.8308	-103.63089
41.83119	-103.63133
41.83135	-103.63151
41.8314	-103.63158
41.83149	-103.63167
41.83162	-103.63182
41.83177	-103.63199
41.83226	-103.63255
41.8326	-103.63292
41.83295	-103.63328
41.83313	-103.63345
41.83348	-103.63377
41.83367	-103.63392
41.83377	-103.634
41.83378	-103.634
41.83387	-103.63406
41.83393	-103.63411
41.83406	-103.6342
41.83422	-103.6343
41.83435	-103.63439
41.83455	-103.63451
41.83475	-103.63462
41.83485	-103.63467
41.83496	-103.63472
41.83507	-103.63478
41.83516	-103.63482
41.83526	-103.63486
41.83537	-103.63491
41.83549	-103.63496
41.83558	-103.63499
41.83568	-103.63503
41.83578	-103.63506
41.83592	-103.6351
41.83601	-103.63513
41.83613	-103.63516
41.83622	-103.63518
41.83631	-103.6352
41.83643	-103.63522
41.83654	-103.63524
41.83665	-103.63526
41.83676	-103.63528
41.83684	-103.63529
41.83687	-103.63529
41.83699	-103.63531
41.83709	-103.63531
41.83719	-103.63532
41.8373	-103.63533
41.83742	-103.63533
41.83763	-103.63534
41.83786	-103.63534
41.83806	-103.63534
41.8381	-103.63534
41.83818	-103.63534
41.83828	-103.63534
41.83861	-103.63534
41.83882	-103.63535
41.83905	-103.63535
41.83918	-103.63535
41.83936	-103.63535
41.83937	-103.63535
41.84003	-103.63536
41.84026	-103.63536
41.8404	-103.63536
41.84044	-103.63536
41.8408	-103.63537
41.84151	-103.63538
41.84185	-103.63538
41.84226	-103.63539
41.84228	-103.63539
41.84262	-103.6354
41.84298	-103.6354
41.8433	-103.6354
41.84334	-103.6354
41.84363	-103.6354
41.8438	-103.6354
41.84388	-103.6354
41.84406	-103.6354
41.84407	-103.6354
41.84424	-103.6354
41.8444	-103.6354
41.8446	-103.63538
41.84462	-103.63538
41.84474	-103.63537
41.84482	-103.63536
41.84494	-103.63535
41.84503	-103.63533
41.84515	-103.63531
41.84526	-103.63529
41.84536	-103.63527
41.84548	-103.63525
41.84569	-103.6352
41.84579	-103.63517
41.84585	-103.63515
41.84591	-103.63513
41.84601	-103.6351
41.84613	-103.63506
41.8462	-103.63504
41.84625	-103.63502
41.84632	-103.63499
41.84637	-103.63497
41.84642	-103.63495
41.84653	-103.63491
41.84663	-103.63486
41.84674	-103.63481
41.84684	-103.63477
41.84688	-103.63475
41.84696	-103.63471
41.84705	-103.63466
41.84715	-103.63461
41.84725	-103.63455
41.84745	-103.63444
41.84763	-103.63432
41.84787	-103.63416
41.84806	-103.63402
41.84823	-103.63389
41.84833	-103.63381
41.84843	-103.63373
41.84849	-103.63367
41.84868	-103.6335
41.8488	-103.63338
41.84894	-103.63325
41.84905	-103.63313
41.84913	-103.63305
41.84921	-103.63296
41.84924	-103.63292
41.84929	-103.63287
41.84937	-103.63278
41.84945	-103.63268
41.84953	-103.63258
41.84961	-103.63248
41.84968	-103.63239
41.84977	-103.63228
41.8499	-103.6321
41.84999	-103.63197
41.85014	-103.63174
41.8502	-103.63164
41.85028	-103.63152
41.85035	-103.63141
41.85047	-103.63119
41.85054	-103.63107
41.8506	-103.63096
41.85067	-103.63083
41.85072	-103.63072
41.85078	-103.6306
41.85084	-103.63048
41.8509	-103.63036
41.85097	-103.6302
41.85107	-103.62999
41.85116	-103.62978
41.85126	-103.62957
41.85135	-103.62936
41.85154	-103.62895
41.85173	-103.62854
41.85193	-103.62812
41.85244	-103.62701
41.85249	-103.62691
41.85258	-103.6267
41.85268	-103.62649
41.85272	-103.62639
41.85293	-103.62592
41.85312	-103.6255
41.85318	-103.62535
41.85322	-103.62539
41.8532225	-103.6253926
41.8532225	-103.6253926
41.85331	-103.62547
41.85323	-103.6256
41.85261	-103.62698
41.85234	-103.62758
41.85195	-103.62847
41.85168	-103.62907
41.85147	-103.62954
41.85141	-103.62969
41.8514	-103.6297
41.85136	-103.6298
41.85121	-103.63011
41.85118	-103.63018
41.85112	-103.63031
41.85108	-103.63039
41.85099	-103.63059
41.85092	-103.63073
41.85087	-103.63084
41.8508	-103.63098
41.85069	-103.63118
41.8506	-103.63134
41.85049	-103.63153
41.85036	-103.63175
41.85022	-103.63197
41.85007	-103.63218
41.84998	-103.63231
41.84992	-103.63239
41.84984	-103.6325
41.84978	-103.63258
41.84974	-103.63264
41.84964	-103.63276
41.84954	-103.63289
41.84952	-103.63291
41.84946	-103.63297
41.84936	-103.63309
41.84927	-103.63319
41.84925	-103.63322
41.84919	-103.63328
41.84911	-103.63337
41.84898	-103.6335
41.84892	-103.63355
41.84858	-103.63387
41.84814	-103.63421
41.8477	-103.63454
41.84752	-103.63464
41.84732	-103.63476
41.84711	-103.63488
41.84692	-103.63498
41.84681	-103.63503
41.84672	-103.63507
41.8466	-103.63512
41.8465	-103.63516
41.84629	-103.63524
41.84608	-103.63531
41.84591	-103.63537
41.84576	-103.63541
41.84557	-103.63546
41.84542	-103.63549
41.84529	-103.63552
41.84513	-103.63555
41.845	-103.63557
41.84491	-103.63558
41.84476	-103.6356
41.84467	-103.63561
41.8446	-103.63561
41.84446	-103.63562
41.84433	-103.63563
41.84424	-103.63563
41.8442	-103.63563
41.84391	-103.63563
41.84348	-103.63563
41.84336	-103.63563
41.84305	-103.63563
41.84258	-103.63564
41.84257	-103.63564
41.84191	-103.63562
41.84151	-103.63561
41.84047	-103.6356
41.84029	-103.6356
41.83939	-103.63559
41.83921	-103.63558
41.83885	-103.63558
41.83843	-103.63558
41.83799	-103.63557
41.83795	-103.63557
41.83769	-103.63557
41.8371	-103.63554
41.83702	-103.63554
41.8369	-103.63553
41.83675	-103.63551
41.83665	-103.6355
41.83655	-103.63548
41.83645	-103.63546
41.83634	-103.63544
41.83627	-103.63543
41.83616	-103.6354
41.83611	-103.63539
41.83593	-103.63534
41.83572	-103.63527
41.83559	-103.63523
41.83551	-103.6352
41.83537	-103.63515
41.83527	-103.63511
41.8352	-103.63508
41.83509	-103.63503
41.83499	-103.63499
41.83494	-103.63496
41.83478	-103.63488
41.83467	-103.63482
41.83449	-103.63472
41.83432	-103.63463
41.83416	-103.63453
41.83401	-103.63443
41.8338	-103.63427
41.83369	-103.63419
41.83364	-103.63416
41.8335	-103.63405
41.83348	-103.63403
41.83323	-103.63382
41.83292	-103.63354
41.83272	-103.63334
41.83252	-103.63312
41.83227	-103.63285
41.83176	-103.63229
41.83161	-103.63212
41.83121	-103.63167
41.83073	-103.63112
41.83062	-103.63099
41.83042	-103.63078
41.83025	-103.6306
41.83017	-103.63052
41.83011	-103.63046
41.83008	-103.63042
41.82981	-103.63018
41.82973	-103.6301
41.82963	-103.63002
41.82954	-103.62995
41.82944	-103.62987
41.82936	-103.6298
41.82925	-103.62972
41.82906	-103.62958
41.82886	-103.62945
41.82876	-103.62939
41.82866	-103.62932
41.82855	-103.62926
41.82844	-103.6292
41.82836	-103.62916
41.82826	-103.6291
41.82816	-103.62906
41.82806	-103.62901
41.82782	-103.6289
41.82773	-103.62886
41.82753	-103.62879
41.82721	-103.62868
41.82712	-103.62866
41.827	-103.62862
41.82689	-103.62859
41.82678	-103.62857
41.82662	-103.62853
41.82645	-103.6285
41.82625	-103.62847
41.8258	-103.62843
41.82547	-103.62842
41.8254	-103.62842
41.82525	-103.62843
41.82493	-103.62845
41.82464	-103.62848
41.82444	-103.62851
41.82428	-103.62854
41.82408	-103.62859
41.82393	-103.62862
41.82376	-103.62867
41.82364	-103.6287
41.82354	-103.62874
41.82344	-103.62877
41.82333	-103.62881
41.82315	-103.62888
41.82303	-103.62894
41.82298	-103.62896
41.82291	-103.62899
41.82281	-103.62904
41.82266	-103.62911
41.82255	-103.62917
41.82247	-103.62921
41.8224	-103.62925
41.82231	-103.62931
41.82206	-103.62946
41.82182	-103.62961
41.82163	-103.62974
41.8213	-103.62995
41.82112	-103.63007
41.82108	-103.6301
41.82073	-103.63033
41.82057	-103.63042
41.82037	-103.63055
41.81989	-103.63086
41.8198934	-103.630861
41.81968	-103.63118
41.81967	-103.6312
41.81966	-103.63123
41.81963	-103.63127
41.8196	-103.63133
41.81957	-103.6314
41.81954	-103.6315
41.81952	-103.63159
41.81951	-103.63163
41.81951	-103.63167
41.8195	-103.63178
41.81949	-103.63186
41.8195	-103.63194
41.8195	-103.63202
41.81951	-103.6321
41.81953	-103.63216
41.81954	-103.63223
41.81956	-103.6323
41.81958	-103.63233
41.81958	-103.63234
41.81959	-103.63237
41.81961	-103.63242
41.81963	-103.63246
41.81966	-103.63253
41.81967	-103.63254
41.81969	-103.63257
41.81972	-103.63261
41.81975	-103.63265
41.81978	-103.63269
41.81981	-103.63272
41.81983	-103.63274
41.81986	-103.63277
41.8199	-103.6328
41.81994	-103.63282
41.81995	-103.63283
41.81998	-103.63285
41.82003	-103.63287
41.82007	-103.63289
41.82011	-103.6329
41.82015	-103.63291
41.8202	-103.63292
41.82025	-103.63292
41.82028	-103.63292
41.8203	-103.63292
41.82032	-103.63292
41.82035	-103.63292
41.82037	-103.63292
41.82041	-103.63291
41.82045	-103.63289
41.82048	-103.63288
41.8205	-103.63287
41.82054	-103.63285
41.8206	-103.63282
41.82065	-103.63279
41.82114	-103.6325
41.8211384	-103.6324989
41.82076	-103.63127
41.82057	-103.63067
41.82035	-103.62994
41.82031	-103.62982
41.82024	-103.6296
41.82012	-103.62921
41.81986	-103.62839
41.8198636	-103.6283883
41.81979	-103.62844
41.81967	-103.62851
41.8195	-103.62861
41.81937	-103.62868
41.81926	-103.62874
41.81917	-103.6288
41.81912	-103.62882
41.81908	-103.62885
41.81905	-103.62888
41.819	-103.62892
41.81898	-103.62894
41.81896	-103.62896
41.81893	-103.629
41.81891	-103.62903
41.81889	-103.62905
41.81885	-103.62912
41.8188	-103.62921
41.8188	-103.62922
41.81879	-103.62925
41.81877	-103.6293
41.81876	-103.62934
41.81874	-103.62939
41.81873	-103.62944
41.81872	-103.62949
41.81871	-103.62955
41.8187	-103.62961
41.8187	-103.62967
41.8187	-103.62968
41.8187	-103.62973
41.8187	-103.62978
41.81871	-103.62985
41.81872	-103.62991
41.81873	-103.62997
41.81874	-103.63004
41.81876	-103.63008
41.81878	-103.63014
41.81878	-103.63015
41.8188	-103.6302
41.81882	-103.63024
41.81884	-103.63028
41.81886	-103.63031
41.81888	-103.63035
41.81889	-103.63036
41.81892	-103.6304
41.81894	-103.63042
41.81896	-103.63045
41.81898	-103.63048
41.819	-103.6305
41.81903	-103.63053
41.81906	-103.63055
41.8191	-103.63058
41.81914	-103.6306
41.81917	-103.63062
41.81918	-103.63062
41.81922	-103.63064
41.81926	-103.63065
41.81929	-103.63066
41.81932	-103.63067
41.81935	-103.63068
41.81939	-103.63069
41.81943	-103.63069
41.81946	-103.63069
41.8195	-103.63068
41.81953	-103.63068
41.81958	-103.63067
41.81965	-103.63066
41.81974	-103.63064
41.81988	-103.63062
41.8198825	-103.630619
41.8203	-103.63034
41.82077	-103.63004
41.82123	-103.62973
41.82141	-103.62962
41.8218	-103.62937
41.82206	-103.6292
41.82218	-103.62912
41.82222	-103.6291
41.82239	-103.62901
41.8224	-103.629
41.8225	-103.62894
41.8226	-103.62889
41.8227	-103.62884
41.82272	-103.62883
41.82289	-103.62875
41.8229	-103.62874
41.82306	-103.62867
41.82311	-103.62866
41.82324	-103.6286
41.82339	-103.62855
41.82363	-103.62847
41.82383	-103.62841
41.82406	-103.62835
41.8241	-103.62834
41.82414	-103.62833
41.82419	-103.62832
41.82427	-103.62831
41.82432	-103.6283
41.82449	-103.62827
41.82459	-103.62825
41.82471	-103.62824
41.82485	-103.62822
41.82493	-103.62821
41.82503	-103.62821
41.82511	-103.6282
41.82521	-103.62819
41.82525	-103.62819
41.82535	-103.62819
41.82548	-103.62819
41.8257	-103.62819
41.82571	-103.62819
41.8259	-103.6282
41.82613	-103.62822
41.82634	-103.62825
41.82643	-103.62826
41.82647	-103.62827
41.82655	-103.62828
41.82666	-103.6283
41.82678	-103.62833
41.8269	-103.62836
41.82699	-103.62838
41.82714	-103.62842
41.82717	-103.62843
41.8273	-103.62847
41.82732	-103.62847
41.82741	-103.6285
41.82762	-103.62858
41.82773	-103.62862
41.82793	-103.6287
41.82804	-103.62875
41.82815	-103.6288
41.82827	-103.62886
41.82836	-103.62891
41.82845	-103.62895
41.82851	-103.62899
41.82852	-103.62899
41.82858	-103.62903
41.82876	-103.62913
41.82886	-103.62919
41.82897	-103.62926
41.8291	-103.62935
41.82916	-103.62939
41.82918	-103.6294
41.82933	-103.62951
41.82941	-103.62957
41.82954	-103.62967
41.82971	-103.62981
41.82983	-103.62991
41.82989	-103.62996
41.82998	-103.63004
41.83017	-103.63023
41.83034	-103.63039
41.83041	-103.63046
41.8308	-103.63089
41.83119	-103.63133
41.83135	-103.63151
41.8314	-103.63158
41.83149	-103.63167
41.83162	-103.63182
41.83177	-103.63199
41.83226	-103.63255
41.8326	-103.63292
41.83295	-103.63328
41.83313	-103.63345
41.83348	-103.63377
41.83367	-103.63392
41.83377	-103.634
41.83378	-103.634
41.83387	-103.63406
41.83393	-103.63411
41.83406	-103.6342
41.83422	-103.6343
41.83435	-103.63439
41.83455	-103.63451
41.83475	-103.63462
41.83485	-103.63467
41.83496	-103.63472
41.83507	-103.63478
41.83516	-103.63482
41.83526	-103.63486
41.83537	-103.63491
41.83549	-103.63496
41.83558	-103.63499
41.83568	-103.63503
41.83578	-103.63506
41.83592	-103.6351
41.83601	-103.63513
41.83613	-103.63516
41.83622	-103.63518
41.83631	-103.6352
41.83643	-103.63522
41.83654	-103.63524
41.83665	-103.63526
41.83676	-103.63528
41.83684	-103.63529
41.83687	-103.63529
41.83699	-103.63531
41.83709	-103.63531
41.83719	-103.63532
41.8373	-103.63533
41.83742	-103.63533
41.83763	-103.63534
41.83786	-103.63534
41.83806	-103.63534
41.8381	-103.63534
41.83818	-103.63534
41.83828	-103.63534
41.83861	-103.63534
41.83882	-103.63535
41.83905	-103.63535
41.83918	-103.63535
41.83936	-103.63535
41.83937	-103.63535
41.84003	-103.63536
41.84026	-103.63536
41.8404	-103.63536
41.84044	-103.63536
41.8408	-103.63537
41.84151	-103.63538
41.84185	-103.63538
41.84226	-103.63539
41.84228	-103.63539
41.84262	-103.6354
41.84298	-103.6354
41.8433	-103.6354
41.84334	-103.6354
41.84363	-103.6354
41.8438	-103.6354
41.84388	-103.6354
41.84406	-103.6354
41.84407	-103.6354
41.84424	-103.6354
41.8444	-103.6354
41.8446	-103.63538
41.84462	-103.63538
41.84474	-103.63537
41.84482	-103.63536
41.84494	-103.63535
41.84503	-103.63533
41.84515	-103.63531
41.84526	-103.63529
41.84536	-103.63527
41.84548	-103.63525
41.84569	-103.6352
41.84579	-103.63517
41.84585	-103.63515
41.84591	-103.63513
41.84601	-103.6351
41.84613	-103.63506
41.8462	-103.63504
41.84625	-103.63502
41.84632	-103.63499
41.84637	-103.63497
41.84642	-103.63495
41.84653	-103.63491
41.84663	-103.63486
41.84674	-103.63481
41.84684	-103.63477
41.84688	-103.63475
41.84696	-103.63471
41.84705	-103.63466
41.84715	-103.63461
41.84725	-103.63455
41.84745	-103.63444
41.84763	-103.63432
41.84787	-103.63416
41.84806	-103.63402
41.84823	-103.63389
41.84833	-103.63381
41.84843	-103.63373
41.84849	-103.63367
41.84868	-103.6335
41.8488	-103.63338
41.84894	-103.63325
41.84905	-103.63313
41.84913	-103.63305
41.84921	-103.63296
41.84924	-103.63292
41.84929	-103.63287
41.84937	-103.63278
41.84945	-103.63268
41.84953	-103.63258
41.84961	-103.63248
41.84968	-103.63239
41.84977	-103.63228
41.8499	-103.6321
41.84999	-103.63197
41.85014	-103.63174
41.8502	-103.63164
41.85028	-103.63152
41.85035	-103.63141
41.85047	-103.63119
41.85054	-103.63107
41.8506	-103.63096
41.85067	-103.63083
41.85072	-103.63072
41.85078	-103.6306
41.85084	-103.63048
41.8509	-103.63036
41.85097	-103.6302
41.85107	-103.62999
41.85116	-103.62978
41.85126	-103.62957
41.85135	-103.62936
41.85154	-103.62895
41.85173	-103.62854
41.85193	-103.62812
41.85244	-103.62701
41.85249	-103.62691
41.85258	-103.6267
41.85268	-103.62649
41.85272	-103.62639
41.85293	-103.62592
41.85312	-103.6255
41.8531159	-103.6255026
41.85285	-103.62527
41.8523	-103.6248
41.85131	-103.62394
41.85056	-103.6233
41.85011	-103.62292
41.84999	-103.62281
41.84908	-103.62204
41.84807	-103.62117
41.84732	-103.62053
41.84689	-103.62015
41.8467	-103.61999
41.84651	-103.61983
41.8462	-103.61957
41.84596	-103.61936
41.84559	-103.61904
41.84539	-103.61887
41.8453	-103.61879
41.84518	-103.61868
41.84504	-103.61856
41.8449	-103.61842
41.84486	-103.61837
41.84477	-103.61829
41.84452	-103.61801
41.84427	-103.61771
41.84393	-103.61728
41.84354	-103.61669
41.84344	-103.61652
41.84331	-103.61629
41.84325	-103.61618
41.84318	-103.61605
41.84313	-103.61596
41.84306	-103.61582
41.84305	-103.61581
41.84294	-103.61557
41.84288	-103.61545
41.84277	-103.61519
41.84271	-103.61506
41.84262	-103.61481
41.8426	-103.61478
41.84256	-103.61467
41.84242	-103.61427
41.84231	-103.61389
41.84221	-103.6136
41.84201	-103.61292
41.84174	-103.61207
41.84138	-103.6109
41.84104	-103.6098
41.84027	-103.60726
41.83915	-103.60368
41.83766	-103.5989
41.83751	-103.59844
41.83729	-103.59771
41.83677	-103.59604
41.83623	-103.59432
41.8361	-103.59388
41.83605	-103.59374
41.83538	-103.59157
41.83461	-103.5891
41.83438	-103.58834
41.83308	-103.58416
41.83262	-103.5827
41.83212	-103.58108
41.83187	-103.58027
41.8315	-103.57908
41.83128	-103.57836
41.8311	-103.57779
41.831	-103.57746
41.83075	-103.57666
41.83038	-103.57545
41.82958	-103.5729
41.82892	-103.57077
41.82827	-103.56866
41.8282	-103.56843
41.82817	-103.56834
41.82767	-103.56674
41.82696	-103.56445
41.82646	-103.56284
41.82596	-103.56123
41.82559	-103.56003
41.82529	-103.55909
41.82509	-103.55842
41.82442	-103.55628
41.82392	-103.55466
41.82379	-103.55425
41.82208	-103.54875
41.82194	-103.54831
41.82058	-103.54393
41.82012	-103.54245
41.81962	-103.54084
41.81938	-103.54006
41.81929	-103.53977
41.81925	-103.53961
41.81905	-103.53901
41.8173	-103.53336
41.81712	-103.5328
41.81691	-103.53213
41.81658	-103.53105
41.81642	-103.53055
41.81634	-103.53026
41.81626	-103.52998
41.81612	-103.52946
41.81605	-103.52915
41.81593	-103.52864
41.81586	-103.52832
41.8158	-103.52803
41.81567	-103.52733
41.81556	-103.52661
41.81547	-103.5259
41.81543	-103.52546
41.81539	-103.52503
41.81537	-103.52471
41.81534	-103.52432
41.81532	-103.52388
41.8153	-103.52344
41.8153	-103.52341
41.8153035	-103.5234065
41.8153035	-103.5234065
41.8153	-103.52286
41.8153	-103.52211
41.8153	-103.52156
41.81531	-103.52106
41.81531	-103.52074
41.81532	-103.51951
41.8153169	-103.5195127
41.8144	-103.51947
41.81416	-103.51947
41.81261	-103.51942
41.81259	-103.51942
41.8116	-103.51939
41.81152	-103.51939
41.81063	-103.51936
41.80961	-103.51934
41.80955	-103.51934
41.80884	-103.51932
41.80796	-103.5193
41.80647	-103.51929
41.80542	-103.51928
41.80498	-103.51928
41.8043	-103.51928
41.803	-103.51927
41.80298	-103.51927
41.80066	-103.51926
41.79832	-103.51925
41.7974	-103.51924
41.79652	-103.51923
41.7961	-103.51923
41.79534	-103.51922
41.79484	-103.51921
41.7943	-103.5192
41.79384	-103.51918
41.79351	-103.51917
41.7932	-103.51916
41.79298	-103.51915
41.79277	-103.51914
41.79265	-103.51914
41.79243	-103.51914
41.79239	-103.51914
41.79221	-103.51914
41.79159	-103.51913
41.79103	-103.51913
41.78969	-103.51912
41.78916	-103.51911
41.78887	-103.51911
41.78836	-103.51912
41.78753	-103.51912
41.78742	-103.51912
41.78735	-103.51912
41.78553	-103.51915
41.78534	-103.51916
41.78531	-103.51916
41.78496	-103.51917
41.78487	-103.51917
41.78475	-103.51917
41.7847491	-103.5191738
41.78467	-103.51926
41.78464	-103.51929
41.78462	-103.51933
41.7846	-103.51937
41.78459	-103.5194
41.78457	-103.51953
41.78493	-103.52058
41.78543	-103.522
41.78543	-103.52202
41.78544	-103.52215
41.78577	-103.52308
41.78581	-103.52321
41.78616	-103.52421
41.78718	-103.52706
41.78759	-103.52824
41.78791	-103.52915
41.7881	-103.52967
41.78823	-103.53005
41.78855	-103.53095
41.78873	-103.53148
41.78892	-103.53201
41.78906	-103.5324
41.78925	-103.53292
41.78942	-103.5334
41.78967	-103.53416
41.78987	-103.53474
41.79006	-103.53532
41.79026	-103.5359
41.7905	-103.53664
41.79114	-103.53855
41.79137	-103.53923
41.79153	-103.53971
41.79157	-103.53981
41.79182	-103.54053
41.79201	-103.54105
41.79211	-103.54134
41.79221	-103.54161
41.79229	-103.54184
41.79256	-103.54263
41.79301	-103.54389
41.79319	-103.54441
41.79373	-103.54593
41.79376	-103.54601
41.79407	-103.54689
41.79466	-103.54854
41.79482	-103.54901
41.79509	-103.54977
41.79539	-103.55061
41.79554	-103.55106
41.79567	-103.55141
41.79593	-103.55216
41.796	-103.55236
41.79613	-103.55271
41.79635	-103.55335
41.79651	-103.55377
41.79679	-103.55452
41.79704	-103.55517
41.79727	-103.55575
41.79734	-103.55593
41.79751	-103.55635
41.79757	-103.55651
41.7977	-103.55684
41.79789	-103.55739
41.79798	-103.55763
41.79806	-103.55787
41.79808	-103.55795
41.79833	-103.55875
41.79874	-103.56007
41.79888	-103.56055
41.79959	-103.56283
41.79994	-103.56396
41.80001	-103.56418
41.80064	-103.56619
41.80134	-103.56846
41.80171	-103.56967
41.80197	-103.57048
41.80217	-103.57115
41.80256	-103.57241
41.80267	-103.57276
41.80292	-103.57358
41.80311	-103.57418
41.80333	-103.57488
41.80352	-103.57551
41.80367	-103.57602
41.80379	-103.5764
41.80389	-103.5767
41.80421	-103.57774
41.8046	-103.57898
41.8049	-103.57996
41.80497	-103.58019
41.8051	-103.5806
41.80573	-103.58264
41.80584	-103.58299
41.80608	-103.58377
41.80638	-103.58475
41.8066	-103.58546
41.80696	-103.5866
41.80725	-103.58754
41.80762	-103.58872
41.80774	-103.58914
41.8082	-103.59062
41.80833	-103.59101
41.80843	-103.59133
41.80862	-103.59194
41.80879	-103.5925
41.80909	-103.59346
41.80952	-103.5949
41.80964	-103.59527
41.81029	-103.59733
41.81052	-103.59808
41.81069	-103.59863
41.81099	-103.59962
41.81118	-103.60021
41.81119	-103.60023
41.81172	-103.60196
41.81204	-103.603
41.81219	-103.60347
41.8123	-103.60384
41.81251	-103.6045
41.81263	-103.60491
41.81323	-103.60686
41.81334	-103.60721
41.81346	-103.6076
41.81353	-103.60784
41.81358	-103.60804
41.81366	-103.60835
41.8137	-103.60847
41.81378	-103.6088
41.81384	-103.60905
41.81395	-103.60957
41.81404	-103.61004
41.81411	-103.6104
41.81419	-103.61085
41.81419	-103.61091
41.8143	-103.61163
41.81444	-103.61258
41.81448	-103.61284
41.81452	-103.61311
41.81457	-103.61333
41.8146	-103.61351
41.81466	-103.6138
41.81473	-103.61411
41.81483	-103.61452
41.81492	-103.61488
41.81495	-103.61499
41.81504	-103.61529
41.81519	-103.61575
41.81533	-103.61615
41.81566	-103.61695
41.81578	-103.61723
41.81596	-103.61761
41.8165	-103.61865
41.81673	-103.6191
41.81691	-103.61947
41.81713	-103.61993
41.81724	-103.6202
41.81742	-103.62063
41.81753	-103.62091
41.8177	-103.62135
41.81791	-103.62196
41.81844	-103.62363
41.81882	-103.6249
41.81883	-103.62492
41.81884	-103.62493
41.81885	-103.62494
41.81886	-103.62496
41.81887	-103.625
41.81889	-103.62505
41.81894	-103.62521
41.81903	-103.62546
41.81911	-103.62571
41.81919	-103.62597
41.81924	-103.62612
41.81927	-103.62623
41.81943	-103.62676
41.81963	-103.62745
41.81988	-103.6282
41.81993	-103.62835
41.8203	-103.62957
41.82036	-103.62979
41.82051	-103.63026
41.82059	-103.63052
41.82064	-103.63068
41.82069	-103.63085
41.8212	-103.63246
41.82126	-103.63265
41.82134	-103.6329
41.82142	-103.63315
41.82149	-103.63337
41.82154	-103.63353
41.82159	-103.6337
41.82165	-103.63388
41.82169	-103.63404
41.82172	-103.63416
41.82173	-103.63419
41.82176	-103.63433
41.8218	-103.6345
41.82182	-103.63464
41.82184	-103.63476
41.82186	-103.63486
41.82187	-103.63495
41.82188	-103.63502
41.82189	-103.6352
41.82191	-103.63542
41.82192	-103.63562
41.82191	-103.63621
41.82187	-103.63633
41.82185	-103.63686
41.82184	-103.63736
41.82184	-103.63821
41.82183	-103.63917
41.82181	-103.64086
41.82181	-103.64097
41.8218	-103.64111
41.8218	-103.64159
41.82179	-103.6421
41.82178	-103.64336
41.82176	-103.64505
41.82175	-103.6454
41.82175	-103.64563
41.82175	-103.64587
41.821751	-103.6458695
41.82173	-103.64827
41.82171	-103.64985
41.8217	-103.65068
41.82169	-103.65112
41.82168	-103.65198
41.82167	-103.65255
41.82166	-103.65325
41.82166	-103.65355
41.82165	-103.65395
41.82166	-103.65407
41.82164	-103.65465
41.82164	-103.65476
41.82163	-103.65541
41.82161	-103.65745
41.8216	-103.65836
41.8216	-103.65885
41.82158	-103.65955
41.82158	-103.65959
41.82157	-103.6603
41.82159	-103.66104
41.82157	-103.66171
41.82157	-103.66211
41.82157	-103.66235
41.82156	-103.66312
41.82155	-103.66408
41.82155	-103.66452
41.82154	-103.66522
41.82154	-103.66542
41.82154	-103.6657
41.82153	-103.66594
41.82153	-103.66676
41.82152	-103.6675
41.82151	-103.66777
41.82152	-103.66817
41.82151	-103.66898
41.82151	-103.66954
41.8215	-103.66983
41.8215	-103.67011
41.82149	-103.67098
41.82148	-103.67162
41.82148	-103.67219
41.82146	-103.67438
41.82145	-103.67487
41.82145	-103.67505
41.82144	-103.67585
41.82144	-103.67611
41.82144	-103.67624
41.82144	-103.67664
41.82143	-103.67709
41.82143	-103.67742
41.82143	-103.67774
41.82143	-103.67826
41.82143	-103.67949
41.82143	-103.6797
41.82143	-103.68046
41.82143	-103.68113
41.82142	-103.68126
41.82142	-103.6821
41.82142	-103.6833
41.82142	-103.68354
41.82142	-103.68371
41.82142	-103.68451
41.82142	-103.68461
41.82142	-103.68469
41.82142	-103.68481
41.82142	-103.68537
41.82142	-103.68588
41.82142	-103.6863
41.82141	-103.6868
41.82141	-103.68704
41.82142	-103.6873
41.82141	-103.6875
41.82142	-103.68768
41.82141	-103.68788
41.82142	-103.68836
41.82143	-103.68871
41.82148	-103.68924
41.82151	-103.68943
41.82154	-103.68963
41.8216	-103.69
41.82168	-103.6903
41.82178	-103.69069
41.82182	-103.69081
41.82186	-103.69096
41.82189	-103.69103
41.82196	-103.69123
41.82219	-103.69186
41.82236	-103.69233
41.82252	-103.69275
41.8225181	-103.6927539
41.82285	-103.69365
41.8228467	-103.6936485
41.82305	-103.6942
41.82342	-103.69524
41.82348	-103.69543
41.82355	-103.69565
41.82369	-103.69607
41.82369	-103.69609
41.8237	-103.6961
41.82376	-103.69632
41.8238	-103.69645
41.82383	-103.69655
41.82398	-103.69706
41.82414	-103.69761
41.82429	-103.69817
41.82452	-103.69898
41.8246	-103.69925
41.82463	-103.69939
41.82466	-103.69948
41.82477	-103.69988
41.82502	-103.70071
41.82526	-103.70145
41.82527	-103.70149
41.82531	-103.70162
41.82534	-103.70169
41.82534	-103.70171
41.82539	-103.70184
41.82557	-103.70237
41.82564	-103.70257
41.82565	-103.70259
41.82585	-103.70315
41.82597	-103.70345
41.82602	-103.70358
41.82605	-103.70367
41.82621	-103.70409
41.82629	-103.7043
41.82677	-103.70545
41.82697	-103.7059
41.82712	-103.70624
41.82743	-103.70693
41.82747	-103.70702
41.82774	-103.70759
41.82805	-103.70827
41.8280494	-103.7082749
41.82808	-103.70821
41.82813	-103.70815
41.82823	-103.70806
41.82839	-103.70792
41.82844	-103.70789
41.82849	-103.70788
41.8284943	-103.7078788
41.82818	-103.70726
41.82818	-103.7072554
