39.0933571	-94.417083
39.7561118	-94.847977
39.0933563	-94.4170375
39.09346	-94.41703
39.09366	-94.41703
39.09382	-94.41702
39.09421	-94.41701
39.09454	-94.41699
39.09492	-94.41697
39.09506	-94.41697
39.09564	-94.41693
39.09631	-94.41691
39.09649	-94.4169
39.09667	-94.41689
39.09675	-94.41689
39.09684	-94.41688
39.09702	-94.41688
39.09756	-94.41686
39.0982	-94.41683
39.09892	-94.4168
39.09966	-94.41676
39.10031	-94.41674
39.10073	-94.41672
39.10084	-94.41672
39.10109	-94.41671
39.10145	-94.4167
39.1014511	-94.4166962
39.10147	-94.41725
39.1015	-94.41807
39.10151	-94.41855
39.10151	-94.41901
39.10152	-94.41924
39.10153	-94.41943
39.10155	-94.41995
39.10156	-94.42041
39.10157	-94.42046
39.10157	-94.42061
39.10159	-94.42081
39.1016	-94.42136
39.10163	-94.42188
39.10165	-94.42262
39.10166	-94.42269
39.10168	-94.42334
39.10168	-94.42337
39.10169	-94.42346
39.10169	-94.42348
39.10169	-94.42349
39.10171	-94.42406
39.10174	-94.42499
39.10175	-94.42511
39.10176	-94.42539
39.10178	-94.42579
39.10179	-94.42632
39.1018	-94.42644
39.10181	-94.4267
39.10183	-94.42692
39.10184	-94.42734
39.10185	-94.42764
39.10186	-94.42788
39.10187	-94.42803
39.10187	-94.4282
39.10189	-94.4287
39.1019	-94.42878
39.10192	-94.42951
39.10193	-94.42983
39.10197	-94.43099
39.10199	-94.43145
39.101986	-94.4314548
39.10183	-94.43145
39.10174	-94.43144
39.10165	-94.43145
39.10129	-94.43146
39.10111	-94.43146
39.10093	-94.43147
39.10075	-94.43148
39.10039	-94.43149
39.09985	-94.43151
39.0995	-94.43152
39.09896	-94.43155
39.09821	-94.43159
39.09767	-94.43161
39.09749	-94.43162
39.09731	-94.43163
39.09703	-94.43165
39.09678	-94.43166
39.0966	-94.43166
39.09642	-94.43167
39.09606	-94.43168
39.09588	-94.43169
39.0957	-94.4317
39.09526	-94.43171
39.09508	-94.43171
39.09507	-94.43171
39.09454	-94.43173
39.09453	-94.43173
39.09435	-94.43173
39.094352	-94.431735
39.09437	-94.43221
39.09437	-94.43241
39.09438	-94.43258
39.09443	-94.43397
39.09444	-94.43439
39.09446	-94.43485
39.09448	-94.43532
39.09449	-94.43545
39.09451	-94.43595
39.09452	-94.43618
39.09453	-94.43639
39.09453	-94.43654
39.09454	-94.43677
39.09456	-94.43729
39.09458	-94.43798
39.0946	-94.4385
39.09468	-94.44015
39.09471	-94.44105
39.09473	-94.44155
39.09477	-94.44281
39.09478	-94.44308
39.0948	-94.44353
39.09483	-94.44446
39.09484	-94.44462
39.09485	-94.44477
39.09486	-94.44487
39.09488	-94.44558
39.09489	-94.44571
39.09491	-94.44625
39.09493	-94.44683
39.09495	-94.44735
39.09497	-94.4479
39.09497	-94.44797
39.09502	-94.44911
39.09505	-94.45026
39.09507	-94.45072
39.09512	-94.45161
39.09512	-94.45182
39.09513	-94.45208
39.09514	-94.45232
39.09515	-94.45256
39.09517	-94.45333
39.09519	-94.4538
39.0952	-94.45426
39.09521	-94.45453
39.09523	-94.45505
39.09526	-94.45578
39.09528	-94.4562
39.09528	-94.45633
39.09528	-94.45652
39.0953	-94.45675
39.09532	-94.45736
39.09534	-94.45784
39.09536	-94.45854
39.09537	-94.45863
39.09541	-94.45971
39.09541	-94.45978
39.09543	-94.46042
39.09544	-94.46063
39.09546	-94.46112
39.09549	-94.46168
39.0955	-94.46214
39.09552	-94.46263
39.09555	-94.46309
39.09558	-94.46375
39.09561	-94.46427
39.0956	-94.46436
39.0956	-94.46446
39.09562	-94.46492
39.09562	-94.4651
39.09563	-94.46536
39.09563	-94.46556
39.09558	-94.4659
39.09554	-94.46601
39.09547	-94.46625
39.09534	-94.46663
39.09531	-94.4667
39.09522	-94.46698
39.0951	-94.46732
39.09501	-94.46758
39.09486	-94.46799
39.0948	-94.46818
39.09479	-94.4682
39.09471	-94.46841
39.09464	-94.46862
39.09459	-94.46877
39.09457	-94.46881
39.09457	-94.46884
39.09449	-94.46905
39.09439	-94.46933
39.09434	-94.46947
39.09416	-94.46998
39.09413	-94.47008
39.09412	-94.4701
39.09405	-94.47032
39.09402	-94.47039
39.09398	-94.4705
39.0939	-94.47074
39.09383	-94.47093
39.09379	-94.47104
39.09375	-94.47116
39.09371	-94.47126
39.09354	-94.47159
39.09344	-94.47175
39.09336	-94.47187
39.09318	-94.47215
39.09291	-94.47254
39.09263	-94.47296
39.09249	-94.47319
39.09244	-94.47327
39.09241	-94.47333
39.09241	-94.47335
39.09238	-94.47341
39.09234	-94.47352
39.09233	-94.47356
39.09231	-94.47362
39.09227	-94.47375
39.09226	-94.4738
39.09225	-94.47386
39.09223	-94.47395
39.09221	-94.47407
39.09221	-94.47415
39.0922	-94.47423
39.0922	-94.47431
39.0922	-94.4744
39.09222	-94.47493
39.09223	-94.47537
39.09226	-94.47591
39.09226	-94.47608
39.09228	-94.4765
39.09228	-94.47655
39.09229	-94.47678
39.0923	-94.47699
39.0923	-94.47701
39.0923	-94.47704
39.09231	-94.47713
39.09232	-94.47725
39.09233	-94.47735
39.09235	-94.47745
39.09235	-94.47746
39.09235	-94.47747
39.09237	-94.47757
39.0924	-94.47768
39.0924	-94.47769
39.09245	-94.47783
39.09246	-94.47789
39.0925	-94.478
39.09261	-94.47831
39.09268	-94.47852
39.09276	-94.47873
39.09284	-94.47894
39.09286	-94.47902
39.09291	-94.47915
39.09296	-94.47928
39.09301	-94.47944
39.09307	-94.47967
39.09318	-94.48006
39.09321	-94.48024
39.09326	-94.48046
39.09336	-94.48093
39.09342	-94.48137
39.09344	-94.48147
39.09351	-94.48205
39.09356	-94.48252
39.09356	-94.4827
39.09355	-94.48286
39.09353	-94.48298
39.09352	-94.48307
39.09348	-94.48325
39.09344	-94.48343
39.09338	-94.48358
39.09332	-94.4837
39.09326	-94.48383
39.09312	-94.48409
39.09302	-94.48432
39.09295	-94.48448
39.09287	-94.4847
39.09279	-94.485
39.09275	-94.48525
39.09274	-94.48538
39.09274	-94.48551
39.09274	-94.48564
39.09275	-94.4858
39.09277	-94.48598
39.09283	-94.48614
39.09285	-94.48625
39.09285	-94.48633
39.09287	-94.48645
39.09289	-94.48661
39.09296	-94.4871
39.09299	-94.48734
39.09299	-94.48737
39.09301	-94.48755
39.09301	-94.48756
39.09301	-94.48757
39.09302	-94.48759
39.09302	-94.48761
39.09304	-94.48781
39.09304	-94.48783
39.09305	-94.48787
39.09305	-94.48788
39.09307	-94.48807
39.09311	-94.48842
39.09312	-94.48862
39.09314	-94.4888
39.09318	-94.48921
39.09318	-94.48926
39.09318	-94.48934
39.0932	-94.4895
39.09324	-94.48981
39.09325	-94.48987
39.09325	-94.4899
39.09328	-94.49012
39.09331	-94.4903
39.09334	-94.49055
39.09336	-94.49069
39.09337	-94.49081
39.09339	-94.49101
39.0934	-94.49114
39.09341	-94.49127
39.09342	-94.49147
39.09342	-94.4915
39.09345	-94.49243
39.09345	-94.49248
39.09346	-94.49263
39.09346	-94.49266
39.09347	-94.49289
39.09348	-94.49306
39.09348	-94.49312
39.0935	-94.49344
39.0935	-94.49368
39.09351	-94.49385
39.09351	-94.49425
39.09352	-94.49453
39.09352	-94.49467
39.09353	-94.4951
39.09354	-94.49525
39.09357	-94.49642
39.09357	-94.49654
39.09358	-94.49681
39.09358	-94.49714
39.09359	-94.49732
39.09359	-94.49746
39.09359	-94.49756
39.09359	-94.49766
39.09362	-94.49839
39.09363	-94.49871
39.09363	-94.49883
39.09365	-94.49954
39.09365	-94.49978
39.09366	-94.50001
39.09366	-94.50022
39.09368	-94.50059
39.09369	-94.50078
39.0937	-94.50101
39.09364	-94.50114
39.09365	-94.50138
39.09368	-94.50277
39.09369	-94.503
39.0937	-94.50335
39.09371	-94.50351
39.09371	-94.50374
39.09372	-94.50397
39.09373	-94.50428
39.09374	-94.50498
39.09375	-94.50521
39.09376	-94.50557
39.09376	-94.5058
39.09379	-94.50693
39.09379	-94.50697
39.09381	-94.50766
39.09381	-94.50786
39.09384	-94.50879
39.09385	-94.50925
39.09387	-94.51015
39.09389	-94.51133
39.0939	-94.51153
39.0939	-94.51176
39.0939	-94.51179
39.09392	-94.51246
39.09394	-94.51319
39.09395	-94.51342
39.09397	-94.51411
39.09397	-94.51431
39.09398	-94.51475
39.09399	-94.51508
39.094	-94.51535
39.09401	-94.5159
39.09404	-94.5166
39.09405	-94.51704
39.09408	-94.51775
39.09409	-94.51798
39.09409	-94.51821
39.0941	-94.51835
39.0941	-94.51845
39.09411	-94.51874
39.09411	-94.51889
39.09412	-94.51914
39.09413	-94.51936
39.09414	-94.51986
39.09415	-94.52029
39.09416	-94.52055
39.09418	-94.5212
39.09419	-94.52169
39.09418	-94.52203
39.09418	-94.52226
39.09417	-94.52272
39.09416	-94.52294
39.09415	-94.52342
39.09414	-94.52365
39.09413	-94.52377
39.09413	-94.52402
39.09414	-94.52406
39.09414	-94.52425
39.09416	-94.52457
39.09419	-94.52549
39.0942	-94.52565
39.09424	-94.5267
39.09427	-94.52779
39.09428	-94.52845
39.09428	-94.52848
39.09428	-94.5285
39.09428	-94.52855
39.09428	-94.52859
39.09427	-94.52864
39.09423	-94.52886
39.09402	-94.52964
39.09397	-94.52983
39.09395	-94.52989
39.09394	-94.52997
39.09394	-94.53008
39.09394	-94.53019
39.09394	-94.53034
39.09395	-94.53043
39.09395	-94.53067
39.09396	-94.53081
39.09397	-94.53106
39.094	-94.53201
39.094	-94.53214
39.09403	-94.53323
39.09408	-94.53432
39.09409	-94.53484
39.09412	-94.53541
39.09416	-94.53637
39.09418	-94.53703
39.09422	-94.53782
39.09426	-94.53894
39.09432	-94.53914
39.09432	-94.53915
39.09432	-94.53918
39.09432	-94.53924
39.09432	-94.53938
39.09432	-94.5394
39.09433	-94.53942
39.09434	-94.53993
39.09435	-94.54013
39.09431	-94.54026
39.09433	-94.54071
39.09433	-94.54093
39.09434	-94.54111
39.09435	-94.54127
39.09437	-94.54163
39.09437	-94.5418
39.09439	-94.54241
39.0943946	-94.5424101
39.0944	-94.54247
39.0945	-94.54255
39.09458	-94.54263
39.09459	-94.54264
39.09465	-94.54271
39.09472	-94.54277
39.09483	-94.54283
39.0949	-94.54287
39.09496	-94.54289
39.09517	-94.54299
39.0953	-94.54305
39.09545	-94.54314
39.09563	-94.54326
39.09572	-94.54333
39.09578	-94.54337
39.09587	-94.54345
39.09593	-94.5435
39.09599	-94.54356
39.09607	-94.54364
39.0961	-94.54367
39.09619	-94.54378
39.0962	-94.5438
39.09622	-94.54382
39.09626	-94.54388
39.09637	-94.54405
39.09647	-94.54422
39.09651	-94.54434
39.09652	-94.54436
39.09653	-94.54439
39.09655	-94.54445
39.09659	-94.54455
39.09659	-94.54457
39.0966	-94.54459
39.09661	-94.54465
39.09664	-94.54477
39.09664	-94.54479
39.09666	-94.54487
39.09669	-94.54499
39.09672	-94.54515
39.09683	-94.54568
39.0969	-94.54603
39.0969	-94.54604
39.09687	-94.5462
39.0969	-94.54635
39.09693	-94.5465
39.09695	-94.54663
39.09697	-94.54677
39.09699	-94.54692
39.09701	-94.54706
39.09703	-94.54719
39.09704	-94.54734
39.09706	-94.54747
39.09708	-94.54774
39.09709	-94.54797
39.0971	-94.5482
39.0971	-94.54832
39.09711	-94.54846
39.09711	-94.54861
39.0971	-94.54875
39.0971	-94.54889
39.09709	-94.54903
39.09709	-94.54911
39.09708	-94.54917
39.09707	-94.5493
39.09705	-94.54946
39.09704	-94.5496
39.09701	-94.54973
39.09699	-94.54986
39.09696	-94.55
39.09693	-94.55015
39.09692	-94.55018
39.0969	-94.55029
39.09686	-94.55042
39.09682	-94.55056
39.09678	-94.55069
39.09673	-94.55084
39.09665	-94.55109
39.09663	-94.55116
39.09655	-94.55142
39.09651	-94.55154
39.09641	-94.55186
39.09637	-94.55201
39.09633	-94.55214
39.0963	-94.55224
39.09625	-94.55239
39.09621	-94.55251
39.09617	-94.55266
39.09614	-94.55279
39.09611	-94.55291
39.09608	-94.55307
39.09607	-94.55313
39.09605	-94.55321
39.09603	-94.55334
39.09599	-94.55356
39.09597	-94.55375
39.09596	-94.55391
39.09594	-94.55412
39.09593	-94.5545
39.09593	-94.55454
39.09593	-94.55458
39.09593	-94.5547
39.09594	-94.55485
39.09595	-94.55518
39.09595	-94.55521
39.09596	-94.55555
39.09597	-94.55586
39.09597	-94.55608
39.09598	-94.55647
39.096	-94.55681
39.096	-94.55691
39.096	-94.55711
39.09602	-94.55762
39.09604	-94.55827
39.09605	-94.55855
39.09606	-94.55886
39.09611	-94.56054
39.09612	-94.56094
39.09612	-94.56098
39.09613	-94.56106
39.09613	-94.56121
39.09613	-94.56134
39.09614	-94.56161
39.09614	-94.56237
39.09615	-94.56279
39.09617	-94.5636
39.09618	-94.56373
39.09618	-94.56386
39.09618	-94.564
39.09619	-94.56414
39.09619	-94.56417
39.09619	-94.56428
39.0962	-94.5644
39.0962	-94.56442
39.0962	-94.56458
39.0962	-94.56463
39.0962	-94.56472
39.09621	-94.56486
39.09621	-94.56502
39.09622	-94.56517
39.09622	-94.56531
39.09622	-94.56545
39.09622	-94.56559
39.09623	-94.56573
39.09623	-94.56587
39.09623	-94.56591
39.09624	-94.56601
39.09624	-94.56616
39.09624	-94.56629
39.09625	-94.56643
39.09625	-94.56657
39.09626	-94.56671
39.09626	-94.56685
39.09627	-94.56701
39.09627	-94.56705
39.09627	-94.56715
39.09627	-94.56716
39.09627	-94.56729
39.09628	-94.56738
39.09628	-94.56743
39.09628	-94.56767
39.0962847	-94.5676712
39.09639	-94.56777
39.09639	-94.56778
39.09641	-94.56793
39.09642	-94.56806
39.09645	-94.56821
39.09648	-94.56839
39.0965	-94.56853
39.09653	-94.56866
39.09656	-94.5688
39.09659	-94.56894
39.09663	-94.56907
39.09666	-94.56917
39.09671	-94.56933
39.09676	-94.56946
39.0968	-94.56959
39.09688	-94.5698
39.09697	-94.57
39.09698	-94.57002
39.09704	-94.57014
39.0971	-94.57025
39.0972	-94.57046
39.09727	-94.57057
39.09731	-94.57066
39.09739	-94.57081
39.09745	-94.57093
39.0975	-94.57101
39.0975	-94.57102
39.09751	-94.57105
39.09758	-94.57116
39.09759	-94.57119
39.09766	-94.57131
39.0978	-94.57156
39.09797	-94.57179
39.09798	-94.5718
39.0981	-94.57194
39.09811	-94.57196
39.09817	-94.57203
39.09823	-94.57208
39.0983	-94.57214
39.09838	-94.5722
39.09846	-94.57226
39.09853	-94.5723
39.09855	-94.57232
39.09863	-94.57236
39.09869	-94.57239
39.09875	-94.57242
39.09883	-94.57245
39.09889	-94.57247
39.09893	-94.57248
39.099	-94.5725
39.09909	-94.57252
39.09918	-94.57254
39.09929	-94.57255
39.09931	-94.57255
39.09945	-94.57256
39.09965	-94.57257
39.0997	-94.57257
39.09981	-94.57257
39.09998	-94.57257
39.10005	-94.57257
39.10011	-94.57257
39.10018	-94.57257
39.10029	-94.57256
39.1003	-94.57256
39.10043	-94.57256
39.10055	-94.57256
39.10063	-94.57256
39.1008	-94.57255
39.10081	-94.57255
39.10088	-94.57251
39.10124	-94.57249
39.10146	-94.57249
39.10182	-94.57245
39.10212	-94.57243
39.10223	-94.57242
39.10234	-94.57241
39.10245	-94.57239
39.10256	-94.57237
39.10267	-94.57235
39.10278	-94.57233
39.10283	-94.57232
39.1029	-94.5723
39.10299	-94.57227
39.10304	-94.57226
39.10311	-94.57224
39.10324	-94.57219
39.10333	-94.57216
39.1034	-94.57213
39.10352	-94.57207
39.10359	-94.57204
39.10369	-94.57198
39.1036945	-94.5719828
39.10375	-94.57188
39.10376	-94.57188
39.10376	-94.57187
39.10392	-94.57173
39.10401	-94.57164
39.10409	-94.57155
39.10425	-94.5714
39.10426	-94.57139
39.1043	-94.57134
39.10432	-94.57132
39.10434	-94.57131
39.10445	-94.5712
39.1048	-94.57087
39.10489	-94.57079
39.10507	-94.57062
39.10523	-94.57045
39.10531	-94.57038
39.10546	-94.57021
39.1054613	-94.5702126
39.10546	-94.57037
39.10546	-94.57038
39.10546	-94.57044
39.10546	-94.57045
39.10545	-94.57071
39.10544	-94.57072
39.10544	-94.57082
39.10544	-94.57083
39.10543	-94.57096
39.10542	-94.5712
39.10542	-94.57122
39.10542	-94.57124
39.10542	-94.57126
39.10542	-94.57136
39.10541	-94.57146
39.1054	-94.57172
39.10539	-94.5719
39.10538	-94.572
39.10538	-94.57202
39.10538	-94.57203
39.10538	-94.57206
39.10537	-94.57218
39.10536	-94.57226
39.10534	-94.57235
39.1053388	-94.5723471
39.1053	-94.5728
39.10529	-94.57301
39.10523	-94.57365
39.1052	-94.57407
39.10519	-94.57427
39.10518	-94.57441
39.10518	-94.57448
39.10516	-94.57491
39.10517	-94.57528
39.10517	-94.57532
39.10517	-94.57549
39.10517	-94.57552
39.10519	-94.57579
39.10519	-94.57584
39.10521	-94.57611
39.10528	-94.577
39.1052828	-94.5770049
39.10548	-94.57702
39.10573	-94.577
39.10601	-94.57698
39.10611	-94.57697
39.10612	-94.57697
39.10634	-94.57696
39.10637	-94.57696
39.10638	-94.57696
39.10652	-94.57695
39.10655	-94.57695
39.10664	-94.57694
39.10671	-94.57694
39.10673	-94.57694
39.10683	-94.57693
39.10709	-94.57692
39.1071	-94.57692
39.10741	-94.57691
39.10774	-94.5769
39.1081	-94.57689
39.10826	-94.57688
39.10828	-94.57688
39.10846	-94.57689
39.10849	-94.57689
39.10864	-94.5769
39.10879	-94.57691
39.10882	-94.57691
39.10883	-94.57691
39.109	-94.57694
39.10936	-94.57701
39.10947	-94.57704
39.10954	-94.57706
39.10971	-94.5771
39.10972	-94.5771
39.11009	-94.57722
39.11044	-94.57733
39.11062	-94.57739
39.11072	-94.57742
39.11079	-94.57744
39.11102	-94.57751
39.11104	-94.57752
39.11112	-94.57754
39.11119	-94.57757
39.11129	-94.5776
39.1115	-94.57766
39.11154	-94.57767
39.11161	-94.57768
39.11179	-94.57773
39.11189	-94.57775
39.11197	-94.57777
39.11203	-94.57778
39.1121	-94.5778
39.11214	-94.57781
39.11218	-94.57781
39.11232	-94.57785
39.11247	-94.57788
39.11265	-94.57791
39.11267	-94.57792
39.11268	-94.57792
39.11315	-94.57802
39.11329	-94.57804
39.11374	-94.57814
39.11378	-94.57815
39.1141	-94.57822
39.11411	-94.57822
39.11427	-94.57825
39.11445	-94.57829
39.11464	-94.57833
39.115	-94.5784
39.11509	-94.57842
39.11525	-94.57845
39.1155	-94.5785
39.11591	-94.57859
39.11598	-94.5786
39.11609	-94.57862
39.1168	-94.57877
39.11698	-94.5788
39.11699	-94.5788
39.11734	-94.57888
39.11752	-94.57892
39.1177	-94.57895
39.11832	-94.57908
39.11841	-94.5791
39.11882	-94.57919
39.11947	-94.57932
39.11963	-94.57935
39.11971	-94.57937
39.11982	-94.5794
39.12106	-94.57965
39.12159	-94.57975
39.1215861	-94.5797524
39.12172	-94.57978
39.12203	-94.57984
39.12233	-94.5799
39.12239	-94.57991
39.12268	-94.57998
39.12322	-94.58008
39.12333	-94.58011
39.12374	-94.58019
39.12404	-94.58025
39.12416	-94.58027
39.12458	-94.58032
39.12476	-94.58034
39.12515	-94.5804
39.12521	-94.58041
39.12537	-94.58043
39.12606	-94.5805
39.12608	-94.5805
39.12615	-94.58051
39.12655	-94.58052
39.12694	-94.58052
39.12968	-94.58051
39.12999	-94.58051
39.13056	-94.58051
39.13101	-94.5805
39.13179	-94.58047
39.13237	-94.58045
39.13355	-94.58044
39.13421	-94.58043
39.13556	-94.58041
39.13601	-94.5804
39.13615	-94.5804
39.13715	-94.58039
39.13756	-94.58038
39.13785	-94.58038
39.13927	-94.58037
39.1398	-94.58037
39.14026	-94.58036
39.14115	-94.58034
39.14145	-94.58033
39.14176	-94.58033
39.1423	-94.58032
39.14248	-94.58032
39.14267	-94.58032
39.14324	-94.58031
39.14389	-94.58029
39.14433	-94.58028
39.14467	-94.58028
39.14517	-94.58027
39.14593	-94.58025
39.14608	-94.58025
39.14689	-94.58024
39.14695	-94.58023
39.14704	-94.58023
39.14766	-94.58022
39.14853	-94.58021
39.14886	-94.5802
39.14911	-94.5802
39.14923	-94.58024
39.14931	-94.58024
39.14957	-94.58024
39.15001	-94.58023
39.15028	-94.58023
39.15034	-94.58023
39.1505	-94.58023
39.15064	-94.58023
39.15071	-94.58024
39.15078	-94.58027
39.15089	-94.58028
39.15096	-94.5803
39.15106	-94.58034
39.15117	-94.5804
39.1512	-94.58041
39.15124	-94.58044
39.15128	-94.58046
39.15131	-94.58048
39.15137	-94.58052
39.15142	-94.58056
39.15147	-94.5806
39.15153	-94.58065
39.15158	-94.5807
39.15165	-94.58077
39.1517	-94.58082
39.15175	-94.58088
39.15178	-94.58091
39.15183	-94.58098
39.15187	-94.58104
39.15191	-94.58109
39.15196	-94.58117
39.152	-94.58125
39.15206	-94.58136
39.15211	-94.58146
39.15214	-94.58152
39.1522	-94.58168
39.15227	-94.58189
39.15231	-94.58202
39.15243	-94.58249
39.15258	-94.58302
39.15264	-94.58322
39.15271	-94.58341
39.15282	-94.58364
39.15294	-94.58388
39.15307	-94.58409
39.15322	-94.58432
39.15338	-94.58451
39.15354	-94.58468
39.15373	-94.58485
39.15391	-94.585
39.15412	-94.58515
39.15425	-94.58523
39.15466	-94.58543
39.1549	-94.58555
39.15598	-94.58609
39.15654	-94.58637
39.15671	-94.58646
39.15688	-94.58654
39.15694	-94.58658
39.15705	-94.58663
39.15772	-94.58695
39.15839	-94.58728
39.15869	-94.58744
39.1588	-94.58749
39.15901	-94.5876
39.15928	-94.58773
39.15947	-94.58784
39.15956	-94.58789
39.16004	-94.58827
39.16015	-94.58838
39.16024	-94.58847
39.16033	-94.58856
39.16041	-94.58865
39.16043	-94.58867
39.16049	-94.58873
39.16062	-94.58889
39.16076	-94.58908
39.16082	-94.58916
39.16093	-94.58933
39.161	-94.58944
39.16106	-94.58954
39.16128	-94.58991
39.16134	-94.59003
39.16145	-94.59022
39.16147	-94.59026
39.1616	-94.59048
39.16173	-94.59072
39.1618	-94.59084
39.16193	-94.59106
39.16199	-94.59117
39.16212	-94.5914
39.16219	-94.59151
39.16225	-94.59163
39.16232	-94.59175
39.16238	-94.59186
39.16245	-94.59197
39.16251	-94.59208
39.16258	-94.5922
39.16271	-94.59242
39.16283	-94.59264
39.16284	-94.59265
39.16297	-94.59288
39.1631	-94.59311
39.16322	-94.59333
39.16323	-94.59334
39.16329	-94.59345
39.16335	-94.59356
39.16342	-94.59368
39.16348	-94.59379
39.16361	-94.59402
39.16362	-94.59403
39.16374	-94.59425
39.1638	-94.59437
39.16386	-94.59448
39.16387	-94.59449
39.16392	-94.5946
39.16398	-94.59472
39.16404	-94.59484
39.16415	-94.59509
39.1643	-94.59546
39.16435	-94.59557
39.16444	-94.59584
39.16462	-94.59633
39.16463	-94.59635
39.16485	-94.597
39.1652	-94.59802
39.16535	-94.59844
39.16547	-94.5988
39.1656	-94.59916
39.16569	-94.59943
39.16578	-94.59969
39.16591	-94.60008
39.16599	-94.60035
39.16603	-94.60047
39.16605	-94.60055
39.16611	-94.60074
39.16611	-94.60076
39.16614	-94.60087
39.16618	-94.60103
39.16624	-94.6013
39.16629	-94.60151
39.16632	-94.60169
39.16633	-94.60174
39.16635	-94.60182
39.16637	-94.60196
39.16639	-94.6021
39.16641	-94.60224
39.16643	-94.60239
39.16646	-94.60266
39.16649	-94.60293
39.16651	-94.60322
39.16652	-94.60335
39.16653	-94.6035
39.16654	-94.60374
39.16654	-94.60392
39.16654	-94.60407
39.16654	-94.60413
39.16655	-94.60434
39.16655	-94.60461
39.16655	-94.60477
39.16655	-94.60505
39.16655	-94.60533
39.16656	-94.60554
39.16656	-94.60575
39.16656	-94.60604
39.16656	-94.60632
39.16656	-94.6066
39.16657	-94.60688
39.16657	-94.60716
39.16657	-94.60745
39.16657	-94.60787
39.16658	-94.60801
39.16658	-94.60829
39.16658	-94.60843
39.16658	-94.60857
39.16658	-94.60872
39.16658	-94.60886
39.16658	-94.609
39.16659	-94.60914
39.16659	-94.60928
39.16659	-94.60942
39.16659	-94.60956
39.16659	-94.60969
39.16659	-94.6097
39.16659	-94.60985
39.16659	-94.60992
39.16659	-94.60998
39.16659	-94.61013
39.16659	-94.61027
39.16659	-94.61039
39.16659	-94.61041
39.1666	-94.61055
39.1666	-94.61069
39.1666	-94.61083
39.1666	-94.61097
39.1666	-94.61111
39.1666	-94.61125
39.1666	-94.61132
39.16661	-94.61153
39.16661	-94.61167
39.16662	-94.61182
39.16662	-94.61196
39.16664	-94.61224
39.16666	-94.61238
39.16667	-94.61252
39.16669	-94.61265
39.16672	-94.61291
39.16674	-94.61305
39.16677	-94.61319
39.1668	-94.61332
39.16684	-94.61351
39.1669	-94.61373
39.16693	-94.61386
39.16696	-94.61394
39.16702	-94.61413
39.16706	-94.61426
39.1671	-94.61438
39.16715	-94.61452
39.16723	-94.61472
39.16732	-94.6149
39.16741	-94.6151
39.16744	-94.61517
39.16751	-94.61529
39.16767	-94.61559
39.16767	-94.6156
39.16799	-94.61615
39.1679939	-94.6161523
39.16858	-94.61717
39.16898	-94.61783
39.16953	-94.61862
39.16963	-94.61875
39.16966	-94.61878
39.16977	-94.61891
39.1699	-94.61907
39.17006	-94.61924
39.17017	-94.61936
39.1702	-94.61939
39.1703	-94.6195
39.17042	-94.61963
39.17054	-94.61975
39.17088	-94.62011
39.17089	-94.62012
39.17112	-94.62037
39.1711199	-94.6203666
39.17146	-94.62074
39.17209	-94.62143
39.17212	-94.62146
39.17225	-94.6216
39.17226	-94.62161
39.17239	-94.62176
39.17247	-94.62184
39.17253	-94.62191
39.17267	-94.62206
39.17268	-94.62208
39.17275	-94.62217
39.17276	-94.6222
39.17279	-94.62223
39.17287	-94.62233
39.1729	-94.62238
39.17297	-94.62248
39.17303	-94.62258
39.17306	-94.62264
39.1731	-94.62273
39.1731	-94.62274
39.17312	-94.62278
39.17317	-94.62291
39.17324	-94.62309
39.17324	-94.6231
39.17331	-94.62335
39.17332	-94.62336
39.17332	-94.62338
39.17334	-94.62353
39.17337	-94.62376
39.17338	-94.62394
39.17339	-94.6241
39.17339	-94.62425
39.17338	-94.62437
39.17338	-94.62439
39.17337	-94.62454
39.17336	-94.62465
39.17335	-94.62476
39.17334	-94.62489
39.17333	-94.62501
39.17332	-94.62513
39.1733	-94.62529
39.17329	-94.62543
39.17327	-94.62555
39.17327	-94.62556
39.17327	-94.62568
39.17321	-94.62634
39.1732	-94.62638
39.17314	-94.62704
39.17306	-94.62789
39.17304	-94.62849
39.17313	-94.62945
39.17314	-94.6295
39.17319	-94.62977
39.17323	-94.62995
39.17357	-94.63115
39.17382	-94.632
39.17389	-94.63224
39.17397	-94.63253
39.17408	-94.63289
39.17414	-94.63311
39.17418	-94.63325
39.1742	-94.63332
39.17426	-94.63353
39.17432	-94.63376
39.17435	-94.63385
39.17445	-94.63423
39.17453	-94.63454
39.17457	-94.63469
39.17472	-94.63534
39.17485	-94.63592
39.17495	-94.63637
39.175	-94.63659
39.17503	-94.63671
39.17528	-94.63782
39.17554	-94.63896
39.17558	-94.63914
39.17599	-94.64093
39.17647	-94.64307
39.1766	-94.64365
39.1766	-94.64366
39.17662	-94.64374
39.17667	-94.64396
39.17671	-94.64412
39.17682	-94.64458
39.17693	-94.64498
39.17707	-94.6455
39.17715	-94.64581
39.17738	-94.64666
39.17797	-94.64886
39.1781	-94.6494
39.17811	-94.64943
39.1783	-94.65012
39.17836	-94.65034
39.17866	-94.65143
39.17895	-94.6525
39.17896	-94.65255
39.179	-94.65267
39.17907	-94.65297
39.17913	-94.65327
39.17918	-94.65357
39.17921	-94.65373
39.17926	-94.65419
39.17931	-94.65461
39.17934	-94.65493
39.17938	-94.65549
39.17942	-94.65587
39.17942	-94.65594
39.17944	-94.6561
39.17945	-94.65625
39.1795	-94.65663
39.17955	-94.65688
39.17958	-94.65701
39.17957	-94.65716
39.17957	-94.65718
39.1796	-94.6573
39.17962	-94.65735
39.17967	-94.65751
39.17987	-94.65814
39.18024	-94.65919
39.1803	-94.65936
39.18033	-94.65945
39.18036	-94.65952
39.18046	-94.65982
39.1811	-94.6616
39.18144	-94.66256
39.18183	-94.66365
39.18227	-94.66487
39.18274	-94.66615
39.18332	-94.6677
39.18334	-94.66775
39.18361	-94.6685
39.18407	-94.66981
39.18412	-94.66995
39.18453	-94.67113
39.18496	-94.67235
39.18503	-94.67256
39.18524	-94.67316
39.18551	-94.67394
39.18602	-94.67544
39.18642	-94.67649
39.18687	-94.6776
39.18697	-94.67782
39.187	-94.67788
39.18737	-94.67872
39.18783	-94.6797
39.18809	-94.68031
39.18812	-94.68036
39.18838	-94.68097
39.18862	-94.68149
39.18867	-94.6816
39.1887	-94.68168
39.18877	-94.68187
39.18878	-94.68191
39.18882	-94.68205
39.18884	-94.68214
39.18887	-94.68225
39.18898	-94.68274
39.1889784	-94.6827365
39.18909	-94.68285
39.18915	-94.68288
39.1892	-94.68291
39.1893	-94.68292
39.18946	-94.68295
39.18958	-94.68292
39.18978	-94.68291
39.19016	-94.68291
39.19034	-94.68291
39.1909	-94.68291
39.19143	-94.68291
39.192	-94.68293
39.19255	-94.68291
39.19309	-94.68291
39.19317	-94.6829
39.19324	-94.68289
39.19329	-94.68288
39.19332	-94.68287
39.1934	-94.68286
39.19346	-94.68284
39.19381	-94.68273
39.19399	-94.68268
39.19416	-94.68263
39.19434	-94.68258
39.19504	-94.68237
39.1954	-94.68225
39.19558	-94.68219
39.19575	-94.68213
39.19592	-94.68206
39.19603	-94.68202
39.19609	-94.682
39.19619	-94.68196
39.19641	-94.68189
39.19658	-94.68186
39.19672	-94.68184
39.19687	-94.68184
39.19691	-94.68184
39.19701	-94.68185
39.19709	-94.68186
39.19716	-94.68187
39.19727	-94.6819
39.1973	-94.6819
39.19743	-94.68194
39.19753	-94.68197
39.19779	-94.68207
39.19796	-94.68213
39.19814	-94.6822
39.19831	-94.68226
39.19848	-94.68233
39.19855	-94.68236
39.19865	-94.68239
39.19873	-94.68241
39.19882	-94.68242
39.1989	-94.68243
39.19909	-94.68244
39.19913	-94.68244
39.19944	-94.68244
39.1999	-94.68243
39.20009	-94.68241
39.20037	-94.6824
39.20053	-94.68239
39.2008	-94.68236
39.20084	-94.68236
39.20106	-94.68234
39.20155	-94.68227
39.20204	-94.68222
39.20217	-94.68221
39.20248	-94.68219
39.20249	-94.68219
39.20291	-94.68217
39.2033	-94.68217
39.2035	-94.68218
39.20372	-94.6822
39.20404	-94.68222
39.20408	-94.68222
39.20444	-94.68226
39.20464	-94.68228
39.20476	-94.68229
39.2055	-94.6824
39.20582	-94.68244
39.20614	-94.68248
39.20683	-94.68257
39.20691	-94.68258
39.20712	-94.6826
39.20728	-94.68261
39.20759	-94.68259
39.2077	-94.68258
39.20784	-94.68255
39.20801	-94.68251
39.20815	-94.68246
39.20826	-94.68241
39.20828	-94.6824
39.2084	-94.68234
39.20851	-94.68226
39.20857	-94.68222
39.20872	-94.68212
39.2087185	-94.6821232
39.20872	-94.68261
39.20872	-94.6827
39.20872	-94.68285
39.20872	-94.68292
39.20872	-94.68327
39.20873	-94.68344
39.20873	-94.68352
39.20874	-94.68389
39.20874	-94.68402
39.20875	-94.68453
39.20875	-94.68485
39.20875	-94.68508
39.20876	-94.68527
39.20876	-94.68552
39.20876	-94.68573
39.20876	-94.68597
39.20876	-94.68598
39.20876	-94.6862
39.20876	-94.68626
39.20877	-94.68675
39.20877	-94.68697
39.20876	-94.68709
39.2087621	-94.6870919
39.20922	-94.68708
39.2093	-94.68708
39.20947	-94.68708
39.2096	-94.68707
39.20978	-94.68707
39.21001	-94.68707
39.21014	-94.68707
39.21046	-94.68708
39.2108	-94.68708
39.2107977	-94.6870776
39.21089	-94.68708
39.21087	-94.68754
39.21081	-94.68889
39.2108	-94.68917
39.21077	-94.68956
39.21078	-94.68977
39.21076	-94.69018
39.21073	-94.69094
39.21069	-94.69168
39.21064	-94.6926
39.21061	-94.69315
39.2106	-94.69338
39.21058	-94.69384
39.21057	-94.69408
39.21056	-94.69418
39.21056	-94.69431
39.21054	-94.69454
39.21053	-94.69477
39.21053	-94.69478
39.21051	-94.69523
39.2105	-94.69547
39.21047	-94.69589
39.21047	-94.69599
39.21046	-94.69621
39.21043	-94.69678
39.21041	-94.69716
39.21038	-94.69768
39.21037	-94.69799
39.21035	-94.69845
39.21032	-94.6991
39.21031	-94.69925
39.21029	-94.69938
39.21029	-94.6994
39.21026	-94.69961
39.21026	-94.69962
39.21026	-94.69966
39.21026	-94.6997
39.21026	-94.69981
39.21027	-94.69984
39.21029	-94.70003
39.2102942	-94.7000307
39.2103	-94.70004
39.21031	-94.70004
39.21032	-94.70005
39.21033	-94.70006
39.21034	-94.70007
39.21035	-94.70008
39.21036	-94.70009
39.21037	-94.70012
39.21038	-94.70013
39.21039	-94.70015
39.2104	-94.70018
39.21041	-94.7002
39.21041	-94.70022
39.21042	-94.70024
39.21042	-94.70026
39.21042	-94.70029
39.21042	-94.70032
39.21041	-94.70036
39.21041	-94.70041
39.21039	-94.70047
39.21038	-94.70048
39.21037	-94.7005
39.21036	-94.70051
39.21035	-94.70052
39.21032	-94.70063
39.2103	-94.70068
39.21029	-94.70072
39.21028	-94.70078
39.21026	-94.70086
39.21024	-94.70092
39.21022	-94.70105
39.21019	-94.70124
39.21018	-94.7014
39.21015	-94.70209
39.21015	-94.70211
39.21014	-94.7023
39.21013	-94.7026
39.21008	-94.70347
39.21008	-94.7035
39.21006	-94.70392
39.21006	-94.70396
39.21001	-94.70485
39.21	-94.70508
39.20999	-94.70521
39.20997	-94.70554
39.20995	-94.70601
39.20993	-94.70634
39.20993	-94.70647
39.20991	-94.70678
39.2099	-94.70702
39.20989	-94.70734
39.20989	-94.7074
39.20989	-94.70764
39.2099	-94.70794
39.20991	-94.70824
39.20993	-94.70847
39.20994	-94.7086
39.20998	-94.70893
39.21	-94.70912
39.21	-94.70916
39.21003	-94.70939
39.21005	-94.70953
39.21012	-94.70984
39.21042	-94.7114
39.21055	-94.71202
39.21061	-94.71233
39.21072	-94.71297
39.21075	-94.71318
39.21082	-94.71353
39.21085	-94.71371
39.21094	-94.71412
39.21095	-94.71416
39.21108	-94.71472
39.21117	-94.7151
39.21132	-94.71569
39.21139	-94.71602
39.21147	-94.71634
39.21158	-94.71691
39.21166	-94.71737
39.21172	-94.71783
39.21178	-94.71823
39.21184	-94.71873
39.2119	-94.71938
39.21193	-94.72003
39.21198	-94.72094
39.21201	-94.72164
39.21204	-94.72221
39.21207	-94.72291
39.21208	-94.72305
39.2121	-94.72352
39.21211	-94.72378
39.21211	-94.72382
39.21213	-94.72402
39.21214	-94.72411
39.21215	-94.72425
39.21216	-94.72429
39.21219	-94.72447
39.2122	-94.72452
39.2123	-94.72498
39.2124	-94.72527
39.21251	-94.72555
39.21264	-94.72584
39.2127	-94.72595
39.21277	-94.72609
39.2129	-94.7263
39.21292	-94.72632
39.21303	-94.72649
39.21304	-94.7265
39.21316	-94.72666
39.21329	-94.72681
39.21355	-94.72707
39.2139	-94.7274
39.21398	-94.72747
39.21413	-94.72761
39.21428	-94.72774
39.21442	-94.72788
39.21472	-94.72814
39.2153	-94.72868
39.21575	-94.72908
39.21589	-94.72922
39.21594	-94.72926
39.21604	-94.72935
39.21633	-94.72962
39.21648	-94.72976
39.21656	-94.72984
39.21662	-94.72989
39.21684	-94.7301
39.21716	-94.73039
39.21729	-94.73051
39.21744	-94.73067
39.21745	-94.73068
39.21758	-94.73082
39.21765	-94.73089
39.21783	-94.7311
39.21801	-94.73131
39.21812	-94.73144
39.21817	-94.7315
39.21825	-94.7316
39.21836	-94.73176
39.21837	-94.73177
39.21849	-94.73194
39.21851	-94.73196
39.21868	-94.73223
39.21882	-94.73246
39.21894	-94.73267
39.21895	-94.73269
39.21909	-94.73297
39.21921	-94.73319
39.21929	-94.73337
39.21976	-94.7345
39.2198	-94.73461
39.21983	-94.73468
39.21987	-94.73475
39.21993	-94.73486
39.2199282	-94.734859
39.21996	-94.73486
39.21998	-94.73486
39.22001	-94.73487
39.22003	-94.73488
39.22006	-94.73489
39.22008	-94.73491
39.2201	-94.73493
39.22012	-94.73496
39.22014	-94.73498
39.22016	-94.73501
39.22017	-94.73505
39.22018	-94.73508
39.22019	-94.73512
39.2202	-94.73516
39.2202	-94.73519
39.2202	-94.73523
39.2202	-94.73526
39.22019	-94.73529
39.22019	-94.73532
39.22018	-94.73534
39.22017	-94.73537
39.22016	-94.73539
39.22014	-94.73542
39.22013	-94.73544
39.22015	-94.73556
39.22015	-94.73562
39.22016	-94.73567
39.22017	-94.73572
39.22018	-94.73578
39.2202	-94.73584
39.22037	-94.73639
39.22058	-94.73703
39.22061	-94.73715
39.22064	-94.73722
39.22079	-94.73768
39.22093	-94.7381
39.22109	-94.73859
39.22135	-94.73938
39.22149	-94.73981
39.22163	-94.74024
39.22182	-94.74082
39.22191	-94.7411
39.22206	-94.74152
39.22248	-94.74278
39.22255	-94.743
39.22269	-94.74343
39.22283	-94.74386
39.22287	-94.744
39.22296	-94.74429
39.22303	-94.7445
39.22316	-94.74491
39.2233	-94.74536
39.22344	-94.74579
39.22344	-94.74582
39.22358	-94.74622
39.22362	-94.74635
39.22379	-94.74684
39.22386	-94.74707
39.22407	-94.74772
39.2242	-94.74815
39.22427	-94.74836
39.22437	-94.74867
39.22455	-94.74922
39.22459	-94.74932
39.22476	-94.74986
39.2249	-94.75029
39.22496	-94.75046
39.22497	-94.7505
39.22503	-94.75072
39.22504	-94.75073
39.2251	-94.751
39.22515	-94.75123
39.2252	-94.75155
39.22523	-94.75184
39.22523	-94.75185
39.22524	-94.75209
39.22524	-94.75227
39.22523	-94.75276
39.22521	-94.75309
39.22517	-94.7538
39.22515	-94.75429
39.22513	-94.75464
39.22511	-94.75545
39.2251	-94.75563
39.2251	-94.75576
39.2250986	-94.7557587
39.2251	-94.75594
39.2251	-94.75601
39.22511	-94.75606
39.22513	-94.75611
39.2252	-94.75627
39.22522	-94.75631
39.22526	-94.75642
39.22528	-94.75648
39.22529	-94.75652
39.22529	-94.75656
39.22528	-94.75661
39.22528	-94.75665
39.22526	-94.75671
39.22522	-94.75686
39.22518	-94.75696
39.22516	-94.75713
39.22516	-94.75723
39.22515	-94.75741
39.22515	-94.7576
39.22515	-94.7578
39.22514	-94.75781
39.22514	-94.75783
39.22513	-94.7583
39.22511	-94.75894
39.2251	-94.75917
39.22509	-94.7594
39.22508	-94.76022
39.22507	-94.76063
39.22507	-94.761
39.22506	-94.76116
39.22506	-94.76138
39.22505	-94.76158
39.22505	-94.76159
39.22505	-94.7616
39.22504	-94.76183
39.22504	-94.76197
39.22504	-94.76201
39.22504	-94.76202
39.22504	-94.76207
39.22504	-94.76224
39.22503	-94.7625
39.22503	-94.76265
39.22502	-94.76305
39.225	-94.76361
39.225	-94.76363
39.22499	-94.7641
39.22497	-94.76465
39.22496	-94.76505
39.22496	-94.76529
39.22493	-94.76576
39.22492	-94.76589
39.22491	-94.76618
39.2249	-94.76647
39.2249	-94.76665
39.22489	-94.76742
39.22491	-94.7678
39.22495	-94.76812
39.22499	-94.76825
39.22505	-94.76847
39.22507	-94.76862
39.22509	-94.7687
39.22515	-94.76892
39.22545	-94.77001
39.22551	-94.77023
39.22557	-94.77045
39.22563	-94.77067
39.22575	-94.7711
39.22576	-94.77112
39.22585	-94.77145
39.22588	-94.77154
39.22594	-94.77176
39.226	-94.77198
39.22606	-94.7722
39.22621	-94.77272
39.2263	-94.77305
39.22633	-94.77316
39.22639	-94.77337
39.22646	-94.77359
39.2265	-94.77375
39.22652	-94.77381
39.22659	-94.77402
39.22667	-94.77423
39.22674	-94.77441
39.22675	-94.77444
39.2269	-94.77481
39.22705	-94.77514
39.2271	-94.77525
39.22712	-94.77531
39.22723	-94.77552
39.2273	-94.77564
39.22733	-94.77571
39.2274	-94.77583
39.22744	-94.77589
39.22752	-94.77604
39.22761	-94.77619
39.22783	-94.77653
39.22796	-94.77672
39.22832	-94.7772
39.22848	-94.7774
39.2286	-94.77755
39.22873	-94.77771
39.22885	-94.77786
39.22886	-94.77788
39.22912	-94.7782
39.22938	-94.77852
39.22964	-94.77884
39.22975	-94.77897
39.23034	-94.77972
39.23058	-94.78001
39.23067	-94.78014
39.2308	-94.7803
39.23093	-94.78046
39.23102	-94.78057
39.23106	-94.78062
39.23118	-94.78079
39.23131	-94.78095
39.23135	-94.781
39.23149	-94.78119
39.23156	-94.78129
39.2316	-94.78136
39.23167	-94.78147
39.2317	-94.78151
39.23178	-94.78166
39.23179	-94.78168
39.23188	-94.78185
39.23189	-94.78186
39.232	-94.7821
39.23205	-94.78225
39.23207	-94.78231
39.23213	-94.78246
39.23219	-94.78265
39.2322	-94.78268
39.23226	-94.7829
39.23227	-94.78291
39.23241	-94.78346
39.2325	-94.78377
39.23256	-94.78399
39.23262	-94.78421
39.23268	-94.78443
39.23272	-94.7846
39.23273	-94.78465
39.23285	-94.78509
39.23288	-94.78517
39.23297	-94.78553
39.23303	-94.78575
39.23309	-94.78597
39.23315	-94.78619
39.23321	-94.78641
39.23326	-94.78663
39.23332	-94.78685
39.23338	-94.78707
39.23344	-94.78729
39.23359	-94.78787
39.23379	-94.7886
39.23385	-94.78882
39.23398	-94.78933
39.23408	-94.7897
39.2342	-94.79014
39.23426	-94.79036
39.23457	-94.79153
39.23504	-94.79328
39.2351	-94.79352
39.23539	-94.7946
39.23545	-94.79482
39.23574	-94.79592
39.2358	-94.79614
39.23588	-94.79648
39.23597	-94.7968
39.23615	-94.79745
39.23623	-94.79775
39.23655	-94.79893
39.23661	-94.79916
39.23671	-94.79949
39.23676	-94.79965
39.23682	-94.79981
39.2369	-94.80002
39.23701	-94.80023
39.23705	-94.8003
39.23714	-94.80043
39.23726	-94.8006
39.23733	-94.80068
39.23745	-94.80082
39.2376	-94.80095
39.23775	-94.80107
39.23795	-94.80121
39.2381	-94.80128
39.23828	-94.80136
39.23842	-94.80141
39.23872	-94.80153
39.23898	-94.80163
39.23911	-94.80168
39.23915	-94.80169
39.23924	-94.80173
39.2395	-94.80182
39.23972	-94.8019
39.24021	-94.80207
39.24041	-94.80214
39.24093	-94.80233
39.24118	-94.80242
39.24162	-94.80259
39.24197	-94.80271
39.24214	-94.80277
39.24219	-94.80279
39.24263	-94.80294
39.24318	-94.80313
39.24353	-94.80326
39.24405	-94.80344
39.24438	-94.80355
39.24475	-94.80368
39.24492	-94.80375
39.24507	-94.8038
39.24517	-94.80384
39.24578	-94.80407
39.24596	-94.80413
39.24604	-94.80416
39.2463	-94.80426
39.24647	-94.80432
39.24665	-94.80439
39.24686	-94.80447
39.2482	-94.80497
39.24838	-94.80503
39.24924	-94.80535
39.24936	-94.8054
39.24977	-94.80555
39.2501	-94.80567
39.25028	-94.80574
39.25041	-94.80579
39.25045	-94.8058
39.25097	-94.806
39.2524	-94.80654
39.25256	-94.8066
39.25359	-94.80698
39.2541	-94.80716
39.25458	-94.80735
39.25499	-94.8075
39.25542	-94.80767
39.25585	-94.80787
39.25621	-94.80805
39.25641	-94.80816
39.25664	-94.80829
39.25669	-94.80831
39.25709	-94.80856
39.25735	-94.80873
39.25764	-94.80893
39.2578	-94.80905
39.25781	-94.80905
39.2581	-94.80928
39.25844	-94.80955
39.25867	-94.80975
39.25887	-94.80993
39.25891	-94.80997
39.25911	-94.81016
39.25941	-94.81045
39.25944	-94.81049
39.25952	-94.81058
39.25966	-94.81072
39.25975	-94.81082
39.25985	-94.81094
39.25988	-94.81096
39.26011	-94.81123
39.26033	-94.81147
39.26053	-94.81171
39.26057	-94.81175
39.26071	-94.81192
39.26099	-94.81223
39.26131	-94.81261
39.26162	-94.81296
39.26201	-94.81341
39.26241	-94.81387
39.26242	-94.81387
39.26254	-94.81402
39.26277	-94.81428
39.26293	-94.81446
39.26295	-94.81448
39.26343	-94.81504
39.26416	-94.81587
39.26429	-94.81602
39.26456	-94.81633
39.2647	-94.81649
39.26537	-94.81726
39.26543	-94.81732
39.2662	-94.8182
39.26685	-94.81895
39.26704	-94.81918
39.26749	-94.81969
39.26822	-94.82052
39.26909	-94.82152
39.26943	-94.82191
39.26994	-94.8225
39.27035	-94.82296
39.27063	-94.82325
39.27067	-94.8233
39.27075	-94.82337
39.27085	-94.82347
39.27106	-94.82366
39.27123	-94.82382
39.27133	-94.82391
39.27152	-94.82408
39.27193	-94.82446
39.27215	-94.82468
39.27267	-94.82527
39.27318	-94.82585
39.2735	-94.82622
39.27362	-94.82636
39.27403	-94.82685
39.27411	-94.82693
39.27444	-94.82731
39.27458	-94.82746
39.27469	-94.82758
39.27506	-94.82801
39.27545	-94.82846
39.27551	-94.82855
39.2758	-94.82893
39.2761	-94.82937
39.27612	-94.8294
39.27654	-94.83
39.27674	-94.83025
39.27687	-94.83041
39.27692	-94.83048
39.27731	-94.83093
39.27773	-94.83141
39.27822	-94.83197
39.27864	-94.83245
39.27888	-94.83272
39.27902	-94.83288
39.27926	-94.83316
39.27958	-94.83351
39.27974	-94.8337
39.27989	-94.83386
39.27999	-94.83395
39.28009	-94.83404
39.28014	-94.83409
39.28019	-94.83413
39.28029	-94.8342
39.28043	-94.83431
39.28053	-94.83439
39.28076	-94.83455
39.28105	-94.83476
39.28136	-94.83498
39.28168	-94.83521
39.28188	-94.83536
39.28227	-94.83563
39.28248	-94.83578
39.28304	-94.83618
39.28384	-94.83674
39.28392	-94.83679
39.28419	-94.83696
39.28454	-94.8372
39.28455	-94.8372
39.28458	-94.83722
39.28466	-94.83728
39.28471	-94.83731
39.28474	-94.83733
39.28479	-94.83736
39.28502	-94.8375
39.28526	-94.83763
39.28538	-94.83771
39.28607	-94.8381
39.28717	-94.83872
39.28815	-94.83927
39.28846	-94.83944
39.28948	-94.84001
39.2902	-94.84042
39.29059	-94.84063
39.29099	-94.84086
39.29168	-94.84124
39.29206	-94.84146
39.29287	-94.84192
39.29352	-94.84228
39.29517	-94.84321
39.29534	-94.8433
39.29583	-94.84357
39.29751	-94.84451
39.29781	-94.84468
39.29798	-94.84477
39.29839	-94.845
39.29847	-94.84505
39.2993	-94.84552
39.2997	-94.84574
39.29973	-94.84576
39.29983	-94.84582
39.30003	-94.84593
39.30022	-94.84604
39.30057	-94.84622
39.30099	-94.84644
39.30106	-94.84647
39.30123	-94.84655
39.30132	-94.8466
39.30147	-94.84667
39.30179	-94.84683
39.30207	-94.84696
39.3026	-94.8472
39.30288	-94.84731
39.30297	-94.84735
39.30338	-94.84752
39.30363	-94.84761
39.30393	-94.84773
39.30434	-94.84788
39.30511	-94.84818
39.30543	-94.8483
39.30563	-94.84838
39.30616	-94.8486
39.30693	-94.8489
39.30745	-94.8491
39.30767	-94.84918
39.30789	-94.84927
39.30832	-94.84944
39.30882	-94.84963
39.30897	-94.84969
39.30899	-94.84969
39.30914	-94.84975
39.3094	-94.84985
39.30964	-94.84994
39.30979	-94.85
39.31002	-94.8501
39.31045	-94.85026
39.31058	-94.85032
39.31068	-94.85036
39.31074	-94.85038
39.31086	-94.85043
39.31099	-94.85049
39.31123	-94.85058
39.31143	-94.85067
39.31163	-94.85076
39.31171	-94.8508
39.31186	-94.85087
39.31206	-94.85097
39.31233	-94.8511
39.31246	-94.85116
39.31263	-94.85123
39.31268	-94.85126
39.31275	-94.8513
39.31277	-94.85131
39.31284	-94.85134
39.3129	-94.85137
39.31308	-94.85147
39.31335	-94.8516
39.31342	-94.85163
39.31363	-94.85173
39.31387	-94.85183
39.31403	-94.8519
39.31414	-94.85195
39.31445	-94.85207
39.31462	-94.85214
39.31505	-94.85231
39.31587	-94.85263
39.31645	-94.85286
39.31752	-94.85326
39.31822	-94.85351
39.31837	-94.85356
39.31842	-94.85357
39.31859	-94.85363
39.31894	-94.85374
39.31895	-94.85375
39.31996	-94.85408
39.31998	-94.85409
39.32012	-94.85413
39.32039	-94.85423
39.32072	-94.85435
39.32206	-94.85486
39.32212	-94.85488
39.3224	-94.85499
39.32281	-94.85515
39.32428	-94.85572
39.32449	-94.85581
39.32502	-94.85601
39.32509	-94.85604
39.32513	-94.85605
39.32525	-94.8561
39.32537	-94.85614
39.32549	-94.85619
39.3256	-94.85624
39.32561	-94.85624
39.32577	-94.8563
39.32593	-94.85637
39.32595	-94.85637
39.32603	-94.85641
39.32612	-94.85644
39.32627	-94.8565
39.32661	-94.85663
39.32691	-94.85675
39.32719	-94.85686
39.32733	-94.85691
39.32735	-94.85692
39.32752	-94.85699
39.32785	-94.85711
39.32844	-94.85734
39.32852	-94.85737
39.32862	-94.85742
39.32873	-94.85746
39.32926	-94.85766
39.32936	-94.8577
39.32953	-94.85777
39.32981	-94.85788
39.33022	-94.85804
39.33272	-94.85901
39.33348	-94.85931
39.33391	-94.85947
39.33418	-94.85958
39.33485	-94.85984
39.33533	-94.86003
39.33564	-94.86015
39.33594	-94.86026
39.33612	-94.86033
39.33683	-94.86061
39.3376	-94.86089
39.33809	-94.86108
39.33851	-94.86123
39.33931	-94.86152
39.33993	-94.86174
39.34017	-94.86183
39.34058	-94.86198
39.34109	-94.86218
39.34215	-94.86259
39.34252	-94.86273
39.34367	-94.86319
39.34514	-94.86376
39.34649	-94.86428
39.34713	-94.86453
39.34895	-94.86523
39.34962	-94.8655
39.35296	-94.86681
39.35432	-94.86733
39.35456	-94.86742
39.35484	-94.86753
39.35518	-94.86766
39.3556	-94.86782
39.35581	-94.8679
39.35593	-94.86795
39.35646	-94.86815
39.35711	-94.8684
39.35775	-94.86866
39.35806	-94.86878
39.35816	-94.86882
39.35819	-94.86883
39.35833	-94.86889
39.35872	-94.86904
39.35948	-94.86934
39.36021	-94.86962
39.36053	-94.86974
39.36085	-94.86987
39.36109	-94.86996
39.36119	-94.87
39.36146	-94.8701
39.36187	-94.87026
39.36253	-94.87052
39.36259	-94.87054
39.36278	-94.87062
39.36289	-94.87066
39.3636	-94.87094
39.36367	-94.87096
39.36373	-94.87098
39.36383	-94.87101
39.36387	-94.87102
39.36391	-94.87103
39.36398	-94.87105
39.36405	-94.87107
39.36408	-94.87107
39.36412	-94.87108
39.36417	-94.87109
39.3642	-94.87109
39.36424	-94.8711
39.36433	-94.8711
39.36439	-94.87111
39.36444	-94.87111
39.3645	-94.87111
39.36455	-94.8711
39.36464	-94.8711
39.36483	-94.87107
39.36503	-94.87102
39.36509	-94.871
39.36523	-94.87095
39.36526	-94.87094
39.36532	-94.87091
39.36536	-94.87089
39.36544	-94.87086
39.3655	-94.87083
39.36558	-94.87078
39.36566	-94.87074
39.36571	-94.87071
39.36576	-94.87067
39.36584	-94.87061
39.36588	-94.87058
39.36593	-94.87054
39.366	-94.87047
39.36602	-94.87045
39.36608	-94.87039
39.36615	-94.87032
39.36617	-94.87029
39.36621	-94.87026
39.36625	-94.8702
39.3663	-94.87015
39.36635	-94.87008
39.36644	-94.86996
39.36651	-94.86985
39.36661	-94.8697
39.36668	-94.86958
39.3668	-94.86938
39.36697	-94.86909
39.36705	-94.86895
39.36716	-94.86877
39.36717	-94.86875
39.36725	-94.86863
39.36735	-94.86847
39.36739	-94.86842
39.36741	-94.86839
39.36744	-94.86835
39.36747	-94.86831
39.3675	-94.86826
39.36753	-94.86822
39.36758	-94.86815
39.36772	-94.86796
39.36778	-94.86789
39.3679	-94.86774
39.36794	-94.86769
39.36796	-94.86767
39.36803	-94.86759
39.36812	-94.8675
39.36826	-94.86736
39.36851	-94.86714
39.36861	-94.86706
39.36872	-94.86697
39.36881	-94.8669
39.36892	-94.86681
39.36902	-94.86673
39.36914	-94.86665
39.36935	-94.86651
39.36944	-94.86646
39.36954	-94.8664
39.36978	-94.86628
39.36993	-94.86621
39.37015	-94.86612
39.37035	-94.86604
39.37063	-94.86594
39.37081	-94.86588
39.37088	-94.86585
39.3712	-94.86575
39.37137	-94.86569
39.37189	-94.86551
39.37202	-94.86547
39.37247	-94.86532
39.37338	-94.86501
39.37426	-94.86472
39.37452	-94.86463
39.37479	-94.86454
39.37517	-94.86442
39.37557	-94.86429
39.37569	-94.86425
39.37579	-94.86421
39.37591	-94.86418
39.37613	-94.86411
39.3763	-94.86407
39.37652	-94.86404
39.37677	-94.86398
39.37683	-94.86397
39.37691	-94.86396
39.377	-94.86395
39.37711	-94.86394
39.37808	-94.86393
39.37816	-94.86392
39.37828	-94.86393
39.37838	-94.86394
39.37845	-94.86395
39.37856	-94.86397
39.37865	-94.86398
39.37871	-94.86399
39.37876	-94.864
39.37884	-94.86401
39.37885	-94.86401
39.3789	-94.86402
39.37896	-94.86403
39.37903	-94.86405
39.37914	-94.86408
39.37933	-94.86412
39.37961	-94.86418
39.37991	-94.86426
39.38044	-94.86438
39.38067	-94.86444
39.38097	-94.86451
39.38115	-94.86455
39.38133	-94.8646
39.38185	-94.86472
39.38203	-94.86476
39.38273	-94.86493
39.38274	-94.86493
39.38284	-94.86496
39.38315	-94.86503
39.38333	-94.86506
39.38358	-94.8651
39.3838	-94.86513
39.38392	-94.86514
39.38404	-94.86514
39.38405	-94.86514
39.38413	-94.86515
39.38423	-94.86515
39.38429	-94.86515
39.38447	-94.86515
39.38457	-94.86515
39.38474	-94.86514
39.38482	-94.86514
39.38491	-94.86513
39.38494	-94.86513
39.38503	-94.86512
39.3854	-94.86507
39.3855	-94.86505
39.38563	-94.86503
39.38577	-94.865
39.38584	-94.86498
39.38588	-94.86497
39.38601	-94.86494
39.38602	-94.86493
39.3862	-94.86489
39.3869	-94.86469
39.3876	-94.8645
39.38778	-94.86445
39.38789	-94.86442
39.38831	-94.8643
39.38834	-94.86429
39.38884	-94.86416
39.38901	-94.86411
39.39024	-94.86376
39.39051	-94.86369
39.39059	-94.86367
39.39075	-94.86362
39.39091	-94.86359
39.39094	-94.86358
39.39111	-94.86355
39.39112	-94.86354
39.3912	-94.86353
39.39134	-94.86351
39.39148	-94.86349
39.39152	-94.86348
39.39164	-94.86347
39.39166	-94.86346
39.39174	-94.86345
39.39185	-94.86344
39.392	-94.86343
39.39211	-94.86342
39.39238	-94.86341
39.39288	-94.86338
39.39342	-94.86335
39.39354	-94.86335
39.3936	-94.86335
39.39384	-94.86333
39.39396	-94.86333
39.39408	-94.86332
39.39414	-94.86332
39.39417	-94.86332
39.39426	-94.86331
39.39432	-94.86331
39.39435	-94.86331
39.39443	-94.86331
39.39462	-94.8633
39.39489	-94.86328
39.39495	-94.86328
39.39498	-94.86328
39.39504	-94.86327
39.39531	-94.86326
39.39588	-94.86324
39.39597	-94.86323
39.39624	-94.86323
39.39637	-94.86322
39.39658	-94.8632
39.39673	-94.86319
39.39676	-94.86319
39.39712	-94.86318
39.39767	-94.86312
39.39822	-94.8631
39.39823	-94.8631
39.39852	-94.8631
39.39876	-94.8631
39.3991	-94.86308
39.40039	-94.86326
39.40066	-94.8633
39.40075	-94.86333
39.40085	-94.86335
39.40107	-94.8634
39.40136	-94.86351
39.40143	-94.86353
39.40154	-94.86357
39.40168	-94.86362
39.40171	-94.86362
39.40198	-94.86372
39.40201	-94.86373
39.40206	-94.86375
39.40235	-94.86387
39.40257	-94.86396
39.4026	-94.86397
39.40261	-94.86398
39.40274	-94.86404
39.40284	-94.86408
39.40291	-94.86412
39.40329	-94.86431
39.4036	-94.86449
39.40378	-94.86459
39.40389	-94.86465
39.40411	-94.86479
39.40427	-94.86489
39.40461	-94.86513
39.40501	-94.86543
39.40535	-94.8657
39.40536	-94.86571
39.40568	-94.86599
39.40595	-94.86624
39.40624	-94.86652
39.4063	-94.86658
39.40652	-94.86681
39.40662	-94.86691
39.40695	-94.8673
39.40706	-94.86742
39.40719	-94.86758
39.40724	-94.86763
39.40745	-94.8679
39.40752	-94.86799
39.40757	-94.86807
39.40769	-94.86824
39.40778	-94.86837
39.40782	-94.86841
39.40794	-94.86858
39.408	-94.86868
39.40806	-94.86876
39.40818	-94.86893
39.40824	-94.86903
39.40856	-94.86956
39.40884	-94.87007
39.40917	-94.87071
39.40945	-94.87133
39.40949	-94.87143
39.40957	-94.87164
39.40966	-94.87184
39.40974	-94.87205
39.40975	-94.87209
39.40978	-94.87215
39.40983	-94.87228
39.40986	-94.87235
39.40994	-94.87256
39.40999	-94.87272
39.41001	-94.87278
39.41004	-94.87288
39.41008	-94.87299
39.41015	-94.8732
39.41022	-94.87342
39.41036	-94.87385
39.41047	-94.87418
39.41048	-94.87422
39.4105	-94.87428
39.4107	-94.87493
39.4109	-94.87557
39.41097	-94.87579
39.41102	-94.87595
39.41104	-94.876
39.41115	-94.87638
39.41117	-94.87644
39.41122	-94.8766
39.41124	-94.87665
39.41131	-94.87687
39.41142	-94.87724
39.41144	-94.8773
39.41181	-94.87848
39.41183	-94.87854
39.41185	-94.87859
39.41191	-94.87882
39.41218	-94.87967
39.41223	-94.87983
39.41225	-94.87989
39.41232	-94.88011
39.41265	-94.88118
39.4127	-94.88134
39.41279	-94.88162
39.41284	-94.88178
39.41286	-94.88183
39.41297	-94.8822
39.41306	-94.88248
39.41312	-94.88266
39.41319	-94.88287
39.41411	-94.88579
39.41424	-94.88621
39.41439	-94.88668
39.41446	-94.88687
39.41457	-94.88715
39.41467	-94.88736
39.41478	-94.88756
39.41488	-94.88774
39.41495	-94.88787
39.41499	-94.88796
39.4151	-94.88813
39.41524	-94.88835
39.4153	-94.88844
39.41531	-94.88844
39.41544	-94.88863
39.41565	-94.8889
39.41568	-94.88893
39.41603	-94.88934
39.41648	-94.88987
39.41658	-94.88997
39.4177	-94.89125
39.41797	-94.89156
39.4181	-94.89172
39.41818	-94.89181
39.41828	-94.89193
39.41842	-94.89208
39.41847	-94.89214
39.41869	-94.8924
39.41882	-94.89254
39.41884	-94.89256
39.41896	-94.8927
39.41899	-94.89274
39.41918	-94.89295
39.41923	-94.89301
39.41926	-94.89304
39.41937	-94.89316
39.41948	-94.8933
39.4195	-94.89332
39.41962	-94.89346
39.41962	-94.89347
39.41966	-94.89351
39.41975	-94.89361
39.41984	-94.89372
39.4199	-94.8938
39.41991	-94.89382
39.41995	-94.89388
39.41997	-94.8939
39.42	-94.89395
39.42004	-94.89398
39.42006	-94.894
39.42008	-94.89402
39.42015	-94.89408
39.42016	-94.89408
39.42022	-94.89414
39.42029	-94.89423
39.42039	-94.89433
39.42043	-94.89438
39.42065	-94.89465
39.42071	-94.89472
39.42075	-94.89477
39.42083	-94.89489
39.42101	-94.89515
39.42111	-94.8953
39.42115	-94.89538
39.42136	-94.89573
39.42152	-94.89606
39.42163	-94.89633
39.42164	-94.89634
39.42171	-94.89652
39.42177	-94.89669
39.42182	-94.89681
39.42191	-94.89712
39.42196	-94.8973
39.42204	-94.89762
39.42206	-94.8977
39.42213	-94.89795
39.42224	-94.89843
39.42235	-94.89887
39.42245	-94.8993
39.4226	-94.89989
39.42268	-94.90024
39.42278	-94.90066
39.42287	-94.90099
39.42288	-94.90104
39.42294	-94.90124
39.42301	-94.90146
39.4231	-94.90174
39.42315	-94.90188
39.42318	-94.90194
39.42323	-94.90209
39.42327	-94.90218
39.42331	-94.9023
39.42334	-94.90237
39.42339	-94.9025
39.42342	-94.90257
39.42349	-94.90273
39.42353	-94.90282
39.42357	-94.90291
39.42361	-94.903
39.42368	-94.90313
39.42377	-94.9033
39.42386	-94.90347
39.42394	-94.90362
39.42403	-94.90378
39.42413	-94.90395
39.4242	-94.90406
39.4243	-94.9042
39.42438	-94.90433
39.42439	-94.90434
39.42446	-94.90444
39.42451	-94.90451
39.42455	-94.90457
39.4246	-94.90463
39.42463	-94.90468
39.42469	-94.90476
39.4247	-94.90478
39.42476	-94.90485
39.42482	-94.90492
39.42498	-94.90511
39.42501	-94.90516
39.42502	-94.90517
39.42511	-94.90527
39.42515	-94.90531
39.42518	-94.90534
39.42536	-94.90554
39.42539	-94.90557
39.42569	-94.90588
39.42571	-94.9059
39.42592	-94.90611
39.42608	-94.90627
39.42621	-94.90639
39.42623	-94.90641
39.42628	-94.90647
39.42637	-94.90656
39.42663	-94.90682
39.42665	-94.90684
39.42712	-94.90731
39.42722	-94.90741
39.42726	-94.90745
39.42744	-94.90763
39.42772	-94.90792
39.42814	-94.90834
39.42829	-94.90849
39.42865	-94.90884
39.42877	-94.90897
39.42899	-94.90918
39.4292	-94.90939
39.42958	-94.90977
39.42983	-94.91001
39.4301	-94.91028
39.43024	-94.91043
39.43028	-94.91047
39.43052	-94.91071
39.43066	-94.91086
39.43095	-94.91114
39.43107	-94.91126
39.43164	-94.91184
39.4321	-94.9123
39.43234	-94.91254
39.43279	-94.913
39.43283	-94.91303
39.43322	-94.91342
39.43327	-94.91348
39.43336	-94.91356
39.43345	-94.91365
39.43362	-94.91382
39.43378	-94.91399
39.43387	-94.91409
39.43396	-94.91419
39.43404	-94.91428
39.43411	-94.91437
39.43418	-94.91445
39.43423	-94.91453
39.43429	-94.9146
39.43434	-94.91467
39.43439	-94.91476
39.43445	-94.91485
39.43453	-94.91499
39.43459	-94.9151
39.43461	-94.91512
39.43464	-94.9152
39.43472	-94.91537
39.43478	-94.91549
39.4348	-94.91553
39.43486	-94.91568
39.43491	-94.91583
39.43494	-94.91591
39.43498	-94.91603
39.43503	-94.91619
39.43507	-94.91633
39.43511	-94.9165
39.43515	-94.91665
39.4352	-94.91689
39.43522	-94.91703
39.43523	-94.91715
39.43526	-94.91736
39.43527	-94.91749
39.43528	-94.91765
39.43528	-94.9178
39.43528	-94.91784
39.43528	-94.91808
39.43527	-94.91834
39.43526	-94.9185
39.43526	-94.91851
39.43526	-94.91873
39.43525	-94.91896
39.43525	-94.91897
39.43524	-94.9192
39.43523	-94.91941
39.43523	-94.91943
39.43522	-94.9198
39.43523	-94.92013
39.43523	-94.92024
39.43523	-94.92036
39.43523	-94.92042
39.43524	-94.92059
39.43526	-94.92083
39.43528	-94.92106
39.43528	-94.92111
39.4353	-94.92129
39.43531	-94.92137
39.43534	-94.92167
39.43536	-94.92175
39.43539	-94.92198
39.43543	-94.9222
39.43548	-94.92251
39.4355	-94.92264
39.43553	-94.92277
39.43556	-94.92293
39.4356	-94.92317
39.43578	-94.92422
39.43582	-94.92445
39.43583	-94.92449
39.43586	-94.92468
39.43593	-94.92507
39.43606	-94.9258
39.43618	-94.92648
39.43626	-94.92694
39.43646	-94.92807
39.43685	-94.93024
39.43693	-94.93069
39.43705	-94.93137
39.43715	-94.93195
39.43729	-94.93271
39.43749	-94.93384
39.43757	-94.9343
39.43765	-94.93475
39.43766	-94.93481
39.43777	-94.93543
39.43778	-94.93548
39.43786	-94.93598
39.43795	-94.93658
39.43801	-94.93703
39.43805	-94.93733
39.43807	-94.93749
39.43811	-94.93775
39.43814	-94.93797
39.43821	-94.9385
39.43823	-94.93867
39.43824	-94.9387
39.43826	-94.9389
39.43828	-94.93901
39.4383	-94.93916
39.43832	-94.93935
39.43833	-94.93939
39.43838	-94.93981
39.43839	-94.93984
39.43842	-94.94004
39.43842	-94.94008
39.43846	-94.94037
39.43855	-94.941
39.43857	-94.94115
39.43864	-94.94168
39.43869	-94.94202
39.43872	-94.94228
39.43875	-94.94243
39.43878	-94.94259
39.43882	-94.94279
39.43887	-94.94301
39.43889	-94.94308
39.43898	-94.94341
39.43899	-94.94345
39.43906	-94.94366
39.43906	-94.94367
39.43913	-94.94387
39.43915	-94.94392
39.43923	-94.94411
39.4393	-94.94428
39.43937	-94.94443
39.43945	-94.9446
39.43959	-94.94488
39.4397	-94.94506
39.4398	-94.94525
39.44002	-94.94557
39.44032	-94.94597
39.44037	-94.94603
39.44063	-94.94631
39.44097	-94.94665
39.44125	-94.94688
39.44162	-94.94716
39.44163	-94.94717
39.44222	-94.94759
39.44265	-94.9479
39.44273	-94.94796
39.443	-94.94816
39.44322	-94.94834
39.44349	-94.94857
39.44374	-94.94879
39.44398	-94.94904
39.44443	-94.94951
39.44479	-94.94993
39.44507	-94.95027
39.44535	-94.95063
39.44579	-94.95121
39.44618	-94.95171
39.44677	-94.95247
39.44692	-94.95268
39.44705	-94.95284
39.44737	-94.95326
39.44786	-94.9539
39.44832	-94.9545
39.44837	-94.95457
39.44887	-94.95522
39.44937	-94.95587
39.45102	-94.95802
39.45114	-94.95819
39.45127	-94.95835
39.45266	-94.96017
39.45279	-94.96034
39.45319	-94.96086
39.45327	-94.96097
39.4542	-94.96218
39.4558	-94.96428
39.45629	-94.96492
39.45733	-94.96628
39.45741	-94.96634
39.45742	-94.96635
39.45743	-94.96636
39.45781	-94.96684
39.458	-94.96707
39.45807	-94.96715
39.45822	-94.96732
39.45865	-94.96781
39.45906	-94.96827
39.45937	-94.9686
39.45989	-94.96917
39.46	-94.96932
39.46013	-94.96946
39.46074	-94.97014
39.46165	-94.97114
39.4618	-94.9713
39.46195	-94.97146
39.46247	-94.97204
39.46319	-94.97283
39.46485	-94.97464
39.46519	-94.975
39.4661	-94.97601
39.46623	-94.97616
39.46641	-94.97635
39.46669	-94.97667
39.46725	-94.97728
39.46777	-94.97785
39.46816	-94.97826
39.46829	-94.9784
39.46834	-94.97845
39.46895	-94.97906
39.46943	-94.97954
39.46971	-94.97982
39.46972	-94.97983
39.46976	-94.97987
39.47215	-94.98223
39.47219	-94.98227
39.4722	-94.98228
39.47246	-94.98254
39.47287	-94.98294
39.47305	-94.98312
39.4732	-94.98327
39.47404	-94.9841
39.47447	-94.98454
39.4749	-94.98495
39.47493	-94.98498
39.47539	-94.98542
39.4759	-94.98587
39.47649	-94.98638
39.47658	-94.98646
39.47764	-94.98735
39.47815	-94.98777
39.4787	-94.98824
39.47936	-94.98878
39.47951	-94.98891
39.47995	-94.98928
39.4807	-94.9899
39.48102	-94.99017
39.48163	-94.99067
39.48178	-94.9908
39.48306	-94.99187
39.48394	-94.9926
39.4846	-94.99315
39.48556	-94.99397
39.48639	-94.99466
39.48699	-94.99516
39.48758	-94.99565
39.48787	-94.99588
39.48802	-94.99601
39.48816	-94.99612
39.48817	-94.99613
39.48833	-94.99625
39.4884	-94.9963
39.48886	-94.99665
39.48989	-94.99739
39.49068	-94.99796
39.49084	-94.99807
39.491	-94.99818
39.49179	-94.99874
39.49194	-94.99885
39.49226	-94.99908
39.49242	-94.99919
39.4925	-94.99925
39.49273	-94.99941
39.49306	-94.99964
39.49368	-95.00009
39.49383	-95.00018
39.49404	-95.00031
39.49445	-95.0006
39.49494	-95.00098
39.49535	-95.00131
39.49567	-95.00158
39.49586	-95.00174
39.496	-95.00187
39.4961	-95.00196
39.4967	-95.00253
39.49737	-95.00318
39.49796	-95.00375
39.49823	-95.00401
39.49959	-95.00533
39.50005	-95.00579
39.5001	-95.00583
39.5002	-95.00593
39.50049	-95.00621
39.50084	-95.00655
39.50118	-95.00687
39.50146	-95.00715
39.5018	-95.00748
39.50207	-95.00774
39.50208	-95.00775
39.50245	-95.00811
39.50278	-95.00842
39.50283	-95.00848
39.50324	-95.00887
39.50368	-95.00929
39.50409	-95.00969
39.50417	-95.00977
39.50456	-95.01015
39.50481	-95.01039
39.50497	-95.01055
39.50568	-95.01122
39.50606	-95.01159
39.50624	-95.01178
39.50663	-95.01215
39.50735	-95.01285
39.50768	-95.01317
39.50776	-95.01324
39.50783	-95.01331
39.50826	-95.01373
39.50839	-95.01385
39.5097	-95.01513
39.51128	-95.01666
39.51242	-95.01776
39.51269	-95.01802
39.51309	-95.01841
39.51329	-95.0186
39.51499	-95.02025
39.51514	-95.02039
39.51527	-95.02053
39.51555	-95.0208
39.51571	-95.02095
39.516	-95.02123
39.51629	-95.02151
39.51747	-95.02266
39.51917	-95.0243
39.51932	-95.02444
39.51946	-95.02458
39.51989	-95.025
39.52076	-95.02584
39.52101	-95.02608
39.52133	-95.0264
39.52157	-95.02662
39.52183	-95.02687
39.52191	-95.02696
39.52197	-95.02701
39.52296	-95.02797
39.52298	-95.02799
39.52341	-95.02841
39.52345	-95.02845
39.5248	-95.02976
39.52543	-95.03037
39.52557	-95.03051
39.5273	-95.03218
39.52928	-95.0341
39.52942	-95.03424
39.53086	-95.03563
39.53111	-95.03588
39.53173	-95.03647
39.53196	-95.03667
39.53222	-95.03689
39.53243	-95.03706
39.53252	-95.03713
39.53258	-95.03717
39.53264	-95.03721
39.53282	-95.03734
39.53297	-95.03744
39.53321	-95.03761
39.53338	-95.03771
39.53383	-95.038
39.53394	-95.03807
39.53422	-95.03825
39.53432	-95.03832
39.53443	-95.03839
39.53463	-95.03852
39.53496	-95.03872
39.53513	-95.03883
39.53546	-95.03904
39.53562	-95.03913
39.53574	-95.03921
39.53577	-95.03922
39.53588	-95.03928
39.53604	-95.03937
39.5361	-95.0394
39.53627	-95.03948
39.53631	-95.0395
39.5366	-95.03965
39.53677	-95.03974
39.53689	-95.03981
39.53694	-95.03983
39.53761	-95.04017
39.53786	-95.04031
39.53794	-95.04035
39.53797	-95.04036
39.53811	-95.04043
39.53814	-95.04045
39.53844	-95.04061
39.5387	-95.04074
39.53927	-95.04104
39.53944	-95.04113
39.53973	-95.04129
39.53977	-95.04131
39.54021	-95.04155
39.54032	-95.04161
39.54066	-95.04179
39.54093	-95.04194
39.541	-95.04198
39.5411	-95.04203
39.54151	-95.04226
39.54209	-95.04258
39.5422	-95.04264
39.54245	-95.04278
39.54297	-95.04307
39.54344	-95.04332
39.54361	-95.0434
39.54394	-95.04358
39.54451	-95.04386
39.5451	-95.04411
39.54513	-95.04412
39.54573	-95.04434
39.54614	-95.04446
39.54656	-95.0446
39.5467	-95.04465
39.54687	-95.0447
39.54746	-95.0449
39.54773	-95.04501
39.54788	-95.04507
39.5482	-95.04524
39.54854	-95.04545
39.54863	-95.04551
39.54957	-95.04628
39.54996	-95.04655
39.55021	-95.0467
39.55023	-95.04671
39.5504	-95.04679
39.5505	-95.04685
39.55071	-95.04694
39.55099	-95.04703
39.55131	-95.04711
39.55142	-95.04713
39.5516	-95.04717
39.55164	-95.04717
39.55187	-95.04721
39.55224	-95.04723
39.55259	-95.04721
39.55292	-95.04717
39.55319	-95.04712
39.55387	-95.04692
39.55393	-95.0469
39.55439	-95.04675
39.55562	-95.04634
39.5563	-95.0461
39.5563016	-95.0461027
39.55662	-95.04598
39.55672	-95.04594
39.55704	-95.04584
39.55758	-95.04567
39.55824	-95.04545
39.55883	-95.04526
39.55935	-95.04509
39.5603	-95.04477
39.5618	-95.04427
39.56483	-95.04326
39.56501	-95.04321
39.56511	-95.04317
39.56638	-95.04275
39.56654	-95.0427
39.56759	-95.04235
39.56846	-95.04206
39.56881	-95.04194
39.56968	-95.04165
39.5697	-95.04165
39.56985	-95.04159
39.57052	-95.04137
39.57112	-95.04118
39.57125	-95.04113
39.57231	-95.04078
39.57249	-95.04072
39.57318	-95.04048
39.57371	-95.04031
39.57397	-95.04022
39.57414	-95.04016
39.57438	-95.04009
39.57466	-95.03999
39.57523	-95.0398
39.5764	-95.03941
39.57651	-95.03938
39.57693	-95.03924
39.57725	-95.03913
39.57756	-95.03903
39.57762	-95.03901
39.5778	-95.03895
39.57797	-95.03889
39.5783	-95.03878
39.57884	-95.03861
39.57885	-95.03861
39.57905	-95.03855
39.57916	-95.03852
39.5792	-95.03851
39.57925	-95.0385
39.57936	-95.03847
39.57937	-95.03847
39.57947	-95.03845
39.5796	-95.03842
39.57969	-95.0384
39.5798	-95.03837
39.57991	-95.03835
39.58002	-95.03832
39.58008	-95.0383
39.58013	-95.03829
39.58024	-95.03826
39.58026	-95.03825
39.58033	-95.03823
39.58044	-95.03819
39.58055	-95.03816
39.58065	-95.03812
39.58075	-95.03808
39.58078	-95.03807
39.58086	-95.03804
39.58095	-95.038
39.58097	-95.03799
39.58106	-95.03795
39.58112	-95.03792
39.58117	-95.0379
39.58127	-95.03785
39.58129	-95.03784
39.58137	-95.0378
39.58147	-95.03775
39.58157	-95.03769
39.58167	-95.03763
39.58178	-95.03757
39.58186	-95.03752
39.58197	-95.03745
39.58206	-95.03739
39.58216	-95.03732
39.58225	-95.03726
39.58235	-95.03719
39.58248	-95.03709
39.58262	-95.03698
39.58273	-95.03689
39.58349	-95.03627
39.58413	-95.03575
39.58416	-95.03573
39.58477	-95.03523
39.58503	-95.03501
39.58516	-95.0349
39.58537	-95.03473
39.5854	-95.03471
39.58553	-95.0346
39.58616	-95.03409
39.58634	-95.03394
39.58652	-95.03379
39.5876	-95.0329
39.58775	-95.03278
39.58791	-95.03265
39.58867	-95.03203
39.58917	-95.03162
39.58953	-95.03133
39.59008	-95.03088
39.59044	-95.03058
39.5906	-95.03045
39.59136	-95.02983
39.59181	-95.02946
39.59181	-95.02945
39.59196	-95.02933
39.59227	-95.02908
39.59288	-95.02859
39.59296	-95.02852
39.59318	-95.02836
39.59338	-95.02821
39.59345	-95.02816
39.5935	-95.02812
39.59356	-95.02809
39.59365	-95.02803
39.59374	-95.02796
39.59384	-95.0279
39.59394	-95.02783
39.59404	-95.02777
39.59415	-95.0277
39.59424	-95.02764
39.59434	-95.02759
39.59444	-95.02752
39.59454	-95.02747
39.59463	-95.02741
39.59474	-95.02735
39.59497	-95.02723
39.59678	-95.02622
39.59706	-95.02607
39.59736	-95.02591
39.59775	-95.0257
39.59823	-95.02543
39.59877	-95.02514
39.59935	-95.02483
39.60043	-95.02426
39.60077	-95.02408
39.6011	-95.0239
39.60265	-95.02309
39.60299	-95.0229
39.60308	-95.02285
39.60316	-95.02281
39.60322	-95.02278
39.60328	-95.02275
39.60333	-95.02272
39.60342	-95.02266
39.60352	-95.0226
39.60362	-95.02254
39.60372	-95.02247
39.60386	-95.02237
39.60395	-95.02231
39.60403	-95.02226
39.60409	-95.02221
39.60416	-95.02216
39.60424	-95.0221
39.60432	-95.02204
39.60439	-95.02198
39.60464	-95.02177
39.60474	-95.02167
39.60485	-95.02157
39.60496	-95.02147
39.60506	-95.02136
39.60515	-95.02127
39.60522	-95.0212
39.60526	-95.02115
39.60536	-95.02105
39.60544	-95.02096
39.60553	-95.02086
39.60562	-95.02075
39.60569	-95.02067
39.60574	-95.02059
39.60582	-95.0205
39.6059	-95.0204
39.60598	-95.0203
39.60605	-95.0202
39.60613	-95.0201
39.60622	-95.01999
39.60685	-95.01918
39.60698	-95.01902
39.60711	-95.01886
39.60723	-95.01869
39.60736	-95.01853
39.60738	-95.0185
39.60754	-95.0183
39.60775	-95.01804
39.60839	-95.01722
39.60852	-95.01706
39.60854	-95.01703
39.60862	-95.01692
39.60865	-95.01689
39.6094	-95.01593
39.60957	-95.01572
39.60967	-95.01559
39.6098	-95.01542
39.60993	-95.01526
39.61006	-95.0151
39.61041	-95.01466
39.61083	-95.01412
39.61124	-95.0136
39.61132	-95.0135
39.6114	-95.01339
39.61148	-95.01329
39.61156	-95.01319
39.61163	-95.01309
39.61169	-95.01301
39.61175	-95.01293
39.6118	-95.01285
39.61186	-95.01277
39.6119	-95.0127
39.61198	-95.01259
39.61204	-95.01249
39.61212	-95.01237
39.61218	-95.01227
39.61225	-95.01215
39.61232	-95.01204
39.61238	-95.01192
39.61244	-95.01181
39.61278	-95.01119
39.61349	-95.00986
39.61359	-95.00967
39.61452	-95.00795
39.61513	-95.00679
39.61558	-95.00596
39.61604	-95.00511
39.61651	-95.00423
39.61722	-95.00291
39.61799	-95.00147
39.61835	-95.00081
39.61856	-95.00042
39.62076	-94.99634
39.62086	-94.99615
39.62212	-94.99381
39.6222	-94.99366
39.62284	-94.99247
39.62446	-94.98946
39.628	-94.98285
39.62988	-94.97935
39.6307	-94.97782
39.6307	-94.97781
39.6309	-94.97744
39.63165	-94.97604
39.63204	-94.97533
39.63263	-94.97422
39.63299	-94.97356
39.63318	-94.97319
39.63358	-94.97245
39.63467	-94.97042
39.63499	-94.96984
39.63526	-94.96933
39.63557	-94.96875
39.63563	-94.96864
39.63602	-94.96796
39.63708	-94.966
39.6371	-94.96597
39.63761	-94.96501
39.63783	-94.96462
39.63796	-94.96437
39.63801	-94.96427
39.63809	-94.96412
39.63822	-94.96389
39.63842	-94.96351
39.63914	-94.96217
39.63925	-94.96197
39.63935	-94.96178
39.64007	-94.96044
39.64018	-94.96025
39.64068	-94.95933
39.64077	-94.95915
39.64084	-94.95903
39.64086	-94.95898
39.64116	-94.95844
39.64136	-94.95806
39.64138	-94.95803
39.64208	-94.95672
39.6421	-94.95669
39.64218	-94.95653
39.6422	-94.9565
39.64241	-94.95611
39.64249	-94.95595
39.64251	-94.95592
39.64259	-94.95576
39.64269	-94.95558
39.64298	-94.95503
39.64364	-94.95381
39.64383	-94.95346
39.64424	-94.9527
39.64444	-94.95231
39.64467	-94.95189
39.64534	-94.95065
39.64591	-94.94959
39.64599	-94.94944
39.64601	-94.9494
39.64609	-94.94925
39.64617	-94.94911
39.64675	-94.94802
39.64688	-94.94779
39.64692	-94.9477
39.64708	-94.94741
39.64738	-94.94685
39.64749	-94.94665
39.64751	-94.94662
39.64764	-94.94637
39.6477	-94.94624
39.64793	-94.94584
39.64811	-94.94551
39.64849	-94.94478
39.64883	-94.94416
39.64915	-94.94355
39.64924	-94.94339
39.64925	-94.94337
39.64932	-94.94323
39.64977	-94.94239
39.65001	-94.94193
39.65032	-94.94136
39.65065	-94.94074
39.65067	-94.9407
39.65068	-94.94068
39.65075	-94.94055
39.65077	-94.94051
39.65079	-94.94049
39.65086	-94.94035
39.65164	-94.93889
39.6522	-94.93783
39.65221	-94.93783
39.65261	-94.93706
39.65272	-94.93687
39.65273	-94.93684
39.6528	-94.93671
39.65284	-94.93665
39.65291	-94.93651
39.65325	-94.93589
39.65343	-94.93554
39.65362	-94.93518
39.65375	-94.93493
39.65393	-94.93461
39.654	-94.93449
39.65404	-94.93441
39.65418	-94.93417
39.65426	-94.93401
39.65427	-94.934
39.65436	-94.93384
39.65451	-94.93356
39.65473	-94.93316
39.65497	-94.93271
39.65529	-94.93214
39.6555	-94.93175
39.65557	-94.93162
39.65559	-94.93158
39.65565	-94.93146
39.65568	-94.93141
39.65585	-94.9311
39.65612	-94.93059
39.65632	-94.93024
39.65633	-94.93022
39.65639	-94.93011
39.65641	-94.93007
39.65643	-94.93004
39.65645	-94.93001
39.65651	-94.92991
39.65656	-94.92981
39.65663	-94.92968
39.6567	-94.92956
39.65675	-94.92948
39.65681	-94.92938
39.65686	-94.92929
39.65691	-94.92923
39.65696	-94.92915
39.65702	-94.92907
39.65707	-94.929
39.65714	-94.9289
39.65722	-94.92879
39.65729	-94.92872
39.65735	-94.92864
39.65737	-94.92862
39.65744	-94.92853
39.65753	-94.92844
39.65761	-94.92835
39.65771	-94.92826
39.658	-94.92799
39.65856	-94.92746
39.65883	-94.9272
39.65901	-94.92701
39.65924	-94.92673
39.65941	-94.92651
39.65955	-94.92631
39.65956	-94.92629
39.65969	-94.92609
39.65986	-94.92579
39.65988	-94.92576
39.66003	-94.92545
39.66007	-94.92536
39.66015	-94.92516
39.6602	-94.92507
39.6603	-94.92479
39.6604	-94.92452
39.66046	-94.92432
39.66048	-94.92426
39.66052	-94.92409
39.66066	-94.92357
39.66071	-94.9234
39.66088	-94.92274
39.66105	-94.92207
39.66123	-94.92141
39.66136	-94.9209
39.66147	-94.92057
39.66148	-94.92054
39.66151	-94.92046
39.66158	-94.92027
39.66164	-94.92014
39.66168	-94.92003
39.66173	-94.91992
39.66191	-94.91956
39.66203	-94.91934
39.66203	-94.91933
39.66215	-94.91915
39.66224	-94.91899
39.66226	-94.91897
39.6624	-94.91875
39.66256	-94.91854
39.66271	-94.91836
39.6629	-94.91815
39.66307	-94.91798
39.66319	-94.91785
39.66329	-94.91777
39.66339	-94.91768
39.66349	-94.9176
39.66363	-94.9175
39.66381	-94.91736
39.664	-94.91723
39.66428	-94.91709
39.66444	-94.91701
39.66451	-94.91697
39.66472	-94.91688
39.66492	-94.91682
39.66525	-94.91672
39.66531	-94.9167
39.66564	-94.91661
39.6661	-94.91648
39.66635	-94.9164
39.66651	-94.91634
39.66667	-94.91627
39.66684	-94.91619
39.66699	-94.91611
39.6672	-94.91598
39.66726	-94.91594
39.6675	-94.91578
39.66777	-94.91556
39.6679	-94.91545
39.66822	-94.91516
39.66834	-94.91505
39.66856	-94.91484
39.66885	-94.91457
39.66899	-94.91444
39.66945	-94.914
39.66989	-94.91359
39.67034	-94.91318
39.67034	-94.91317
39.67049	-94.91303
39.67075	-94.91279
39.67147	-94.91212
39.67181	-94.9118
39.67224	-94.9114
39.67225	-94.9114
39.67292	-94.91076
39.67339	-94.91033
39.67378	-94.90997
39.67424	-94.90954
39.67484	-94.90898
39.67554	-94.90833
39.6759	-94.908
39.6761	-94.90781
39.67633	-94.90761
39.6765	-94.90745
39.67668	-94.90729
39.67694	-94.90704
39.67728	-94.90673
39.67774	-94.90628
39.67791	-94.90613
39.67809	-94.90597
39.6784	-94.90568
39.67862	-94.90547
39.67868	-94.90541
39.67891	-94.90519
39.67924	-94.9049
39.6795	-94.90465
39.67977	-94.90441
39.67995	-94.90423
39.68013	-94.90406
39.68033	-94.90387
39.68045	-94.90377
39.68067	-94.90356
39.68101	-94.90324
39.68161	-94.90268
39.68184	-94.90247
39.68188	-94.90243
39.68199	-94.90234
39.68203	-94.9023
39.68204	-94.90228
39.68262	-94.90173
39.68325	-94.90114
39.68422	-94.90027
39.68476	-94.89975
39.68537	-94.89918
39.68563	-94.89893
39.68625	-94.89832
39.68842	-94.89629
39.68949	-94.8953
39.6903	-94.89457
39.69039	-94.89448
39.69047	-94.89441
39.69071	-94.89419
39.69085	-94.89405
39.6909	-94.894
39.69115	-94.89377
39.69135	-94.89358
39.69264	-94.89238
39.69294	-94.8921
39.69294	-94.89209
39.69309	-94.89196
39.69318	-94.89187
39.69338	-94.89168
39.69363	-94.89141
39.69379	-94.89123
39.69402	-94.89096
39.69415	-94.89081
39.6942	-94.89076
39.69443	-94.89051
39.69459	-94.89035
39.69476	-94.89018
39.69493	-94.89002
39.6952	-94.88977
39.69577	-94.88924
39.69727	-94.88784
39.69785	-94.88731
39.69819	-94.887
39.69836	-94.88684
39.69886	-94.88637
39.69905	-94.8862
39.69917	-94.88609
39.69925	-94.88602
39.69932	-94.88596
39.6994	-94.88589
39.69947	-94.88583
39.69963	-94.88571
39.6998	-94.88559
39.70001	-94.88543
39.70007	-94.88538
39.70029	-94.88521
39.7004	-94.88513
39.7005	-94.88504
39.70059	-94.88497
39.70066	-94.88491
39.70091	-94.88469
39.70092	-94.88468
39.70196	-94.88371
39.70341	-94.88236
39.70355	-94.88222
39.70398	-94.88182
39.70408	-94.88173
39.70504	-94.88084
39.70585	-94.88007
39.7071	-94.87892
39.70812	-94.87797
39.70914	-94.87702
39.71047	-94.87577
39.71089	-94.87539
39.711	-94.87528
39.71102	-94.87526
39.71108	-94.8752
39.71119	-94.87509
39.71128	-94.87499
39.71135	-94.87491
39.71143	-94.8748
39.71146	-94.87476
39.7115	-94.87471
39.71154	-94.87466
39.71159	-94.87459
39.71166	-94.87448
39.71172	-94.87439
39.71175	-94.87435
39.71181	-94.87424
39.71189	-94.87409
39.71196	-94.87396
39.71203	-94.87382
39.71211	-94.87366
39.7122	-94.87345
39.71239	-94.87299
39.7125	-94.87273
39.7126	-94.87253
39.71268	-94.87236
39.71281	-94.8721
39.71289	-94.87197
39.71303	-94.87178
39.71313	-94.87164
39.71327	-94.87147
39.71371	-94.87106
39.71413	-94.87066
39.71458	-94.87024
39.715	-94.86984
39.71545	-94.86942
39.71588	-94.86903
39.71633	-94.86861
39.71677	-94.8682
39.7172	-94.8678
39.71763	-94.8674
39.71789	-94.86716
39.71807	-94.86697
39.71822	-94.86684
39.71854	-94.86654
39.71894	-94.86616
39.71942	-94.86571
39.71943	-94.8655
39.72033	-94.86466
39.72069	-94.86433
39.72105	-94.864
39.72141	-94.86365
39.72176	-94.86332
39.72212	-94.86298
39.72248	-94.86266
39.72284	-94.86233
39.72325	-94.86194
39.72388	-94.86135
39.72399	-94.86124
39.72436	-94.86091
39.7247	-94.86059
39.72505	-94.86026
39.72524	-94.86009
39.72543	-94.85991
39.72595	-94.85941
39.72643	-94.85924
39.72647	-94.85922
39.72651	-94.85921
39.72655	-94.8592
39.72659	-94.85919
39.72663	-94.85917
39.72668	-94.85914
39.72673	-94.8591
39.72706	-94.85885
39.72742	-94.85857
39.72752	-94.8585
39.72845	-94.85779
39.72904	-94.85733
39.72919	-94.85721
39.72965	-94.85685
39.73043	-94.85625
39.73058	-94.85613
39.7311	-94.85573
39.73181	-94.85517
39.73261	-94.85454
39.73378	-94.85361
39.7346	-94.85299
39.73467	-94.85294
39.73472	-94.85291
39.73477	-94.85288
39.73478	-94.85287
39.73486	-94.85284
39.73492	-94.85281
39.735	-94.85278
39.73506	-94.85276
39.73516	-94.85274
39.7352	-94.85273
39.73525	-94.85272
39.73529	-94.85271
39.73534	-94.85271
39.73543	-94.85271
39.73546	-94.8527
39.73574	-94.85271
39.7362	-94.85272
39.73624	-94.85273
39.73674	-94.85274
39.738	-94.85279
39.73818	-94.85279
39.73836	-94.8528
39.73887	-94.85282
39.73937	-94.85282
39.73999	-94.85283
39.74029	-94.85284
39.741	-94.85284
39.74128	-94.85284
39.74158	-94.85284
39.74169	-94.85283
39.7416908	-94.8528283
39.742	-94.85285
39.74251	-94.85285
39.74259	-94.85285
39.74332	-94.85285
39.74346	-94.85286
39.74369	-94.85286
39.74372	-94.85286
39.74406	-94.85287
39.74423	-94.85287
39.74459	-94.85286
39.74477	-94.85286
39.7449	-94.85286
39.74567	-94.85284
39.74592	-94.85283
39.74681	-94.85285
39.74752	-94.85284
39.74818	-94.85283
39.74853	-94.85283
39.74854	-94.85283
39.74856	-94.85283
39.74872	-94.85283
39.74876	-94.85283
39.74888	-94.85283
39.74896	-94.85283
39.74908	-94.85283
39.74912	-94.85283
39.74926	-94.85283
39.74944	-94.85282
39.7498	-94.85282
39.74998	-94.85282
39.75034	-94.85282
39.75035	-94.85282
39.7507	-94.85282
39.75163	-94.85283
39.75244	-94.85283
39.75259	-94.85283
39.75305	-94.85283
39.75329	-94.85283
39.75339	-94.85283
39.75376	-94.85283
39.75394	-94.85283
39.75429	-94.85282
39.75465	-94.85281
39.75535	-94.85279
39.75547	-94.85279
39.75619	-94.8528
39.75668	-94.85281
39.75719	-94.85283
39.75738	-94.85283
39.75785	-94.85283
39.75843	-94.85283
39.75888	-94.85282
39.759	-94.85283
39.7589995	-94.8528254
39.759	-94.85217
39.75899	-94.8518
39.75897	-94.85061
39.7589729	-94.8506121
39.75852	-94.85061
39.75809	-94.85061
39.75721	-94.8506
39.7563	-94.85057
39.75535	-94.85055
39.7553494	-94.8505538
39.75534	-94.84998
39.75534	-94.84994
39.75532	-94.8493
39.75531	-94.84865
39.7553	-94.84851
39.75528	-94.84802
39.7552818	-94.8480188
39.75578	-94.84803
39.75611	-94.84803
39.7561113	-94.848032
