38.5783825	-92.1733808
38.5186669	-92.0513176
38.4891274	-92.1755848
38.5799414	-92.1740616
38.5783825	-92.1733808
38.57836	-92.17327
38.57836	-92.17321
38.57836	-92.17316
38.57836	-92.1731
38.57836	-92.17298
38.57836	-92.17297
38.57838	-92.1728
38.5784	-92.17276
38.57848	-92.17255
38.57848	-92.17254
38.57852	-92.17246
38.57854	-92.17242
38.57855	-92.1724
38.57855	-92.17238
38.57856	-92.17235
38.57856	-92.17232
38.57856	-92.17224
38.5785649	-92.1722436
38.57854	-92.17216
38.5785	-92.17207
38.57837	-92.17184
38.57843	-92.17177
38.57847	-92.17173
38.57849	-92.1717
38.57854	-92.17169
38.57858	-92.17169
38.57862	-92.1717
38.57868	-92.17173
38.57873	-92.17175
38.57876	-92.17175
38.57878	-92.17176
38.57884	-92.17175
38.57889	-92.17174
38.57896	-92.1717
38.57899	-92.17168
38.57903	-92.17168
38.57906	-92.17169
38.57909	-92.17172
38.57911	-92.17178
38.57912	-92.1718
38.57914	-92.1719
38.5791406	-92.1719029
38.57928	-92.17189
38.57942	-92.17189
38.57955	-92.17194
38.57974	-92.17206
38.57984	-92.1722
38.57985	-92.17222
38.57995	-92.1724
38.57996	-92.17243
38.58002	-92.17261
38.58005	-92.17277
38.58005	-92.17287
38.58005	-92.17294
38.58005	-92.17307
38.58005	-92.1731
38.58001	-92.17332
38.5800105	-92.1733241
38.57997	-92.17336
38.57995	-92.1734
38.57993	-92.17348
38.57993	-92.17352
38.57992	-92.17356
38.5799	-92.17366
38.57988	-92.17373
38.57985	-92.17379
38.57984	-92.17379
38.5798	-92.17384
38.57971	-92.17394
38.5797113	-92.1739446
38.57959	-92.17417
38.57954	-92.17424
38.57948	-92.1743
38.57914	-92.1747
38.57893	-92.17493
38.57886	-92.17502
38.57875	-92.17515
38.57848	-92.17545
38.57835	-92.17561
38.57823	-92.17574
38.5781	-92.17589
38.57797	-92.17605
38.57783	-92.1762
38.5777	-92.17636
38.57757	-92.17651
38.57747	-92.17663
38.57744	-92.17666
38.57733	-92.17678
38.57725	-92.17688
38.577248	-92.1768754
38.57705	-92.1771
38.57697	-92.1772
38.57686	-92.17705
38.5768	-92.17698
38.57673	-92.1769
38.57667	-92.17684
38.5766	-92.17677
38.57652	-92.17671
38.57643	-92.17665
38.57637	-92.17661
38.5763	-92.17658
38.57624	-92.17655
38.57613	-92.17651
38.57604	-92.17649
38.57597	-92.17648
38.5759	-92.17646
38.57575	-92.17644
38.57567	-92.17643
38.57548	-92.1764
38.57535	-92.17638
38.57523	-92.17636
38.57513	-92.17635
38.57505	-92.17633
38.57497	-92.17631
38.5749	-92.1763
38.57486	-92.17628
38.57481	-92.17627
38.57477	-92.17625
38.57474	-92.17624
38.57466	-92.1762
38.5746	-92.17617
38.57457	-92.17615
38.57455	-92.17614
38.57449	-92.1761
38.57442	-92.17605
38.57438	-92.17602
38.57433	-92.17598
38.57423	-92.17588
38.57412	-92.17575
38.57372	-92.1752
38.57359	-92.175
38.57321	-92.17446
38.57263	-92.17366
38.57229	-92.17317
38.57193	-92.17266
38.57182	-92.1725
38.57181	-92.17248
38.57176	-92.17241
38.57167	-92.17228
38.5716	-92.17217
38.57147	-92.17197
38.57139	-92.17183
38.57082	-92.17092
38.57064	-92.17064
38.57049	-92.1704
38.5704	-92.17027
38.56995	-92.16956
38.56995	-92.16955
38.56961	-92.16901
38.56917	-92.16827
38.56912	-92.16818
38.56907	-92.1681
38.56891	-92.16787
38.56883	-92.16775
38.56875	-92.16762
38.56843	-92.16715
38.56808	-92.16664
38.56802	-92.16656
38.56747	-92.1658
38.56735	-92.16563
38.5673	-92.16557
38.56719	-92.16541
38.56708	-92.16527
38.567	-92.16515
38.56682	-92.16491
38.56671	-92.16476
38.5667	-92.16474
38.56669	-92.16472
38.56658	-92.16457
38.56654	-92.16453
38.56632	-92.16421
38.56618	-92.16401
38.56588	-92.1636
38.56574	-92.16341
38.56539	-92.16294
38.56536	-92.1629
38.56492	-92.16228
38.56468	-92.16195
38.5646	-92.16185
38.56448	-92.16167
38.56436	-92.16151
38.56419	-92.16127
38.56392	-92.1609
38.56382	-92.16076
38.56377	-92.1607
38.56346	-92.16026
38.56342	-92.1602
38.56341	-92.16019
38.56326	-92.15999
38.56292	-92.15951
38.56255	-92.159
38.56235	-92.15872
38.56207	-92.15833
38.56185	-92.15802
38.56151	-92.15755
38.56135	-92.15735
38.56113	-92.15705
38.56106	-92.15695
38.56095	-92.1568
38.56046	-92.15612
38.56026	-92.15584
38.56017	-92.15572
38.56009	-92.15561
38.56005	-92.15555
38.55993	-92.15538
38.55947	-92.15474
38.55932	-92.15454
38.5592	-92.15437
38.5589	-92.15395
38.55882	-92.15385
38.55868	-92.15366
38.5586	-92.15355
38.55858	-92.15353
38.55851	-92.15343
38.55846	-92.15336
38.55842	-92.15331
38.55825	-92.15311
38.55824	-92.15309
38.5582	-92.15305
38.55812	-92.15297
38.55797	-92.15279
38.55784	-92.15267
38.55783	-92.15266
38.55759	-92.15243
38.55744	-92.1523
38.55734	-92.15221
38.55718	-92.15207
38.55715	-92.15205
38.55709	-92.152
38.557	-92.15193
38.557	-92.15192
38.55683	-92.1518
38.55664	-92.15167
38.55654	-92.1516
38.55632	-92.15147
38.55619	-92.15139
38.5558	-92.15119
38.55551	-92.15104
38.55543	-92.151
38.55453	-92.15054
38.55439	-92.15047
38.55416	-92.15035
38.55285	-92.14968
38.55274	-92.14963
38.55245	-92.14948
38.5522	-92.14935
38.55217	-92.14933
38.55207	-92.14927
38.55196	-92.14921
38.55185	-92.14914
38.55175	-92.14907
38.55156	-92.14896
38.55145	-92.14888
38.55144	-92.14888
38.55129	-92.14876
38.55112	-92.14864
38.55102	-92.14855
38.55097	-92.14851
38.55087	-92.14843
38.55084	-92.1484
38.55078	-92.14835
38.5506	-92.14819
38.5505	-92.1481
38.55039	-92.14799
38.55027	-92.14787
38.55026	-92.14785
38.55016	-92.14776
38.5501	-92.14769
38.55007	-92.14766
38.54996	-92.14753
38.54983	-92.14739
38.54976	-92.14731
38.54968	-92.1472
38.5496	-92.1471
38.54959	-92.14709
38.54951	-92.147
38.54942	-92.14687
38.54936	-92.14679
38.5493	-92.1467
38.54925	-92.14663
38.54918	-92.14653
38.54915	-92.14648
38.54905	-92.14633
38.54896	-92.14618
38.54888	-92.14605
38.54882	-92.14594
38.54861	-92.14556
38.54831	-92.14492
38.54819	-92.14462
38.54814	-92.14449
38.54812	-92.14446
38.54807	-92.14431
38.548	-92.14411
38.5479	-92.14383
38.54779	-92.14347
38.54773	-92.14323
38.54771	-92.14316
38.54767	-92.143
38.54764	-92.14288
38.54761	-92.14274
38.54758	-92.14261
38.54755	-92.14246
38.54752	-92.14232
38.5475	-92.14219
38.54748	-92.14207
38.54732	-92.14099
38.54731	-92.14095
38.54723	-92.1404
38.54719	-92.14013
38.54717	-92.13999
38.54715	-92.13984
38.54713	-92.1397
38.54711	-92.13957
38.54707	-92.13928
38.54705	-92.13916
38.54696	-92.13848
38.54686	-92.1378
38.54679	-92.13735
38.54676	-92.13712
38.54669	-92.13664
38.54663	-92.13619
38.5466	-92.13596
38.54656	-92.13573
38.54643	-92.13494
38.54633	-92.13437
38.54623	-92.1338
38.54607	-92.13289
38.54603	-92.13266
38.54603	-92.13262
38.54593	-92.13209
38.54593	-92.13207
38.54589	-92.1318
38.54588	-92.13178
38.54588	-92.13177
38.54584	-92.13153
38.54584	-92.13152
38.54576	-92.13109
38.54576	-92.13107
38.54573	-92.13095
38.54565	-92.13055
38.54563	-92.13042
38.54562	-92.13038
38.54559	-92.13021
38.54556	-92.1301
38.54556	-92.13006
38.54551	-92.12987
38.5455	-92.1298
38.54549	-92.12976
38.54544	-92.12954
38.54539	-92.12933
38.54537	-92.12926
38.54531	-92.12898
38.54527	-92.12882
38.54517	-92.12845
38.54509	-92.12814
38.54506	-92.12801
38.54502	-92.12786
38.54486	-92.1273
38.54472	-92.12676
38.5447	-92.1267
38.5446	-92.1263
38.54423	-92.12499
38.54404	-92.12427
38.544	-92.12414
38.54397	-92.12402
38.54393	-92.12387
38.54388	-92.12369
38.54377	-92.1233
38.54358	-92.12262
38.54352	-92.12239
38.54348	-92.12225
38.5434	-92.12195
38.54333	-92.12169
38.54327	-92.12146
38.54319	-92.12116
38.54318	-92.12114
38.54311	-92.12089
38.54301	-92.1205
38.54295	-92.1203
38.5429	-92.12013
38.54289	-92.12008
38.54281	-92.1198
38.54263	-92.11914
38.54254	-92.1188
38.54217	-92.11744
38.54211	-92.11723
38.54197	-92.11669
38.5418	-92.11611
38.54145	-92.11481
38.54142	-92.1147
38.54135	-92.11444
38.54124	-92.114
38.54112	-92.11345
38.54105	-92.11305
38.54102	-92.11292
38.54101	-92.11283
38.54098	-92.11266
38.54093	-92.11228
38.54089	-92.11192
38.54087	-92.11169
38.54078	-92.11095
38.54074	-92.11055
38.54069	-92.1101
38.54066	-92.10986
38.54064	-92.10964
38.54061	-92.10941
38.54056	-92.10896
38.54056	-92.10895
38.54051	-92.1085
38.54047	-92.10815
38.54041	-92.10762
38.54034	-92.10704
38.54026	-92.10625
38.5402	-92.10577
38.54013	-92.1051
38.5401	-92.10486
38.54005	-92.1044
38.54003	-92.10417
38.54	-92.10395
38.53998	-92.1037
38.53995	-92.10347
38.53993	-92.10324
38.5399	-92.10301
38.53989	-92.10292
38.53988	-92.10279
38.53985	-92.10256
38.53982	-92.10233
38.53977	-92.10188
38.53972	-92.10142
38.53967	-92.10096
38.53965	-92.10074
38.53964	-92.10063
38.53952	-92.0996
38.5395	-92.09943
38.53947	-92.09914
38.53944	-92.09892
38.53939	-92.09846
38.53934	-92.09801
38.5393	-92.09759
38.53929	-92.09755
38.53925	-92.09722
38.539255	-92.0972196
38.53919	-92.09668
38.53913	-92.09614
38.53904	-92.09531
38.53902	-92.09512
38.53902	-92.09508
38.53894	-92.09436
38.53892	-92.0942
38.53891	-92.09409
38.53885	-92.09348
38.53879	-92.09299
38.53878	-92.09295
38.53876	-92.09278
38.53873	-92.09251
38.53873	-92.09249
38.53869	-92.09218
38.53858	-92.09111
38.53852	-92.09061
38.53844	-92.08986
38.53831	-92.08873
38.53818	-92.08753
38.53815	-92.0873
38.53813	-92.08707
38.5381	-92.08684
38.53803	-92.08625
38.53793	-92.0853
38.53785	-92.08457
38.53782	-92.08434
38.53762	-92.08252
38.53762	-92.08247
38.5376	-92.08229
38.53752	-92.0816
38.5373	-92.07963
38.5372	-92.07871
38.53719	-92.07865
38.53714	-92.07833
38.53712	-92.07817
38.53708	-92.07774
38.53707	-92.0777
38.53705	-92.0775
38.53705	-92.07747
38.53703	-92.0773
38.537	-92.07708
38.53698	-92.07684
38.53697	-92.07679
38.53696	-92.07664
38.53691	-92.07619
38.5369	-92.07611
38.53686	-92.07575
38.53684	-92.07553
38.53683	-92.07542
38.5368	-92.07519
38.53676	-92.07487
38.53676	-92.07485
38.53672	-92.0746
38.53667	-92.07431
38.53666	-92.07421
38.5366	-92.07392
38.53657	-92.07378
38.53651	-92.07355
38.53646	-92.07335
38.53641	-92.07317
38.53633	-92.0729
38.53628	-92.07276
38.53627	-92.07273
38.5362	-92.07252
38.53612	-92.07229
38.53602	-92.07204
38.53586	-92.07169
38.53579	-92.07154
38.53566	-92.07126
38.53547	-92.07089
38.53543	-92.0708
38.5353	-92.07059
38.53526	-92.07052
38.53515	-92.07034
38.53496	-92.07005
38.5349	-92.06995
38.53468	-92.06964
38.53455	-92.06943
38.53432	-92.06907
38.5342	-92.0689
38.53398	-92.06856
38.53366	-92.06807
38.53349	-92.06781
38.5334	-92.06766
38.53314	-92.06727
38.53305	-92.06713
38.53294	-92.06695
38.53283	-92.06678
38.53282	-92.06678
38.53279	-92.06672
38.53271	-92.0666
38.53252	-92.06632
38.53224	-92.06588
38.53217	-92.06577
38.53161	-92.06492
38.5312	-92.06428
38.53087	-92.06377
38.53082	-92.06369
38.53075	-92.06359
38.53033	-92.06295
38.52926	-92.0613
38.52869	-92.06042
38.52826	-92.05976
38.52804	-92.05942
38.52788	-92.05917
38.52785	-92.05913
38.52776	-92.059
38.52762	-92.05877
38.52754	-92.05864
38.52734	-92.05834
38.52726	-92.05823
38.52719	-92.05812
38.52711	-92.05801
38.52689	-92.0577
38.5266	-92.05732
38.52644	-92.05713
38.52636	-92.05702
38.52627	-92.05692
38.52618	-92.05682
38.52611	-92.05674
38.52596	-92.05658
38.52588	-92.05649
38.5257	-92.05632
38.52548	-92.0561
38.52514	-92.0558
38.52476	-92.05548
38.5245	-92.05525
38.52362	-92.05448
38.52333	-92.05422
38.52266	-92.05365
38.5226557	-92.0536515
38.52258	-92.05366
38.52257	-92.05366
38.52255	-92.05365
38.52221	-92.0534
38.52212	-92.05335
38.52207	-92.05331
38.52193	-92.05323
38.52191	-92.05322
38.52174	-92.05313
38.52157	-92.05305
38.5214	-92.05297
38.52132	-92.05292
38.52086	-92.05269
38.52007	-92.05229
38.51986	-92.05219
38.51975	-92.05213
38.51961	-92.05204
38.51957	-92.05202
38.51943	-92.05193
38.51935	-92.05188
38.51931	-92.05185
38.51926	-92.05182
38.51925	-92.05181
38.51917	-92.05175
38.51912	-92.05171
38.51891	-92.05153
38.5188	-92.05143
38.51874	-92.05139
38.51867	-92.05132
38.518666	-92.0513193
38.518666	-92.0513193
38.51865	-92.0513
38.5186488	-92.051304
38.51878	-92.05115
38.51922	-92.05066
38.51932	-92.05055
38.51939	-92.05047
38.5194	-92.05046
38.51998	-92.04981
38.5199808	-92.0498058
38.52019	-92.05008
38.52045	-92.0504
38.52058	-92.05056
38.52066	-92.05066
38.52071	-92.05072
38.52122	-92.05136
38.52165	-92.05189
38.52187	-92.05216
38.522	-92.05232
38.52205	-92.05239
38.52213	-92.05248
38.52218	-92.05256
38.52225	-92.05265
38.52238	-92.0528
38.52253	-92.05298
38.52264	-92.0531
38.52271	-92.0532
38.52283	-92.05334
38.52286	-92.05337
38.52291	-92.05342
38.52292	-92.05343
38.5231	-92.05359
38.52315	-92.05364
38.52316	-92.05365
38.52316	-92.05366
38.52319	-92.05373
38.52389	-92.05435
38.52426	-92.05468
38.52467	-92.05504
38.5254	-92.05567
38.5256	-92.05585
38.52582	-92.05606
38.52597	-92.05621
38.52618	-92.05643
38.52635	-92.05661
38.52656	-92.05686
38.52675	-92.05709
38.52717	-92.05764
38.52745	-92.05806
38.52767	-92.05838
38.52795	-92.05881
38.52806	-92.05899
38.52826	-92.05929
38.52845	-92.05958
38.52878	-92.06009
38.52938	-92.06102
38.52965	-92.06143
38.52979	-92.06164
38.53028	-92.0624
38.53071	-92.06306
38.53073	-92.06309
38.53082	-92.06323
38.53094	-92.06341
38.53117	-92.06377
38.53129	-92.06396
38.53179	-92.06472
38.53236	-92.0656
38.53278	-92.06624
38.53283	-92.06632
38.53289	-92.06642
38.53312	-92.06677
38.53335	-92.06713
38.5334	-92.0672
38.53346	-92.0673
38.53358	-92.06748
38.53404	-92.06819
38.53446	-92.06884
38.53454	-92.06895
38.53465	-92.06913
38.53511	-92.06984
38.53556	-92.07056
38.53557	-92.07056
38.53579	-92.07096
38.53597	-92.07133
38.53607	-92.07157
38.53612	-92.07166
38.53622	-92.07189
38.53631	-92.07214
38.53642	-92.07243
38.53647	-92.0726
38.53649	-92.07266
38.53662	-92.07305
38.53666	-92.0732
38.53676	-92.07357
38.53682	-92.07386
38.53683	-92.07386
38.53691	-92.07426
38.53692	-92.07434
38.53695	-92.07453
38.53696	-92.0746
38.53701	-92.07497
38.53704	-92.07514
38.53708	-92.07556
38.5371	-92.07566
38.53712	-92.07589
38.53712	-92.07593
38.53714	-92.07612
38.53716	-92.07626
38.53717	-92.07639
38.53722	-92.0768
38.53722	-92.07684
38.53727	-92.07725
38.5373	-92.07748
38.5373	-92.07752
38.53732	-92.07771
38.53735	-92.07794
38.53735	-92.07798
38.5374	-92.07839
38.53747	-92.07908
38.5375	-92.07932
38.53753	-92.0796
38.53754	-92.07973
38.53757	-92.07998
38.53762	-92.08042
38.53766	-92.08082
38.5377	-92.08111
38.53776	-92.08166
38.5378	-92.08207
38.53782	-92.08218
38.53784	-92.08241
38.53785	-92.08248
38.53787	-92.08264
38.53788	-92.08276
38.53791	-92.08304
38.53796	-92.08344
38.538	-92.08386
38.53803	-92.08413
38.53804	-92.08423
38.53805	-92.08427
38.53814	-92.08514
38.53818	-92.08547
38.53821	-92.08568
38.53824	-92.0859
38.53827	-92.0862
38.53833	-92.08681
38.53857	-92.08889
38.53857	-92.08896
38.53858	-92.08904
38.53862	-92.08937
38.53866	-92.08972
38.53871	-92.09018
38.53883	-92.09131
38.53884	-92.09141
38.53886	-92.09154
38.53892	-92.09205
38.53897	-92.09255
38.53899	-92.09268
38.53907	-92.0934
38.53911	-92.09377
38.53913	-92.09395
38.53916	-92.09424
38.53925	-92.0951
38.53933	-92.09581
38.53936	-92.09601
38.53938	-92.09624
38.5394	-92.09644
38.53947	-92.09703
38.53952	-92.09748
38.53952	-92.09752
38.53952	-92.09754
38.53952	-92.09755
38.53957	-92.09798
38.53961	-92.0983
38.53972	-92.09935
38.5399	-92.10094
38.54006	-92.1023
38.54008	-92.10253
38.54009	-92.10265
38.54011	-92.10276
38.54014	-92.10302
38.54021	-92.10367
38.54028	-92.10435
38.54031	-92.10458
38.54031	-92.10459
38.54036	-92.10503
38.54036	-92.10504
38.54039	-92.10526
38.54041	-92.10549
38.54041	-92.1055
38.54046	-92.10594
38.54049	-92.10618
38.54051	-92.10641
38.54074	-92.10845
38.5408	-92.10895
38.54082	-92.10913
38.54087	-92.10959
38.54097	-92.1105
38.54106	-92.11128
38.54107	-92.11136
38.54107	-92.11138
38.54108	-92.11149
38.54111	-92.11174
38.54112	-92.11183
38.54114	-92.112
38.54121	-92.11254
38.54121	-92.11255
38.54122	-92.11263
38.54123	-92.1127
38.54128	-92.11301
38.54134	-92.11335
38.54138	-92.11352
38.54138	-92.11354
38.54142	-92.1137
38.54143	-92.11375
38.54144	-92.1138
38.54153	-92.11421
38.54158	-92.11438
38.5416	-92.11446
38.5417	-92.11484
38.54176	-92.11506
38.54206	-92.11616
38.54232	-92.11712
38.54235	-92.11722
38.54239	-92.11738
38.54247	-92.11764
38.54256	-92.11797
38.54257	-92.11802
38.54265	-92.11832
38.54268	-92.1184
38.54271	-92.11854
38.54274	-92.11862
38.54285	-92.11904
38.54298	-92.11949
38.54301	-92.11962
38.54308	-92.11992
38.54338	-92.12101
38.54369	-92.12209
38.54387	-92.12274
38.54405	-92.12341
38.54456	-92.12531
38.54475	-92.12596
38.54505	-92.12704
38.54518	-92.12753
38.54552	-92.12878
38.54555	-92.12888
38.54572	-92.12949
38.54574	-92.12959
38.54575	-92.12963
38.54576	-92.12965
38.54585	-92.13002
38.54595	-92.13045
38.54596	-92.13047
38.54601	-92.13069
38.54602	-92.13075
38.54603	-92.13081
38.54607	-92.13101
38.54612	-92.13126
38.54614	-92.13133
38.54615	-92.13142
38.54616	-92.13148
38.54618	-92.13155
38.5462	-92.13171
38.54622	-92.13181
38.54627	-92.13213
38.54628	-92.13216
38.54629	-92.13223
38.5463	-92.13232
38.54631	-92.13238
38.54633	-92.13252
38.54653	-92.13388
38.54665	-92.13471
38.54668	-92.13494
38.54679	-92.13567
38.54692	-92.13659
38.54695	-92.1368
38.54708	-92.13771
38.54714	-92.13817
38.54718	-92.13839
38.54721	-92.13862
38.54728	-92.13908
38.54734	-92.13954
38.54745	-92.14023
38.54754	-92.14089
38.54769	-92.14186
38.54772	-92.14205
38.54777	-92.14235
38.54782	-92.14258
38.54785	-92.14271
38.54785	-92.14274
38.54789	-92.14288
38.54792	-92.14304
38.54799	-92.14329
38.54803	-92.14344
38.54807	-92.14356
38.54811	-92.14371
38.54842	-92.14456
38.54858	-92.14492
38.54863	-92.14504
38.54878	-92.14534
38.54893	-92.14564
38.54907	-92.14589
38.54931	-92.14627
38.54948	-92.14652
38.54961	-92.1467
38.5497	-92.14682
38.54979	-92.14694
38.54991	-92.1471
38.55006	-92.14726
38.55007	-92.14728
38.55024	-92.14746
38.55037	-92.14759
38.55051	-92.14774
38.55061	-92.14783
38.55062	-92.14784
38.5507	-92.14792
38.55076	-92.14798
38.55086	-92.14807
38.55098	-92.14817
38.55105	-92.14824
38.55121	-92.14836
38.55137	-92.14848
38.55142	-92.14852
38.55151	-92.14858
38.55152	-92.14859
38.55153	-92.14859
38.55165	-92.14868
38.55167	-92.14869
38.55172	-92.14872
38.55186	-92.14882
38.55233	-92.1491
38.55276	-92.14932
38.55288	-92.14937
38.55293	-92.1494
38.55321	-92.14955
38.55326	-92.14957
38.55338	-92.14963
38.55351	-92.1497
38.55414	-92.15003
38.55417	-92.15004
38.55438	-92.15015
38.55472	-92.15032
38.55502	-92.15048
38.55522	-92.15058
38.55555	-92.15076
38.55572	-92.15084
38.55592	-92.15095
38.55605	-92.15102
38.55621	-92.15111
38.55638	-92.15121
38.5564	-92.15122
38.55653	-92.15132
38.5566	-92.15137
38.55678	-92.1515
38.55695	-92.15163
38.557	-92.15167
38.55723	-92.15186
38.5573	-92.15192
38.5574	-92.15202
38.55745	-92.15206
38.55751	-92.15212
38.55766	-92.15227
38.55783	-92.15244
38.55795	-92.15257
38.55801	-92.15263
38.55805	-92.15269
38.55819	-92.15285
38.55827	-92.15295
38.55835	-92.15304
38.5584	-92.15311
38.55842	-92.15314
38.5585	-92.15324
38.55853	-92.15327
38.55861	-92.15339
38.55865	-92.15344
38.55877	-92.15361
38.55879	-92.15364
38.55887	-92.15375
38.55908	-92.15403
38.55926	-92.15428
38.55938	-92.15445
38.55957	-92.15473
38.55999	-92.1553
38.56013	-92.1555
38.56015	-92.15553
38.56031	-92.15575
38.56043	-92.15592
38.56093	-92.1566
38.56105	-92.15676
38.56146	-92.15733
38.56172	-92.15769
38.56238	-92.15861
38.56242	-92.15866
38.56246	-92.15872
38.56252	-92.1588
38.56263	-92.15895
38.56326	-92.15982
38.5633	-92.15988
38.56336	-92.15996
38.56372	-92.16046
38.56384	-92.16063
38.56411	-92.16101
38.56421	-92.16113
38.56445	-92.16147
38.56449	-92.16152
38.56457	-92.16164
38.56474	-92.16187
38.56504	-92.16229
38.56554	-92.16297
38.56556	-92.163
38.56606	-92.16369
38.56636	-92.16411
38.56662	-92.16448
38.56672	-92.16462
38.56686	-92.16479
38.56718	-92.16524
38.56754	-92.16574
38.567545	-92.1657443
38.56766	-92.16578
38.56768	-92.16579
38.56799	-92.16611
38.56823	-92.16636
38.56837	-92.16649
38.5684	-92.16652
38.56843	-92.16656
38.5685	-92.16665
38.56882	-92.16704
38.56883	-92.16705
38.56889	-92.16712
38.56895	-92.1672
38.56902	-92.16728
38.56912	-92.1674
38.5691184	-92.1674038
38.56925	-92.16725
38.56942	-92.16705
38.56979	-92.16663
38.56994	-92.16646
38.57011	-92.16627
38.57044	-92.16589
38.57057	-92.16572
38.57062	-92.16565
38.57084	-92.16542
38.57094	-92.1653
38.57107	-92.16515
38.57134	-92.16484
38.57145	-92.16471
38.57158	-92.16456
38.57197	-92.16412
38.57223	-92.16381
38.57237	-92.16366
38.57247	-92.16353
38.5724707	-92.1635329
38.57279	-92.16398
38.57303	-92.16432
38.57339	-92.16483
38.57363	-92.16517
38.57388	-92.1655
38.57413	-92.16584
38.57432	-92.1661
38.5743203	-92.1661041
38.57419	-92.16626
38.57406	-92.16642
38.57394	-92.16656
38.57382	-92.16669
38.5737	-92.16683
38.57343	-92.16713
38.5733	-92.16728
38.57319	-92.16741
38.57293	-92.16772
38.57279	-92.16788
38.57269	-92.16799
38.57243	-92.1683
38.57229	-92.16846
38.5722941	-92.1684553
38.57136	-92.16716
38.57117	-92.1669
38.57069	-92.16622
38.57044	-92.16589
38.57018	-92.16552
38.57007	-92.16538
38.56988	-92.16511
38.56951	-92.1646
38.56915	-92.16409
38.56878	-92.16358
38.56873	-92.16351
38.56859	-92.16332
38.56851	-92.1632
38.56829	-92.1629
38.56823	-92.16281
38.56807	-92.16259
38.568	-92.1625
38.56771	-92.1621
38.56769	-92.16208
38.56741	-92.16169
38.56736	-92.16162
38.56699	-92.16112
38.56696	-92.16108
38.56683	-92.1609
38.56679	-92.16082
38.56655	-92.16048
38.56646	-92.16036
38.56606	-92.1598
38.56603	-92.15976
38.56594	-92.15963
38.56559	-92.15915
38.5655885	-92.1591468
38.56527	-92.15952
38.56506	-92.15978
38.56493	-92.15993
38.56452	-92.16042
38.56431	-92.16064
38.56421	-92.16074
38.56412	-92.16085
38.56404	-92.16093
38.56397	-92.16101
38.56385	-92.16115
38.56373	-92.16128
38.56354	-92.16149
38.5635353	-92.1614912
38.56335	-92.1617
38.56329	-92.16176
38.56297	-92.16211
38.5629	-92.16218
38.5628	-92.16222
38.56274	-92.16226
38.56261	-92.16232
38.56238	-92.1624
38.56229	-92.16243
38.56224	-92.16246
38.56219	-92.16249
38.56218	-92.1625
38.56208	-92.16258
38.56201	-92.16265
38.56197	-92.16269
38.56195	-92.16271
38.56187	-92.1628
38.5618	-92.16291
38.56174	-92.16302
38.56164	-92.16323
38.56163	-92.16326
38.56157	-92.16345
38.5615	-92.16369
38.56147	-92.16397
38.56145	-92.16414
38.5613	-92.16528
38.56125	-92.16558
38.56123	-92.16573
38.56119	-92.16605
38.5611872	-92.1660486
38.56117	-92.16618
38.56115	-92.16626
38.56112	-92.16636
38.56108	-92.16649
38.56101	-92.1667
38.56098	-92.16678
38.56094	-92.16686
38.56092	-92.16689
38.5608	-92.16707
38.56062	-92.16732
38.56055	-92.1674
38.5605	-92.16747
38.56043	-92.16756
38.56035	-92.16765
38.56029	-92.16771
38.56018	-92.16782
38.56	-92.16797
38.55999	-92.16797
38.55974	-92.16818
38.55956	-92.16832
38.55942	-92.16843
38.55937	-92.16847
38.55928	-92.16853
38.55922	-92.16857
38.5591	-92.16864
38.55899	-92.16869
38.55889	-92.16873
38.55877	-92.16877
38.55865	-92.16879
38.55853	-92.1688
38.55851	-92.1688
38.55835	-92.16879
38.55821	-92.16877
38.55809	-92.16874
38.558	-92.16873
38.55795	-92.16872
38.55783	-92.16872
38.5577	-92.16874
38.55757	-92.16876
38.55746	-92.16879
38.55726	-92.16883
38.55669	-92.16896
38.55658	-92.16899
38.5564	-92.16903
38.55604	-92.16911
38.55593	-92.16914
38.55561	-92.16922
38.55535	-92.16927
38.55508	-92.1693
38.55505	-92.1693
38.55451	-92.16934
38.55415	-92.16936
38.55379	-92.16939
38.55367	-92.1694
38.55351	-92.16941
38.55333	-92.16944
38.55305	-92.16948
38.5528	-92.16952
38.55267	-92.16954
38.55252	-92.16958
38.55227	-92.16965
38.55214	-92.16969
38.5521	-92.1697
38.55192	-92.16976
38.5519238	-92.1697555
38.55184	-92.16977
38.55177	-92.16979
38.55171	-92.16979
38.55165	-92.16979
38.55158	-92.16979
38.55147	-92.16975
38.55134	-92.16968
38.55123	-92.16958
38.55118	-92.16951
38.55112	-92.16944
38.55111	-92.16944
38.55104	-92.16935
38.55092	-92.16919
38.55086	-92.16911
38.55085	-92.16909
38.55073	-92.16894
38.55067	-92.16886
38.55064	-92.16883
38.55055	-92.16871
38.55054	-92.1687
38.55046	-92.16859
38.55037	-92.16847
38.55028	-92.16835
38.55018	-92.16823
38.55016	-92.16821
38.55008	-92.16812
38.54997	-92.16803
38.54986	-92.16797
38.54984	-92.16796
38.54972	-92.16792
38.54959	-92.16788
38.54954	-92.16786
38.54945	-92.16784
38.54934	-92.16782
38.54933	-92.16782
38.54926	-92.16783
38.5492	-92.16784
38.54915	-92.16785
38.54912	-92.16786
38.54906	-92.1679
38.54903	-92.16792
38.54899	-92.16795
38.54897	-92.16797
38.54893	-92.16802
38.54889	-92.16806
38.54886	-92.1681
38.54883	-92.16816
38.54882	-92.16817
38.54879	-92.16823
38.54876	-92.16829
38.54874	-92.16835
38.54868	-92.1685
38.54867	-92.16852
38.54859	-92.16874
38.54855	-92.16884
38.5485	-92.16897
38.54844	-92.16912
38.54843	-92.16912
38.54835	-92.16928
38.54826	-92.16942
38.5482	-92.16952
38.5481	-92.16965
38.54802	-92.16974
38.54795	-92.16981
38.54791	-92.16984
38.54785	-92.16988
38.54769	-92.16994
38.54764	-92.16996
38.54757	-92.16997
38.5475	-92.16997
38.54744	-92.16996
38.54739	-92.16994
38.54733	-92.16992
38.54733	-92.16991
38.54728	-92.16989
38.54717	-92.16981
38.54716	-92.16981
38.54701	-92.1697
38.54696	-92.16967
38.54685	-92.16959
38.54671	-92.16949
38.54663	-92.16944
38.54656	-92.1694
38.54653	-92.16939
38.54649	-92.16937
38.5464	-92.16933
38.54636	-92.16931
38.54627	-92.16928
38.54616	-92.16926
38.5459	-92.16922
38.54537	-92.16921
38.54459	-92.16918
38.54447	-92.16918
38.54429	-92.16917
38.54411	-92.16917
38.54393	-92.16917
38.54371	-92.16916
38.54319	-92.16915
38.54295	-92.16915
38.54249	-92.16917
38.5424	-92.16918
38.54177	-92.16926
38.54159	-92.16928
38.5407	-92.1694
38.54062	-92.16941
38.54039	-92.16944
38.53999	-92.16949
38.53963	-92.16953
38.53892	-92.16962
38.53868	-92.16965
38.53856	-92.16965
38.53838	-92.16965
38.5383799	-92.1696532
38.5382	-92.16962
38.53802	-92.16959
38.53791	-92.16957
38.5375	-92.16942
38.53746	-92.1694
38.53734	-92.16933
38.53718	-92.16922
38.53703	-92.16913
38.53702	-92.16912
38.53674	-92.16889
38.53653	-92.1687
38.53644	-92.16858
38.53633	-92.16844
38.53631	-92.16842
38.53622	-92.1683
38.53619	-92.16825
38.5359	-92.16772
38.5357	-92.16728
38.53565	-92.16717
38.53547	-92.16675
38.53536	-92.16648
38.53519	-92.16607
38.53511	-92.16586
38.53507	-92.16576
38.53503	-92.16566
38.53487	-92.16525
38.53473	-92.16488
38.53468	-92.16479
38.53458	-92.16459
38.53454	-92.16454
38.53439	-92.1643
38.53421	-92.16409
38.53411	-92.16397
38.53407	-92.16394
38.53392	-92.16382
38.53389	-92.16379
38.53376	-92.16371
38.53371	-92.16368
38.53342	-92.16356
38.53308	-92.16342
38.53299	-92.16339
38.53291	-92.16337
38.53238	-92.16324
38.5322	-92.16319
38.53196	-92.16314
38.53179	-92.16308
38.53161	-92.16303
38.53157	-92.16301
38.53144	-92.16298
38.53126	-92.16294
38.53108	-92.16289
38.53091	-92.16285
38.53073	-92.1628
38.53071	-92.1628
38.53031	-92.16286
38.52984	-92.16308
38.52945	-92.16332
38.52912	-92.16352
38.52878	-92.16367
38.52871	-92.1637
38.52861	-92.16372
38.52843	-92.16375
38.52833	-92.16377
38.52825	-92.16377
38.52807	-92.16376
38.52765	-92.16365
38.52754	-92.16362
38.52749	-92.1636
38.52737	-92.16357
38.52731	-92.16355
38.52719	-92.16352
38.52714	-92.1635
38.52702	-92.16346
38.52696	-92.16345
38.52679	-92.1634
38.52667	-92.16336
38.52661	-92.16335
38.52649	-92.16331
38.52644	-92.16329
38.52615	-92.16321
38.52609	-92.16319
38.52596	-92.16316
38.52594	-92.16315
38.52591	-92.16315
38.52579	-92.16313
38.52573	-92.16312
38.52563	-92.16311
38.52562	-92.16311
38.52544	-92.16312
38.52526	-92.16316
38.52521	-92.16317
38.5252	-92.16318
38.52509	-92.16323
38.52507	-92.16323
38.52503	-92.16326
38.52492	-92.1633
38.52486	-92.16333
38.52475	-92.16338
38.52474	-92.16339
38.52469	-92.16341
38.52452	-92.16349
38.52442	-92.16354
38.5244	-92.16355
38.52438	-92.16356
38.52435	-92.16357
38.52425	-92.16362
38.52423	-92.16363
38.52418	-92.16365
38.52408	-92.1637
38.52406	-92.16371
38.52402	-92.16374
38.52385	-92.16382
38.5235	-92.16398
38.52335	-92.16408
38.52325	-92.16414
38.52323	-92.16415
38.52319	-92.16418
38.52308	-92.16424
38.52307	-92.16425
38.52303	-92.16428
38.52293	-92.16436
38.52292	-92.16437
38.52288	-92.16441
38.52279	-92.16448
38.52278	-92.16449
38.52273	-92.16454
38.52265	-92.16464
38.52263	-92.16465
38.5226	-92.1647
38.52251	-92.16479
38.52237	-92.16495
38.52217	-92.16527
38.52202	-92.16556
38.52196	-92.16568
38.52195	-92.1657
38.52192	-92.16576
38.52187	-92.16586
38.52186	-92.16588
38.52183	-92.16596
38.52167	-92.1664
38.52163	-92.1665
38.52163	-92.16653
38.52161	-92.16658
38.52156	-92.16672
38.52155	-92.16674
38.52153	-92.1668
38.52142	-92.16714
38.52141	-92.16716
38.52139	-92.16722
38.52134	-92.16737
38.52131	-92.16745
38.52128	-92.16756
38.52127	-92.16758
38.52125	-92.16764
38.52117	-92.16786
38.52105	-92.16819
38.52104	-92.16821
38.52102	-92.16827
38.52102	-92.16828
38.52093	-92.16846
38.52087	-92.16858
38.52084	-92.16866
38.52081	-92.16872
38.52078	-92.16878
38.52074	-92.16885
38.52068	-92.16897
38.52064	-92.16905
38.52029	-92.16975
38.52016	-92.17001
38.5201	-92.17013
38.52	-92.17032
38.5198	-92.1707
38.51956	-92.17116
38.51946	-92.17136
38.51937	-92.17155
38.51927	-92.17172
38.51918	-92.17192
38.51908	-92.17211
38.51868	-92.17287
38.51848	-92.17326
38.51838	-92.17345
38.51828	-92.17364
38.51826	-92.17367
38.51818	-92.17383
38.51808	-92.17402
38.51798	-92.17421
38.51788	-92.1744
38.51777	-92.17459
38.51753	-92.17505
38.51747	-92.17516
38.51736	-92.17534
38.51725	-92.17552
38.51699	-92.17578
38.51689	-92.17588
38.51684	-92.17591
38.51655	-92.1761
38.51634	-92.17617
38.51621	-92.17622
38.51617	-92.17622
38.51585	-92.17625
38.51581	-92.17625
38.51563	-92.17624
38.51545	-92.17623
38.51527	-92.17622
38.51509	-92.17621
38.51491	-92.1762
38.51473	-92.17619
38.51436	-92.17617
38.51383	-92.17613
38.51366	-92.17611
38.51312	-92.17608
38.51281	-92.17606
38.51263	-92.17605
38.51191	-92.17601
38.51173	-92.17599
38.51164	-92.17599
38.51155	-92.17598
38.51128	-92.17597
38.5111	-92.17596
38.51065	-92.17593
38.51056	-92.17593
38.51047	-92.17592
38.51034	-92.17591
38.51016	-92.17589
38.50998	-92.17586
38.50985	-92.17584
38.5098	-92.17583
38.50909	-92.17571
38.50891	-92.17568
38.50872	-92.17565
38.50855	-92.17563
38.50824	-92.17559
38.50777	-92.17552
38.50741	-92.17547
38.50711	-92.17548
38.50707	-92.17548
38.506	-92.17561
38.50582	-92.17564
38.50493	-92.17575
38.50475	-92.17577
38.50403	-92.17586
38.5038	-92.17589
38.50356	-92.17592
38.50344	-92.17593
38.50274	-92.176
38.50255	-92.17601
38.50202	-92.17605
38.50168	-92.17607
38.5015	-92.17609
38.50149	-92.17609
38.50141	-92.1761
38.50109	-92.17612
38.50097	-92.17613
38.50091	-92.17613
38.50079	-92.17615
38.50078	-92.17615
38.50073	-92.17615
38.50056	-92.17616
38.5003	-92.17619
38.50007	-92.1762
38.49987	-92.17623
38.49974	-92.17625
38.49971	-92.17625
38.49959	-92.17627
38.49953	-92.17629
38.4995	-92.1763
38.49943	-92.17631
38.49936	-92.17634
38.49919	-92.17641
38.4991872	-92.1764122
38.49915	-92.17634
38.49913	-92.17631
38.49909	-92.17626
38.49908	-92.17626
38.49904	-92.17623
38.49903	-92.17623
38.49896	-92.17619
38.49892	-92.17618
38.49885	-92.17615
38.49869	-92.17612
38.49866	-92.17611
38.49856	-92.17609
38.49851	-92.17608
38.49849	-92.17607
38.49839	-92.17604
38.49835	-92.17603
38.49833	-92.17602
38.4981	-92.17595
38.49804	-92.17593
38.49798	-92.17591
38.49792	-92.17589
38.49781	-92.17586
38.49774	-92.17585
38.49769	-92.17583
38.4976	-92.1758
38.49746	-92.17576
38.49737	-92.17574
38.4971	-92.17566
38.49699	-92.17562
38.49693	-92.1756
38.49684	-92.17558
38.49662	-92.17551
38.49651	-92.17548
38.49641	-92.17544
38.49639	-92.17543
38.49629	-92.1754
38.49625	-92.17538
38.49624	-92.17538
38.49613	-92.17533
38.49607	-92.1753
38.49595	-92.17525
38.49577	-92.17517
38.49562	-92.17509
38.49549	-92.17504
38.49544	-92.17502
38.49539	-92.17499
38.49531	-92.17496
38.49522	-92.17492
38.49508	-92.17485
38.49493	-92.17477
38.49488	-92.17475
38.49478	-92.17469
38.49476	-92.17468
38.49471	-92.17465
38.49465	-92.17462
38.49451	-92.17453
38.49444	-92.17448
38.49442	-92.17447
38.49435	-92.17441
38.4942	-92.17431
38.49405	-92.1742
38.49397	-92.17415
38.49392	-92.17412
38.49381	-92.17404
38.49378	-92.17402
38.49366	-92.17395
38.49365	-92.17394
38.49354	-92.17386
38.49349	-92.17383
38.49334	-92.17374
38.49311	-92.17359
38.49291	-92.17346
38.49285	-92.17342
38.49278	-92.17338
38.49267	-92.17331
38.49255	-92.17324
38.49236	-92.17312
38.49233	-92.1731
38.49225	-92.17305
38.49177	-92.17272
38.49171	-92.17268
38.49161	-92.17259
38.4913	-92.17236
38.49107	-92.17218
38.49097	-92.1721
38.49092	-92.17206
38.49085	-92.172
38.4907	-92.17188
38.49061	-92.17181
38.49055	-92.17176
38.49052	-92.17175
38.4905	-92.17174
38.49047	-92.17173
38.49043	-92.17173
38.4904	-92.17172
38.49038	-92.17172
38.49023	-92.17171
38.4902251	-92.1717101
38.49024	-92.17183
38.49025	-92.17191
38.49025	-92.17197
38.49025	-92.17204
38.49025	-92.17213
38.49024	-92.17217
38.49024	-92.17223
38.49023	-92.17227
38.49022	-92.17233
38.49021	-92.17239
38.4902	-92.17244
38.49019	-92.17246
38.49018	-92.17248
38.49016	-92.17255
38.49013	-92.17263
38.49008	-92.17277
38.49	-92.17296
38.48996	-92.17308
38.48988	-92.17329
38.48978	-92.17353
38.48973	-92.17368
38.48969	-92.17378
38.48957	-92.1741
38.48953	-92.1742
38.48949	-92.1743
38.48948	-92.17432
38.48943	-92.17446
38.48941	-92.17451
38.4893	-92.1748
38.48918	-92.17513
38.48918	-92.17514
38.48911	-92.17534
38.4891069	-92.1753422
38.4891	-92.17544
38.4891	-92.17552
38.48911	-92.17555
38.48912	-92.17559
38.489116	-92.1755885
38.489116	-92.1755885
38.48914	-92.17565
38.48921	-92.17574
38.4892056	-92.1757356
38.48952	-92.1758
38.48963	-92.17581
38.48968	-92.17582
38.48974	-92.17583
38.48995	-92.17588
38.49003	-92.1759
38.49014	-92.17593
38.4903	-92.17596
38.49055	-92.17602
38.49071	-92.17606
38.49074	-92.17607
38.49085	-92.1761
38.49094	-92.17613
38.49116	-92.1762
38.49126	-92.17623
38.49145	-92.17629
38.49166	-92.17636
38.49186	-92.17643
38.49201	-92.17648
38.49215	-92.17654
38.49225	-92.17658
38.4923	-92.17661
38.49237	-92.17665
38.4926	-92.17678
38.49275	-92.17686
38.49293	-92.17698
38.49329	-92.17721
38.49345	-92.17731
38.49376	-92.17748
38.49386	-92.17753
38.49396	-92.17758
38.49411	-92.17765
38.49412	-92.17766
38.49419	-92.17769
38.49422	-92.1777
38.49429	-92.17772
38.49437	-92.17775
38.49447	-92.17778
38.49453	-92.1778
38.49482	-92.17788
38.49488	-92.1779
38.49499	-92.17792
38.49527	-92.17799
38.49529	-92.178
38.4955	-92.17805
38.49562	-92.17807
38.49571	-92.17808
38.49578	-92.17809
38.4958	-92.17809
38.49588	-92.17809
38.49595	-92.17809
38.49603	-92.17809
38.49614	-92.17808
38.49625	-92.17805
38.49657	-92.17798
38.49672	-92.17795
38.49678	-92.17793
38.49702	-92.17788
38.49708	-92.17787
38.49721	-92.17784
38.49734	-92.17782
38.49746	-92.1778
38.49779	-92.17778
38.49798	-92.17778
38.49801	-92.17778
38.49819	-92.1778
38.49834	-92.17782
38.49836	-92.17782
38.49856	-92.17785
38.49863	-92.17787
38.49871	-92.17789
38.49875	-92.1779
38.49881	-92.17791
38.49888	-92.17794
38.49901	-92.17798
38.4991	-92.17801
38.4994	-92.17813
38.49945	-92.17817
38.49962	-92.17827
38.49983	-92.17842
38.49984	-92.17842
38.50005	-92.17859
38.50024	-92.17874
38.5003	-92.1788
38.50054	-92.179
38.50086	-92.17927
38.50088	-92.17929
38.50138	-92.17971
38.50195	-92.18019
38.50227	-92.18047
38.50255	-92.18071
38.50278	-92.1809
38.50295	-92.18104
38.50297	-92.18105
38.5031	-92.18116
38.50314	-92.18118
38.50319	-92.18122
38.50328	-92.18128
38.50336	-92.18134
38.50349	-92.18143
38.50358	-92.18148
38.50363	-92.18151
38.50374	-92.18157
38.50388	-92.18164
38.50405	-92.18173
38.50418	-92.18179
38.50443	-92.18187
38.50451	-92.18189
38.50462	-92.18193
38.50474	-92.18196
38.50486	-92.18199
38.50496	-92.18202
38.50504	-92.18203
38.50533	-92.18207
38.50546	-92.18209
38.50568	-92.1821
38.50592	-92.18211
38.5062	-92.1821
38.50636	-92.1821
38.50661	-92.18209
38.50683	-92.18208
38.507	-92.18206
38.50753	-92.18205
38.50776	-92.18205
38.5082	-92.18204
38.50823	-92.18204
38.5088	-92.18202
38.50948	-92.182
38.50967	-92.18201
38.50968	-92.18201
38.50992	-92.18201
38.51008	-92.18202
38.51023	-92.18202
38.51052	-92.18201
38.51096	-92.18201
38.5113	-92.18199
38.51165	-92.18197
38.51168	-92.18197
38.51233	-92.18194
38.51237	-92.18194
38.51276	-92.18194
38.51291	-92.18194
38.51299	-92.18194
38.5134	-92.18194
38.51383	-92.18195
38.51399	-92.18195
38.51435	-92.18197
38.51481	-92.18197
38.51518	-92.18196
38.51542	-92.18194
38.51558	-92.18193
38.51595	-92.18191
38.51633	-92.18189
38.51675	-92.18188
38.51699	-92.18187
38.51724	-92.18188
38.51733	-92.18188
38.51755	-92.18187
38.51768	-92.18187
38.51783	-92.18187
38.51796	-92.18186
38.51813	-92.18186
38.51814	-92.18186
38.51851	-92.18185
38.51879	-92.18185
38.51886	-92.18185
38.51898	-92.18185
38.51922	-92.18184
38.51926	-92.18184
38.51938	-92.18184
38.51951	-92.18184
38.51958	-92.18183
38.51962	-92.18183
38.51986	-92.18183
38.51994	-92.18182
38.52009	-92.18182
38.52012	-92.18182
38.52042	-92.18181
38.52104	-92.1818
38.52171	-92.18179
38.52207	-92.18178
38.52241	-92.18178
38.52242	-92.18178
38.52269	-92.18177
38.52302	-92.18177
38.52332	-92.18176
38.5235	-92.18175
38.52363	-92.18175
38.52368	-92.18175
38.5239	-92.18175
38.52404	-92.18174
38.52405	-92.18174
38.52418	-92.18174
38.52422	-92.18174
38.52442	-92.18174
38.52458	-92.18173
38.52466	-92.18173
38.52476	-92.18173
38.52483	-92.18173
38.52494	-92.18172
38.52502	-92.18172
38.5252	-92.18173
38.5253	-92.18173
38.52562	-92.18173
38.52577	-92.18173
38.52597	-92.18172
38.52632	-92.18171
38.5264	-92.1817
38.52655	-92.18169
38.5267	-92.18169
38.5268	-92.18169
38.52712	-92.18168
38.52741	-92.18168
38.52759	-92.18167
38.52768	-92.18167
38.52777	-92.18167
38.52813	-92.18166
38.52826	-92.18166
38.52831	-92.18166
38.52877	-92.18165
38.52885	-92.18164
38.52903	-92.18164
38.52926	-92.18163
38.52957	-92.18163
38.52974	-92.18162
38.52975	-92.18162
38.52993	-92.18162
38.53024	-92.18161
38.53042	-92.18161
38.53061	-92.18161
38.53067	-92.18161
38.53082	-92.1816
38.53083	-92.1816
38.53085	-92.1816
38.53094	-92.18161
38.53101	-92.18161
38.53112	-92.18162
38.53121	-92.18164
38.53126	-92.18164
38.53139	-92.18167
38.53154	-92.1817
38.53172	-92.18175
38.53174	-92.18176
38.53202	-92.18186
38.53224	-92.18196
38.53226	-92.18197
38.53236	-92.18203
38.53247	-92.18209
38.53255	-92.18214
38.53268	-92.18222
38.53283	-92.18234
38.53294	-92.18242
38.53306	-92.18252
38.53314	-92.18261
38.53322	-92.18268
38.53332	-92.1828
38.53342	-92.18291
38.53352	-92.18303
38.53365	-92.18321
38.53375	-92.18335
38.53378	-92.1834
38.53386	-92.18354
38.53395	-92.1837
38.53404	-92.18386
38.53412	-92.18402
38.53424	-92.18427
38.53428	-92.18435
38.53439	-92.18459
38.53471	-92.18527
38.5348	-92.18548
38.53483	-92.18553
38.53485	-92.18555
38.53486	-92.18557
38.53487	-92.1856
38.53491	-92.18567
38.53505	-92.18601
38.53516	-92.18631
38.5352	-92.1864
38.53527	-92.18659
38.53531	-92.18672
38.53539	-92.18694
38.53541	-92.18702
38.53549	-92.18727
38.53556	-92.18753
38.53558	-92.18762
38.53565	-92.18795
38.53573	-92.18832
38.53578	-92.18866
38.53579	-92.18873
38.53583	-92.18899
38.53585	-92.18914
38.53588	-92.18947
38.5359	-92.18958
38.5359	-92.18969
38.53592	-92.18992
38.53594	-92.19009
38.53594	-92.19015
38.53594	-92.19032
38.53595	-92.19055
38.53596	-92.19084
38.53597	-92.19107
38.53598	-92.19135
38.53598	-92.1914
38.53602	-92.19263
38.53603	-92.19306
38.53603	-92.19307
38.53607	-92.19369
38.53608	-92.19376
38.53611	-92.19399
38.53613	-92.19421
38.53615	-92.19437
38.53616	-92.19444
38.5362	-92.19467
38.53624	-92.19489
38.53624	-92.19492
38.53628	-92.19511
38.53633	-92.19534
38.53636	-92.19546
38.53638	-92.19556
38.53644	-92.19577
38.5365	-92.19599
38.53656	-92.19621
38.53656	-92.19623
38.53662	-92.19642
38.53668	-92.19664
38.53674	-92.19686
38.53687	-92.19729
38.53693	-92.1975
38.53699	-92.19772
38.53718	-92.19836
38.53718	-92.19837
38.53724	-92.19858
38.53749	-92.19944
38.53762	-92.19988
38.53774	-92.20032
38.53787	-92.20078
38.53802	-92.20129
38.53849	-92.20291
38.53855	-92.2031
38.53868	-92.20356
38.5388	-92.20399
38.53886	-92.2042
38.53892	-92.20438
38.53905	-92.20485
38.53924	-92.2055
38.53991	-92.20784
38.5399136	-92.2078382
38.54017	-92.20771
38.54023	-92.20768
38.54035	-92.20764
38.54052	-92.20758
38.54058	-92.20757
38.54059	-92.20756
38.54065	-92.20755
38.54079	-92.20752
38.54092	-92.20751
38.54094	-92.20751
38.54103	-92.2075
38.54117	-92.2075
38.54129	-92.20751
38.54142	-92.20752
38.54147	-92.20753
38.54148	-92.20754
38.54156	-92.20755
38.5417	-92.2076
38.54184	-92.20764
38.54197	-92.20769
38.542	-92.20771
38.54201	-92.20771
38.54209	-92.20775
38.54222	-92.20781
38.54234	-92.20789
38.54235	-92.2079
38.54245	-92.20794
38.5425	-92.20796
38.5426	-92.208
38.54268	-92.20803
38.54276	-92.20806
38.54296	-92.20811
38.54314	-92.20814
38.5432	-92.20814
38.54347	-92.20815
38.54354	-92.20822
38.54361	-92.2082
38.54371	-92.20818
38.54382	-92.20815
38.54392	-92.20813
38.544	-92.2081
38.54411	-92.20807
38.54421	-92.20804
38.54432	-92.208
38.54443	-92.20796
38.54454	-92.20791
38.54464	-92.20787
38.54474	-92.20783
38.54484	-92.20778
38.54494	-92.20773
38.54504	-92.20767
38.54515	-92.20762
38.54526	-92.20755
38.54533	-92.20751
38.54534	-92.2075
38.54547	-92.20743
38.54556	-92.20736
38.54566	-92.20729
38.54575	-92.20722
38.54584	-92.20715
38.54591	-92.2071
38.54594	-92.20708
38.54612	-92.20693
38.54619	-92.20687
38.54628	-92.20679
38.54636	-92.20671
38.54637	-92.2067
38.54645	-92.20662
38.54654	-92.20653
38.54665	-92.20642
38.54673	-92.20633
38.54681	-92.20624
38.54682	-92.20623
38.54689	-92.20614
38.54697	-92.20605
38.54697	-92.20604
38.54705	-92.20595
38.54712	-92.20585
38.54715	-92.20582
38.5472	-92.20575
38.54727	-92.20565
38.54735	-92.20555
38.5474	-92.20548
38.54743	-92.20545
38.5475	-92.20535
38.54757	-92.20525
38.54765	-92.20514
38.54773	-92.20504
38.54777	-92.20498
38.5478	-92.20494
38.54788	-92.20484
38.54795	-92.20474
38.54803	-92.20464
38.54818	-92.20444
38.54825	-92.20434
38.54837	-92.20419
38.54842	-92.20411
38.54855	-92.20395
38.54878	-92.20364
38.549	-92.20334
38.54927	-92.20299
38.54928	-92.20297
38.54963	-92.20251
38.54966	-92.20248
38.54985	-92.20221
38.55013	-92.20184
38.55015	-92.20181
38.55034	-92.20156
38.55038	-92.20151
38.55059	-92.20123
38.55069	-92.2011
38.55088	-92.20085
38.55097	-92.20073
38.55124	-92.20036
38.55146	-92.20006
38.55171	-92.19973
38.55183	-92.19957
38.55205	-92.19928
38.55226	-92.199
38.55235	-92.19888
38.5526	-92.19855
38.55274	-92.19836
38.55295	-92.19808
38.55304	-92.19796
38.55312	-92.19787
38.5535	-92.19737
38.55377	-92.19704
38.55382	-92.19697
38.55403	-92.19672
38.55422	-92.19648
38.55446	-92.19621
38.55462	-92.19602
38.55481	-92.19579
38.55495	-92.19563
38.5551	-92.19545
38.55521	-92.19533
38.55535	-92.19517
38.55553	-92.19496
38.55558	-92.1949
38.55563	-92.19484
38.55568	-92.19478
38.55576	-92.19469
38.55585	-92.19459
38.55593	-92.1945
38.55599	-92.19443
38.55614	-92.19425
38.55615	-92.19424
38.55635	-92.19401
38.55649	-92.19385
38.55668	-92.19363
38.55675	-92.19355
38.55685	-92.19343
38.55703	-92.19323
38.55731	-92.1929
38.55758	-92.19259
38.55796	-92.19214
38.55797	-92.19213
38.55812	-92.19196
38.55821	-92.19185
38.55837	-92.19166
38.55845	-92.19157
38.55864	-92.19135
38.55877	-92.1912
38.55878	-92.19119
38.55911	-92.19081
38.55944	-92.19043
38.55957	-92.19027
38.55999	-92.18978
38.56032	-92.1894
38.56057	-92.18911
38.56077	-92.18888
38.56078	-92.18887
38.5609	-92.18873
38.56098	-92.18864
38.56117	-92.18842
38.56117	-92.18841
38.56123	-92.18835
38.5617	-92.1878
38.56179	-92.18771
38.56185	-92.18763
38.56194	-92.18753
38.56241	-92.18699
38.56252	-92.18686
38.56267	-92.18669
38.56274	-92.1866
38.56282	-92.18651
38.56292	-92.18639
38.56304	-92.18625
38.56327	-92.18599
38.56354	-92.18568
38.56366	-92.18553
38.56393	-92.18522
38.5641	-92.18502
38.56419	-92.18492
38.56436	-92.18472
38.56454	-92.18451
38.56462	-92.18442
38.5647	-92.18433
38.56478	-92.18424
38.56486	-92.18416
38.56496	-92.18407
38.56505	-92.18399
38.56515	-92.18392
38.56524	-92.18384
38.56533	-92.18378
38.56543	-92.18371
38.56553	-92.18365
38.56563	-92.18359
38.56573	-92.18354
38.56581	-92.1835
38.56584	-92.18349
38.56587	-92.18348
38.56594	-92.18345
38.56605	-92.18342
38.56615	-92.18341
38.56618	-92.1834
38.56625	-92.1834
38.56638	-92.1834
38.56649	-92.18341
38.56655	-92.18342
38.5666	-92.18343
38.56671	-92.18346
38.5668	-92.18349
38.56681	-92.18349
38.56692	-92.18353
38.56702	-92.18357
38.56713	-92.1836
38.56724	-92.18364
38.56745	-92.1837
38.56766	-92.18377
38.56777	-92.18381
38.56787	-92.18384
38.56794	-92.18386
38.56798	-92.18387
38.56809	-92.18389
38.56816	-92.1839
38.5682	-92.18391
38.56837	-92.18394
38.56841	-92.18394
38.56852	-92.18395
38.56864	-92.18396
38.56874	-92.18396
38.56885	-92.18396
38.56896	-92.18395
38.56899	-92.18395
38.56907	-92.18394
38.56917	-92.18393
38.56924	-92.18393
38.56929	-92.18392
38.5694	-92.18391
38.56949	-92.18391
38.5695	-92.18391
38.56961	-92.1839
38.56973	-92.18389
38.56983	-92.18388
38.56994	-92.18387
38.57001	-92.18386
38.57005	-92.18386
38.57016	-92.18385
38.57027	-92.18384
38.57038	-92.18384
38.57049	-92.18383
38.5706	-92.18383
38.57071	-92.18383
38.57082	-92.18383
38.57093	-92.18383
38.57095	-92.18383
38.57128	-92.18386
38.57149	-92.18389
38.57181	-92.18392
38.57195	-92.18395
38.57213	-92.18399
38.57229	-92.18403
38.57237	-92.18405
38.57256	-92.1841
38.57275	-92.18415
38.57288	-92.18418
38.5729	-92.18419
38.57303	-92.18422
38.57318	-92.18426
38.57328	-92.18428
38.57342	-92.18432
38.57355	-92.18434
38.57361	-92.18434
38.57372	-92.18436
38.57378	-92.18437
38.57395	-92.18439
38.57407	-92.18439
38.57418	-92.18439
38.57427	-92.18439
38.57429	-92.18439
38.57432	-92.18439
38.57442	-92.18439
38.57452	-92.18438
38.57462	-92.18438
38.5747	-92.18437
38.57483	-92.18435
38.57495	-92.18433
38.57506	-92.18432
38.57516	-92.18431
38.57534	-92.18429
38.57554	-92.18426
38.5755388	-92.1842565
38.57557	-92.18419
38.57558	-92.18419
38.57558	-92.18418
38.57559	-92.18418
38.57561	-92.18417
38.57571	-92.18412
38.57583	-92.18407
38.57602	-92.18392
38.57615	-92.1838
38.57615	-92.18379
38.57616	-92.18379
38.57632	-92.18357
38.57664	-92.18315
38.57675	-92.18299
38.57688	-92.18282
38.57692	-92.18275
38.577	-92.18265
38.57704	-92.18259
38.57716	-92.18242
38.57723	-92.18233
38.57728	-92.18226
38.57739	-92.18217
38.57743	-92.18215
38.57751	-92.1821
38.57757	-92.18207
38.57766	-92.18203
38.57775	-92.18201
38.57781	-92.182
38.57786	-92.182
38.57792	-92.182
38.57798	-92.18201
38.57804	-92.18202
38.5781	-92.18204
38.57811	-92.18204
38.57816	-92.18206
38.57822	-92.18209
38.57828	-92.18212
38.57828	-92.18213
38.57832	-92.18215
38.57836	-92.18218
38.57844	-92.18225
38.57858	-92.18236
38.5785841	-92.182363
38.57874	-92.1822
38.5788	-92.18213
38.57886	-92.18204
38.57893	-92.18193
38.57895	-92.18189
38.57899	-92.1818
38.57904	-92.18168
38.57909	-92.18154
38.57911	-92.18147
38.57915	-92.18134
38.5792	-92.18112
38.57923	-92.18096
38.57931	-92.18056
38.57935	-92.18033
38.57944	-92.17985
38.57951	-92.17955
38.57956	-92.17932
38.5796	-92.17918
38.57972	-92.17883
38.5798	-92.17872
38.57984	-92.17865
38.57996	-92.17851
38.57999	-92.17847
38.58013	-92.17831
38.58053	-92.17783
38.58064	-92.17769
38.58071	-92.1776
38.58078	-92.17751
38.58092	-92.17736
38.58119	-92.17706
38.58169	-92.17649
38.5816945	-92.1764898
38.58105	-92.1756
38.58097	-92.17547
38.5808	-92.17524
38.58068	-92.17507
38.58056	-92.1749
38.58044	-92.17473
38.5802	-92.17441
38.58013	-92.1743
38.57995	-92.17405
38.579949	-92.1740527
