37.0887902	-88.5960859
37.0230168	-88.2560772
37.0886249	-88.5960429
37.0887955	-88.5960892
37.08878	-88.59614
37.08822	-88.59744
37.08812	-88.59769
37.08772	-88.5987
37.0877238	-88.5986973
37.08724	-88.5984
37.08671	-88.59807
37.08632	-88.59783
37.08616	-88.59773
37.08574	-88.59748
37.08568	-88.59743
37.08551	-88.59733
37.08531	-88.5972
37.08518	-88.59711
37.08468	-88.5968
37.08371	-88.59618
37.08288	-88.59568
37.08267	-88.59554
37.08246	-88.59539
37.08225	-88.59514
37.08208	-88.59489
37.08164	-88.59395
37.08149	-88.59361
37.08137	-88.59339
37.08124	-88.59321
37.08115	-88.5931
37.08102	-88.59296
37.08081	-88.59277
37.0808129	-88.5927689
37.07981	-88.59213
37.0794	-88.59188
37.07907	-88.59167
37.0784	-88.59126
37.07775	-88.59084
37.07765	-88.59079
37.07751	-88.59069
37.07736	-88.5906
37.07706	-88.59041
37.07692	-88.59033
37.07691	-88.59032
37.07677	-88.59023
37.07649	-88.59006
37.07642	-88.59001
37.07635	-88.58997
37.07621	-88.58988
37.07602	-88.58975
37.07599	-88.58974
37.07569	-88.58955
37.07539	-88.58936
37.07532	-88.58932
37.07501	-88.58912
37.07427	-88.58866
37.07331	-88.58806
37.0733	-88.58805
37.07256	-88.58758
37.0717	-88.58704
37.07121	-88.58674
37.07073	-88.58643
37.07057	-88.58631
37.07047	-88.58622
37.0704	-88.58615
37.07033	-88.58608
37.07022	-88.58599
37.07014	-88.58592
37.07007	-88.58584
37.06994	-88.58571
37.06985	-88.5856
37.06976	-88.58548
37.06968	-88.58535
37.0696	-88.58523
37.06948	-88.58502
37.06909	-88.58427
37.06876	-88.58364
37.06843	-88.58303
37.06833	-88.58286
37.06822	-88.58272
37.06813	-88.58263
37.06806	-88.58254
37.06794	-88.58244
37.0676	-88.58217
37.0676022	-88.5821723
37.06713	-88.58194
37.06633	-88.58157
37.06591	-88.58136
37.0658	-88.5813
37.06526	-88.58102
37.06496	-88.58089
37.06489	-88.58086
37.06479	-88.58082
37.06472	-88.58078
37.06465	-88.58075
37.06452	-88.58068
37.06436	-88.58058
37.06422	-88.5805
37.06409	-88.58041
37.06394	-88.58027
37.06379	-88.58013
37.06369	-88.58002
37.06357	-88.57986
37.0635	-88.57975
37.06342	-88.57962
37.06314	-88.57911
37.06271	-88.57824
37.06257	-88.57798
37.06228	-88.57739
37.06223	-88.57729
37.06218	-88.5772
37.0617	-88.57624
37.06122	-88.57526
37.06095	-88.57473
37.06069	-88.57423
37.0606	-88.57404
37.05997	-88.57282
37.0595	-88.57191
37.05901	-88.57093
37.05896	-88.57083
37.05888	-88.57067
37.05866	-88.57024
37.05853	-88.57
37.05836	-88.56973
37.05819	-88.56948
37.05818	-88.56946
37.05807	-88.56931
37.05806	-88.5693
37.05797	-88.56918
37.05771	-88.56886
37.05749	-88.56862
37.05729	-88.56839
37.05712	-88.56819
37.05699	-88.56804
37.0564	-88.56739
37.05628	-88.56724
37.05605	-88.56698
37.05592	-88.56683
37.05567	-88.56655
37.05565	-88.56653
37.05506	-88.56586
37.05495	-88.56574
37.05485	-88.56564
37.05461	-88.5654
37.0544	-88.56524
37.0542	-88.56511
37.05408	-88.56503
37.05399	-88.56497
37.05389	-88.56492
37.05377	-88.56486
37.05365	-88.5648
37.05347	-88.56473
37.05313	-88.56462
37.05289	-88.56457
37.05272	-88.56455
37.05257	-88.56454
37.05239	-88.56453
37.05222	-88.56453
37.05202	-88.56455
37.05188	-88.56457
37.05117	-88.56469
37.05075	-88.56476
37.05049	-88.5648
37.05046	-88.5648
37.05041	-88.56481
37.05036	-88.56482
37.05032	-88.56483
37.05026	-88.56485
37.05022	-88.56485
37.05014	-88.56487
37.05003	-88.5649
37.04997	-88.56492
37.04992	-88.56493
37.04986	-88.56495
37.04984	-88.56496
37.04981	-88.56498
37.04975	-88.565
37.04966	-88.56505
37.04957	-88.5651
37.04956	-88.5651
37.04943	-88.56518
37.04922	-88.5653
37.0492178	-88.5653007
37.04917	-88.56522
37.0491	-88.56509
37.04909	-88.56509
37.04902	-88.56495
37.04899	-88.5649
37.04876	-88.56447
37.04873	-88.5644
37.04864	-88.56421
37.0486	-88.56412
37.04857	-88.56405
37.04847	-88.56383
37.04841	-88.56368
37.04838	-88.56362
37.04835	-88.56354
37.04832	-88.56346
37.0483	-88.56339
37.04827	-88.56332
37.04824	-88.56322
37.04822	-88.56316
37.04817	-88.563
37.04816	-88.56298
37.04809	-88.56271
37.04803	-88.56247
37.04802	-88.56243
37.04798	-88.56229
37.04798	-88.56227
37.04784	-88.56169
37.04768	-88.56103
37.04768	-88.56101
37.04761	-88.56074
37.04758	-88.56062
37.04746	-88.56012
37.04735	-88.55963
37.04723	-88.55909
37.04721	-88.559
37.04716	-88.5588
37.04705	-88.55833
37.04701	-88.55815
37.04696	-88.55794
37.04681	-88.55731
37.0468	-88.55724
37.04675	-88.55703
37.0466	-88.55637
37.04635	-88.55533
37.04611	-88.55427
37.04604	-88.55397
37.04583	-88.55308
37.04574	-88.5527
37.04574	-88.55268
37.04567	-88.55235
37.04559	-88.55199
37.04555	-88.55186
37.04548	-88.55159
37.04543	-88.55141
37.04536	-88.55119
37.04531	-88.55106
37.04528	-88.55098
37.04521	-88.55076
37.04513	-88.55054
37.0451	-88.55047
37.04505	-88.55033
37.04496	-88.55012
37.04477	-88.54993
37.04468	-88.54972
37.04461	-88.5496
37.04449	-88.54937
37.04443	-88.54927
37.04428	-88.54902
37.04402	-88.54859
37.044	-88.54856
37.04388	-88.54838
37.04377	-88.5482
37.04376	-88.54819
37.04362	-88.54796
37.04343	-88.54767
37.04327	-88.54742
37.04313	-88.54722
37.04309	-88.54716
37.04306	-88.54712
37.04297	-88.54698
37.04287	-88.54682
37.0424	-88.54611
37.04229	-88.54594
37.04189	-88.54532
37.04129	-88.54441
37.04022	-88.54277
37.04002	-88.54246
37.03965	-88.5419
37.03874	-88.5405
37.03863	-88.54033
37.03853	-88.54017
37.03798	-88.53933
37.03774	-88.53896
37.03737	-88.53839
37.0373	-88.53828
37.03704	-88.53789
37.03684	-88.53758
37.03664	-88.53727
37.03635	-88.53688
37.03627	-88.5368
37.03609	-88.53661
37.03601	-88.53653
37.03592	-88.53643
37.03588	-88.53639
37.03583	-88.53635
37.03579	-88.53631
37.03575	-88.53627
37.03566	-88.53619
37.03559	-88.53613
37.03558	-88.53612
37.03536	-88.53594
37.03528	-88.53588
37.03516	-88.53579
37.03509	-88.53575
37.03501	-88.5357
37.03495	-88.53566
37.03486	-88.53561
37.03477	-88.53558
37.0347	-88.53554
37.03454	-88.53547
37.03437	-88.5354
37.03419	-88.53533
37.03384	-88.53519
37.0335	-88.53507
37.03333	-88.53501
37.0333349	-88.5350083
37.03271	-88.53477
37.03246	-88.53468
37.03231	-88.53464
37.03201	-88.53453
37.03176	-88.53444
37.03158	-88.53437
37.03125	-88.53425
37.03108	-88.53419
37.03105	-88.53418
37.03065	-88.53404
37.03018	-88.53386
37.02961	-88.53365
37.02927	-88.53353
37.029	-88.53342
37.0288	-88.53333
37.02848	-88.53322
37.02815	-88.5331
37.02797	-88.53304
37.02788	-88.533
37.02752	-88.53288
37.02717	-88.53275
37.027	-88.53269
37.02676	-88.53261
37.02648	-88.53251
37.02644	-88.53249
37.02613	-88.53237
37.02592	-88.5323
37.02571	-88.53222
37.0254	-88.53211
37.02509	-88.53199
37.02478	-88.53187
37.02476	-88.53187
37.02457	-88.53179
37.02428	-88.53169
37.02394	-88.53156
37.02372	-88.53148
37.02353	-88.5314
37.02338	-88.53133
37.0233	-88.53128
37.02324	-88.53124
37.0232	-88.53121
37.02314	-88.53118
37.02299	-88.53106
37.0228	-88.53093
37.02268	-88.53084
37.02241	-88.53061
37.02228	-88.53046
37.02214	-88.5303
37.02185	-88.52995
37.02156	-88.52954
37.02126	-88.52917
37.02101	-88.52886
37.02085	-88.52867
37.02078	-88.5286
37.02076	-88.52857
37.02068	-88.52849
37.02065	-88.52845
37.0206	-88.5284
37.0205	-88.52832
37.02041	-88.52823
37.02036	-88.52819
37.02034	-88.52817
37.02023	-88.52809
37.02013	-88.52802
37.02004	-88.52797
37.02003	-88.52796
37.01988	-88.52787
37.01983	-88.52785
37.01943	-88.52763
37.01909	-88.52744
37.01863	-88.52717
37.01847	-88.52707
37.01833	-88.52698
37.01805	-88.52679
37.01775	-88.52659
37.01756	-88.52645
37.01734	-88.52629
37.0171	-88.5261
37.01682	-88.52587
37.01646	-88.52556
37.01625	-88.52537
37.01615	-88.52528
37.0161	-88.52524
37.016	-88.52514
37.01585	-88.52499
37.01575	-88.5249
37.01559	-88.52474
37.01546	-88.5246
37.01534	-88.52447
37.01507	-88.52419
37.01476	-88.52383
37.01454	-88.52357
37.0144	-88.52341
37.01422	-88.52318
37.01408	-88.523
37.01368	-88.52246
37.01347	-88.52215
37.01332	-88.52193
37.01309	-88.52156
37.01292	-88.52129
37.01285	-88.52118
37.01278	-88.52107
37.01274	-88.521
37.01264	-88.52082
37.01247	-88.52051
37.01236	-88.52031
37.01217	-88.51994
37.01203	-88.51968
37.0118	-88.51919
37.01166	-88.51889
37.0115	-88.51852
37.01141	-88.51829
37.01133	-88.51809
37.01131	-88.51803
37.01112	-88.51754
37.01094	-88.51704
37.01077	-88.51652
37.01068	-88.51624
37.01062	-88.51601
37.01048	-88.5155
37.0104	-88.51523
37.01031	-88.51484
37.01024	-88.51452
37.01022	-88.51445
37.01014	-88.51405
37.01004	-88.51352
37.00999	-88.51321
37.00995	-88.51298
37.00985	-88.51232
37.00973	-88.51139
37.00966	-88.51085
37.00943	-88.50912
37.009431	-88.5091153
37.00931	-88.50891
37.00929	-88.50887
37.00926	-88.50883
37.00923	-88.50877
37.00919	-88.50872
37.00916	-88.50869
37.00914	-88.50865
37.00912	-88.50863
37.0091	-88.50861
37.00907	-88.50859
37.00905	-88.50857
37.00903	-88.50855
37.009	-88.50853
37.00881	-88.5084
37.00774	-88.50813
37.00695	-88.50794
37.00658	-88.50785
37.00546	-88.50757
37.0043	-88.50729
37.00394	-88.50721
37.00372	-88.50716
37.00351	-88.50712
37.0034	-88.5071
37.00324	-88.50706
37.0032	-88.50706
37.003	-88.50702
37.0028	-88.50699
37.0026	-88.50696
37.00245	-88.50694
37.0023	-88.50692
37.00174	-88.50686
37.00156	-88.50683
37.00114	-88.50679
37.001	-88.50678
37.00081	-88.50676
37.00038	-88.50671
36.99995	-88.50667
36.99959	-88.50663
36.99951	-88.50662
36.99941	-88.50661
36.99896	-88.50656
36.99809	-88.50646
36.99634	-88.50627
36.99597	-88.50623
36.9953	-88.50617
36.9948	-88.50612
36.99472	-88.50612
36.99462	-88.50611
36.99458	-88.5061
36.99408	-88.50603
36.99349	-88.50595
36.9934871	-88.505952
36.9935	-88.50576
36.9935	-88.50565
36.9935	-88.50559
36.99351	-88.50547
36.99355	-88.50536
36.99364	-88.50504
36.99378	-88.50457
36.9941	-88.50345
36.99428	-88.50282
36.99442	-88.50235
36.99458	-88.5018
36.99461	-88.50168
36.9947	-88.50137
36.99477	-88.50112
36.99487	-88.5007
36.99487	-88.50068
36.9949	-88.50055
36.99491	-88.50043
36.99492	-88.50037
36.99494	-88.50026
36.99495	-88.50021
36.99495	-88.5002
36.99502	-88.5001
36.99503	-88.49983
36.99504	-88.4996
36.99504	-88.49959
36.99505	-88.49933
36.99505	-88.49917
36.99505	-88.4988
36.99505	-88.49862
36.99505	-88.49851
36.99505	-88.49849
36.99505	-88.49838
36.99505	-88.49824
36.99504	-88.49809
36.99504	-88.49802
36.99504	-88.49796
36.99504	-88.49784
36.99503	-88.4977
36.99503	-88.49756
36.99502	-88.49742
36.99502	-88.49729
36.99501	-88.49716
36.995	-88.49701
36.995	-88.49688
36.99499	-88.49674
36.99499	-88.49661
36.99498	-88.49648
36.99498	-88.49634
36.99497	-88.4962
36.99496	-88.49607
36.99496	-88.49594
36.99496	-88.49593
36.99495	-88.4958
36.99495	-88.49567
36.99494	-88.49553
36.99493	-88.49539
36.99493	-88.49525
36.99492	-88.49512
36.99492	-88.49498
36.99491	-88.49485
36.9949	-88.49471
36.9949	-88.49458
36.99489	-88.49444
36.99489	-88.4943
36.99488	-88.49417
36.99487	-88.49404
36.99487	-88.49391
36.99487	-88.4939
36.99486	-88.49376
36.99485	-88.49363
36.99485	-88.49349
36.99484	-88.49336
36.99484	-88.49322
36.99482	-88.49295
36.99482	-88.49281
36.99481	-88.49268
36.9948	-88.49254
36.9948	-88.49241
36.99479	-88.49227
36.99478	-88.49214
36.99478	-88.492
36.99477	-88.49187
36.99477	-88.49173
36.99476	-88.49166
36.99476	-88.49159
36.99475	-88.49146
36.99475	-88.49144
36.99475	-88.49133
36.99474	-88.49119
36.99474	-88.49106
36.99473	-88.49092
36.99472	-88.49078
36.99472	-88.49065
36.99471	-88.49051
36.99471	-88.49038
36.9947	-88.49024
36.99469	-88.4901
36.99469	-88.48997
36.99468	-88.48983
36.99468	-88.4897
36.99467	-88.48957
36.99466	-88.48943
36.99466	-88.48929
36.99465	-88.48916
36.99464	-88.48902
36.99464	-88.48889
36.99463	-88.48875
36.99463	-88.48861
36.99462	-88.48851
36.99462	-88.48848
36.99461	-88.48834
36.99461	-88.48821
36.9946	-88.48807
36.9946	-88.48794
36.99459	-88.4878
36.99458	-88.48767
36.99458	-88.48753
36.99457	-88.48739
36.99457	-88.48726
36.99456	-88.48712
36.99455	-88.48699
36.99455	-88.48685
36.99454	-88.48672
36.99454	-88.48658
36.99453	-88.48644
36.99452	-88.48632
36.99452	-88.48617
36.9945	-88.48578
36.99449	-88.48563
36.99449	-88.4855
36.99448	-88.48536
36.99447	-88.48522
36.99447	-88.48509
36.99446	-88.48495
36.99446	-88.48482
36.99445	-88.48468
36.99444	-88.48455
36.99444	-88.48442
36.99443	-88.48428
36.99442	-88.48414
36.99442	-88.48401
36.99441	-88.48387
36.99441	-88.48374
36.9944	-88.4836
36.9944	-88.48346
36.99439	-88.48333
36.99438	-88.4832
36.99438	-88.48306
36.99437	-88.48292
36.99436	-88.48279
36.99436	-88.48265
36.99435	-88.48251
36.99435	-88.48238
36.99434	-88.48224
36.99433	-88.48211
36.99433	-88.48197
36.99432	-88.48184
36.99432	-88.4817
36.99431	-88.48157
36.99431	-88.48155
36.9943	-88.48143
36.9943	-88.4813
36.99429	-88.48116
36.99428	-88.48103
36.99428	-88.48089
36.99427	-88.48075
36.99427	-88.48062
36.99426	-88.48048
36.99425	-88.48021
36.99425	-88.4802
36.99424	-88.48008
36.99424	-88.47994
36.99423	-88.4798
36.99422	-88.47967
36.99422	-88.47954
36.99421	-88.4794
36.9942	-88.47927
36.9942	-88.47913
36.99416	-88.47819
36.99414	-88.47778
36.99413	-88.47755
36.99412	-88.47736
36.9941	-88.47688
36.99409	-88.47665
36.99407	-88.47626
36.99405	-88.47591
36.99403	-88.47545
36.99401	-88.47493
36.99398	-88.4743
36.99396	-88.47373
36.99394	-88.47328
36.99392	-88.47283
36.99389	-88.47225
36.99388	-88.47192
36.99387	-88.47174
36.99381	-88.47051
36.99378	-88.46988
36.99377	-88.46965
36.99376	-88.46927
36.99373	-88.46879
36.99373	-88.46875
36.9937	-88.46815
36.9937	-88.468
36.99368	-88.46764
36.99366	-88.46705
36.99364	-88.46672
36.99364	-88.46663
36.99361	-88.46613
36.99357	-88.4651
36.99355	-88.46474
36.99351	-88.46394
36.99348	-88.46323
36.99348	-88.46317
36.99346	-88.46272
36.99341	-88.46159
36.9934	-88.46143
36.99333	-88.45976
36.9933	-88.45919
36.99329	-88.45898
36.99328	-88.45879
36.99327	-88.45841
36.99326	-88.45819
36.99324	-88.45775
36.99321	-88.45719
36.99319	-88.45678
36.99317	-88.45627
36.99315	-88.45583
36.99313	-88.45541
36.99311	-88.45501
36.9931	-88.45472
36.9931	-88.45464
36.99308	-88.45424
36.99307	-88.45391
36.99305	-88.45352
36.99303	-88.4532
36.99302	-88.45301
36.99292	-88.4508
36.9929	-88.45025
36.99288	-88.44985
36.99288	-88.44984
36.99286	-88.44936
36.99284	-88.44899
36.99283	-88.44866
36.9928	-88.44795
36.99276	-88.44727
36.99275	-88.44688
36.99273	-88.44659
36.9927	-88.44595
36.99269	-88.44564
36.99268	-88.44538
36.99266	-88.44497
36.99265	-88.44471
36.99264	-88.44462
36.99262	-88.44406
36.99259	-88.44346
36.99258	-88.4432
36.99245	-88.44038
36.99244	-88.44018
36.99243	-88.43995
36.99241	-88.43952
36.99239	-88.43908
36.99238	-88.43878
36.99238	-88.43874
36.99236	-88.43834
36.99234	-88.43781
36.99232	-88.43737
36.9923	-88.43698
36.99229	-88.43671
36.99227	-88.43644
36.99224	-88.43564
36.99221	-88.43497
36.9922	-88.43481
36.99217	-88.43418
36.99216	-88.43382
36.99214	-88.43345
36.99213	-88.43307
36.99213	-88.43295
36.99212	-88.43275
36.99211	-88.4323
36.99211	-88.43225
36.9921	-88.43169
36.99209	-88.4313
36.99209	-88.43102
36.99208	-88.43064
36.99208	-88.43036
36.99208	-88.43021
36.99208	-88.42982
36.99208	-88.42952
36.99209	-88.42884
36.99209	-88.42844
36.9921	-88.42737
36.9921	-88.42676
36.9921	-88.42669
36.9921	-88.42627
36.9921	-88.42558
36.99211	-88.42519
36.99211	-88.42463
36.99211	-88.42395
36.99212	-88.4234
36.99212	-88.42261
36.99212	-88.42178
36.99212	-88.42114
36.99212	-88.421
36.99212	-88.42077
36.99212	-88.4205
36.99211	-88.42014
36.9921	-88.41988
36.99209	-88.4193
36.99208	-88.4189
36.99208	-88.4188
36.99207	-88.41854
36.99205	-88.41817
36.99204	-88.41781
36.99202	-88.41745
36.99201	-88.4171
36.99197	-88.4161
36.99196	-88.41572
36.99195	-88.41553
36.99192	-88.41487
36.99191	-88.41448
36.99188	-88.41383
36.99186	-88.41337
36.99183	-88.41256
36.99182	-88.41234
36.9918	-88.41175
36.99179	-88.41156
36.99178	-88.41139
36.99177	-88.41104
36.99176	-88.41066
36.99174	-88.41018
36.9917	-88.40925
36.99167	-88.40862
36.99165	-88.40792
36.99163	-88.40754
36.9916	-88.40687
36.99159	-88.40642
36.99156	-88.40574
36.99153	-88.40492
36.9915	-88.40437
36.99149	-88.40414
36.99148	-88.40379
36.99146	-88.40338
36.99144	-88.40275
36.9914	-88.40161
36.99138	-88.40132
36.99137	-88.40105
36.99137	-88.40092
36.99135	-88.40063
36.99135	-88.40053
36.99135	-88.4005
36.99134	-88.40037
36.99134	-88.40024
36.99133	-88.39996
36.99131	-88.39955
36.9913	-88.39928
36.99127	-88.39847
36.99126	-88.39828
36.99125	-88.39792
36.99123	-88.39754
36.99123	-88.39738
36.99122	-88.39727
36.99122	-88.39724
36.99121	-88.39697
36.9912	-88.3967
36.99119	-88.3963
36.99118	-88.39616
36.99118	-88.39615
36.99117	-88.39602
36.99117	-88.39589
36.99116	-88.39576
36.99116	-88.39562
36.99115	-88.39548
36.99115	-88.39535
36.99114	-88.39522
36.99114	-88.39508
36.99113	-88.39498
36.99113	-88.39481
36.99112	-88.39468
36.99112	-88.39454
36.9911	-88.39413
36.99109	-88.39398
36.99109	-88.39386
36.99108	-88.39372
36.99107	-88.39345
36.99107	-88.39331
36.99106	-88.39304
36.99105	-88.39277
36.99104	-88.39249
36.99103	-88.39236
36.99103	-88.39228
36.99102	-88.39222
36.99102	-88.39214
36.99102	-88.39205
36.99101	-88.39195
36.99101	-88.39182
36.991	-88.39168
36.991	-88.39154
36.99099	-88.39127
36.99098	-88.39115
36.99098	-88.39112
36.99098	-88.391
36.99097	-88.39093
36.99097	-88.39085
36.99096	-88.39059
36.99095	-88.39032
36.99095	-88.39025
36.99094	-88.39018
36.99094	-88.39006
36.99094	-88.39003
36.99093	-88.38992
36.99092	-88.3895
36.9909	-88.38909
36.99089	-88.38883
36.99088	-88.38856
36.99087	-88.38842
36.99087	-88.38824
36.99086	-88.38802
36.99084	-88.38761
36.99084	-88.38747
36.99083	-88.3872
36.99082	-88.38693
36.99081	-88.38679
36.99081	-88.38665
36.9908	-88.38639
36.99078	-88.38598
36.99077	-88.38575
36.99075	-88.38533
36.99075	-88.38516
36.99074	-88.38508
36.99074	-88.38504
36.99073	-88.38475
36.99071	-88.38435
36.99068	-88.38353
36.99064	-88.38259
36.99064	-88.38245
36.99063	-88.3822
36.99062	-88.38205
36.99059	-88.38145
36.99057	-88.38081
36.99056	-88.38061
36.99054	-88.38027
36.99054	-88.38009
36.99053	-88.37993
36.99052	-88.37981
36.99051	-88.37958
36.9905	-88.3792
36.99049	-88.37897
36.99047	-88.3785
36.99045	-88.37809
36.99044	-88.37782
36.99044	-88.37769
36.99042	-88.37744
36.99042	-88.37729
36.99042	-88.37722
36.9904	-88.37688
36.99038	-88.37633
36.99037	-88.37609
36.99036	-88.37594
36.99034	-88.37549
36.99031	-88.37454
36.9903	-88.37448
36.99028	-88.37406
36.99028	-88.37385
36.99027	-88.37369
36.99024	-88.37307
36.99023	-88.3728
36.99023	-88.37272
36.99022	-88.37254
36.99021	-88.37229
36.99019	-88.37172
36.99019	-88.37161
36.99018	-88.37146
36.99017	-88.37128
36.99014	-88.37049
36.99012	-88.3701
36.99011	-88.36986
36.99011	-88.36969
36.9901	-88.36941
36.99008	-88.36902
36.99007	-88.36872
36.99006	-88.36856
36.99005	-88.36833
36.99004	-88.36803
36.99003	-88.36777
36.99003	-88.3677
36.99002	-88.36752
36.99001	-88.36726
36.99001	-88.36711
36.99	-88.36694
36.98999	-88.36667
36.98997	-88.36627
36.98995	-88.3657
36.98994	-88.36556
36.98992	-88.36505
36.98991	-88.36482
36.98989	-88.36429
36.98986	-88.36342
36.98986	-88.36336
36.98984	-88.36288
36.98984	-88.36273
36.98982	-88.36222
36.98982	-88.36219
36.98981	-88.36208
36.98981	-88.36195
36.9898	-88.36181
36.9898	-88.36167
36.98979	-88.36154
36.98978	-88.3614
36.98978	-88.36127
36.98977	-88.36099
36.98976	-88.36086
36.98976	-88.36072
36.98975	-88.36058
36.98975	-88.36045
36.98974	-88.36031
36.98973	-88.36017
36.98973	-88.3601
36.98973	-88.36004
36.98972	-88.35988
36.98972	-88.35976
36.98971	-88.35963
36.98971	-88.3595
36.9897	-88.35937
36.9897	-88.35923
36.98969	-88.3592
36.98969	-88.35909
36.98967	-88.35853
36.98965	-88.35814
36.98964	-88.35787
36.98964	-88.35773
36.98964	-88.3576
36.98963	-88.35746
36.98963	-88.35733
36.98963	-88.35719
36.98963	-88.35704
36.98963	-88.35677
36.98963	-88.35665
36.98964	-88.3565
36.98964	-88.35637
36.98964	-88.35624
36.98965	-88.3561
36.98965	-88.35596
36.98966	-88.35583
36.98967	-88.35569
36.98968	-88.35555
36.98969	-88.35543
36.98969	-88.35529
36.98971	-88.35513
36.98972	-88.355
36.98973	-88.35487
36.98974	-88.35473
36.98976	-88.3546
36.98977	-88.35448
36.98979	-88.35432
36.98981	-88.35405
36.98984	-88.35383
36.9899	-88.35323
36.98991	-88.3531
36.98996	-88.35269
36.98999	-88.35242
36.98999	-88.3524
36.99005	-88.35187
36.99008	-88.3516
36.99011	-88.35132
36.99011	-88.35129
36.99018	-88.35064
36.99019	-88.3505
36.99021	-88.3504
36.99022	-88.35024
36.99024	-88.3501
36.99027	-88.34983
36.99028	-88.34973
36.99028	-88.3497
36.9903	-88.34955
36.99032	-88.34929
36.99034	-88.34915
36.99035	-88.349
36.9904	-88.3486
36.99042	-88.34839
36.99047	-88.34793
36.9905	-88.34765
36.99051	-88.34757
36.99054	-88.34724
36.99058	-88.34692
36.99059	-88.3468
36.99062	-88.34653
36.99063	-88.3464
36.99066	-88.34613
36.99067	-88.34601
36.99069	-88.34586
36.9907	-88.34573
36.99072	-88.34559
36.99073	-88.34546
36.99074	-88.34533
36.99075	-88.34519
36.99076	-88.34506
36.99077	-88.34492
36.99078	-88.34479
36.99079	-88.34465
36.9908	-88.34451
36.99081	-88.34438
36.99081	-88.34424
36.99082	-88.34411
36.99082	-88.34398
36.99084	-88.34366
36.99084	-88.34352
36.99084	-88.34346
36.99084	-88.34339
36.99085	-88.34326
36.99085	-88.34313
36.99085	-88.34299
36.99085	-88.34286
36.99085	-88.34272
36.99086	-88.34259
36.99086	-88.34246
36.99086	-88.34231
36.99086	-88.34218
36.99086	-88.34204
36.99087	-88.3419
36.99087	-88.34177
36.99087	-88.34163
36.99087	-88.34151
36.99087	-88.3415
36.99087	-88.34141
36.99087	-88.34137
36.99087	-88.34127
36.99087	-88.34123
36.99088	-88.3411
36.99088	-88.34096
36.99088	-88.34082
36.99089	-88.34073
36.99089	-88.34055
36.9909	-88.34041
36.99091	-88.34028
36.99092	-88.34014
36.99093	-88.34001
36.99094	-88.33987
36.99096	-88.33975
36.99097	-88.33962
36.99099	-88.33948
36.99101	-88.33934
36.99103	-88.33921
36.99105	-88.33908
36.99107	-88.33895
36.9911	-88.33881
36.99112	-88.33867
36.99115	-88.33854
36.99118	-88.33841
36.9912	-88.33828
36.99132	-88.33782
36.99137	-88.33763
36.99141	-88.33751
36.99144	-88.33738
36.99148	-88.33725
36.99152	-88.33712
36.99157	-88.337
36.99161	-88.33688
36.99162	-88.33684
36.9917	-88.33662
36.99175	-88.3365
36.99179	-88.33638
36.99184	-88.33626
36.99189	-88.33614
36.99195	-88.33602
36.99199	-88.33593
36.992	-88.3359
36.99205	-88.33579
36.99211	-88.33567
36.99216	-88.33555
36.99222	-88.33544
36.99228	-88.33532
36.99234	-88.33521
36.9924	-88.3351
36.99247	-88.33499
36.99253	-88.33488
36.99259	-88.33477
36.99266	-88.33466
36.99272	-88.33455
36.99279	-88.33444
36.99286	-88.33434
36.99293	-88.33423
36.993	-88.33413
36.99307	-88.33403
36.99312	-88.33397
36.99315	-88.33393
36.99322	-88.33383
36.99329	-88.33373
36.99337	-88.33363
36.99345	-88.33354
36.99353	-88.33344
36.99356	-88.3334
36.9936	-88.33335
36.99368	-88.33326
36.99376	-88.33317
36.99393	-88.33299
36.99401	-88.3329
36.9941	-88.33281
36.99418	-88.33273
36.99427	-88.33265
36.99435	-88.33256
36.99444	-88.33248
36.99452	-88.33241
36.99453	-88.3324
36.99461	-88.33232
36.9947	-88.33224
36.99479	-88.33216
36.99488	-88.33208
36.99496	-88.332
36.99505	-88.33192
36.99514	-88.33184
36.99515	-88.33183
36.99523	-88.33176
36.9953	-88.3317
36.99532	-88.33168
36.99539	-88.33161
36.9954	-88.3316
36.99566	-88.33136
36.99575	-88.33128
36.99584	-88.3312
36.99588	-88.33116
36.99593	-88.33112
36.99601	-88.33104
36.9961	-88.33095
36.99618	-88.33088
36.99619	-88.33087
36.99627	-88.33079
36.99636	-88.33071
36.99645	-88.33063
36.99662	-88.33046
36.99671	-88.33038
36.99679	-88.3303
36.99686	-88.33024
36.99688	-88.33022
36.99697	-88.33014
36.99705	-88.33006
36.99714	-88.32998
36.99723	-88.3299
36.99731	-88.32981
36.9974	-88.32973
36.99754	-88.3296
36.99801	-88.32916
36.9981	-88.32908
36.99827	-88.32892
36.9987	-88.32852
36.99879	-88.32843
36.99888	-88.32835
36.99897	-88.32827
36.99905	-88.32819
36.99914	-88.32812
36.99923	-88.32803
36.99932	-88.32795
36.9994	-88.32787
36.99945	-88.32783
36.99949	-88.32779
36.99958	-88.32772
36.99966	-88.32764
36.99975	-88.32756
36.9998	-88.32751
36.99984	-88.32748
36.99993	-88.3274
37.00002	-88.32732
37.00028	-88.32708
37.00037	-88.327
37.00046	-88.32692
37.00054	-88.32684
37.00069	-88.32671
37.00081	-88.3266
37.00089	-88.32652
37.00097	-88.32645
37.00127	-88.32616
37.00144	-88.32601
37.0015	-88.32594
37.00159	-88.32586
37.00168	-88.32578
37.00175	-88.32571
37.00185	-88.32562
37.00193	-88.32555
37.00202	-88.32546
37.00211	-88.32539
37.0022	-88.3253
37.00229	-88.32523
37.00237	-88.32515
37.00246	-88.32507
37.00255	-88.32499
37.00265	-88.32489
37.00273	-88.32482
37.00286	-88.3247
37.00294	-88.32463
37.00302	-88.32455
37.00309	-88.32449
37.0031	-88.32448
37.00318	-88.32441
37.00332	-88.32428
37.0034	-88.3242
37.00349	-88.32412
37.00358	-88.32404
37.00367	-88.32396
37.00418	-88.32349
37.00429	-88.32339
37.00516	-88.3226
37.00536	-88.32242
37.00563	-88.32216
37.00566	-88.32213
37.00611	-88.32173
37.00668	-88.3212
37.0069	-88.32101
37.00694	-88.32097
37.00721	-88.32073
37.00764	-88.32034
37.00771	-88.32027
37.008	-88.32
37.00808	-88.31993
37.00827	-88.31976
37.00837	-88.31967
37.00846	-88.31959
37.00861	-88.31945
37.00873	-88.31933
37.00882	-88.31925
37.00891	-88.31916
37.00901	-88.31906
37.00917	-88.3189
37.00926	-88.31881
37.00935	-88.31871
37.00938	-88.31868
37.00952	-88.31853
37.00961	-88.31844
37.00971	-88.31832
37.00979	-88.31824
37.00985	-88.31816
37.01002	-88.31796
37.01017	-88.31778
37.01027	-88.31767
37.01035	-88.31756
37.01052	-88.31734
37.01066	-88.31716
37.01073	-88.31706
37.01082	-88.31694
37.01089	-88.31685
37.01089	-88.31684
37.01097	-88.31673
37.01104	-88.31664
37.01108	-88.31658
37.01119	-88.31642
37.01133	-88.3162
37.01139	-88.31612
37.01148	-88.31598
37.01162	-88.31575
37.01166	-88.31568
37.01176	-88.31552
37.01195	-88.31519
37.01204	-88.31504
37.01208	-88.31495
37.01222	-88.31471
37.01227	-88.3146
37.01238	-88.31441
37.01246	-88.31425
37.01253	-88.31411
37.01261	-88.31394
37.01262	-88.31393
37.01275	-88.31366
37.01287	-88.3134
37.01287	-88.31339
37.01303	-88.31303
37.01313	-88.3128
37.01315	-88.31275
37.01328	-88.31241
37.01339	-88.31213
37.01348	-88.31188
37.01357	-88.31163
37.01367	-88.31136
37.01378	-88.31102
37.01383	-88.31083
37.01391	-88.31057
37.01399	-88.3103
37.01406	-88.31004
37.01414	-88.30976
37.01423	-88.30937
37.01427	-88.30922
37.0143	-88.3091
37.01437	-88.30874
37.01441	-88.30855
37.01448	-88.3082
37.01449	-88.30816
37.01452	-88.30798
37.01467	-88.3072
37.01469	-88.3071
37.01473	-88.30688
37.01477	-88.30666
37.01481	-88.30642
37.01484	-88.30626
37.01489	-88.30602
37.015	-88.30543
37.01502	-88.30529
37.01504	-88.30521
37.01516	-88.30455
37.01517	-88.30449
37.01521	-88.30429
37.01526	-88.30402
37.01546	-88.30297
37.01551	-88.30268
37.01556	-88.30242
37.01558	-88.30227
37.01567	-88.30184
37.01571	-88.30162
37.01576	-88.30135
37.01578	-88.3012
37.01589	-88.30063
37.01593	-88.30044
37.01596	-88.3003
37.01598	-88.3002
37.016	-88.30008
37.01604	-88.29992
37.01605	-88.29989
37.01608	-88.29976
37.0161	-88.29966
37.01617	-88.29939
37.01625	-88.2991
37.01628	-88.299
37.01632	-88.29887
37.01639	-88.29863
37.01648	-88.29837
37.01658	-88.29808
37.01661	-88.29799
37.0167	-88.29775
37.01677	-88.29757
37.01681	-88.29748
37.01688	-88.2973
37.01694	-88.29717
37.01708	-88.29683
37.01713	-88.29672
37.0172	-88.29659
37.0173	-88.29638
37.01735	-88.29627
37.01741	-88.29617
37.01752	-88.29596
37.01771	-88.29561
37.01779	-88.29545
37.01788	-88.29531
37.01791	-88.29526
37.018	-88.29512
37.01815	-88.29488
37.01822	-88.29477
37.01828	-88.29467
37.01836	-88.29456
37.01843	-88.29446
37.01851	-88.29435
37.01856	-88.29428
37.0187	-88.2941
37.01881	-88.29394
37.01898	-88.29375
37.01909	-88.29361
37.01913	-88.29356
37.01951	-88.29313
37.01955	-88.29308
37.01977	-88.29282
37.01991	-88.29266
37.01995	-88.29262
37.02008	-88.29247
37.02024	-88.29229
37.02077	-88.29168
37.02087	-88.29157
37.02099	-88.29144
37.02104	-88.29138
37.02117	-88.29122
37.02121	-88.29119
37.02137	-88.291
37.02144	-88.29092
37.02153	-88.29082
37.0218	-88.29051
37.02189	-88.29041
37.02194	-88.29035
37.02211	-88.29016
37.02219	-88.29007
37.02235	-88.28988
37.02259	-88.28961
37.02267	-88.28952
37.02275	-88.28943
37.0228	-88.28938
37.0229	-88.28926
37.02329	-88.28881
37.02365	-88.2884
37.02389	-88.28813
37.02416	-88.28782
37.02419	-88.28779
37.0245	-88.28743
37.02455	-88.28738
37.02477	-88.28713
37.02495	-88.28692
37.02516	-88.28667
37.02526	-88.28656
37.0253	-88.28652
37.02609	-88.28561
37.02614	-88.28555
37.02623	-88.28546
37.02658	-88.28505
37.02676	-88.28485
37.02689	-88.2847
37.02716	-88.28439
37.02742	-88.28409
37.02765	-88.28383
37.02793	-88.28351
37.02822	-88.28318
37.02881	-88.28251
37.02999	-88.28116
37.0305	-88.28058
37.031	-88.28001
37.03151	-88.27942
37.03157	-88.27936
37.03191	-88.27897
37.0331	-88.27761
37.03312	-88.27759
37.03342	-88.27725
37.03439	-88.27614
37.03534	-88.27506
37.03543	-88.27495
37.03557	-88.27479
37.03592	-88.27439
37.03633	-88.27391
37.03641	-88.27381
37.03649	-88.27372
37.03655	-88.27365
37.03659	-88.27361
37.03692	-88.27321
37.03701	-88.2731
37.03732	-88.27271
37.03741	-88.27259
37.0377	-88.27222
37.03792	-88.27193
37.03824	-88.27151
37.0382431	-88.2715073
37.03823	-88.27141
37.03827	-88.27135
37.03839	-88.27113
37.03846	-88.271
37.03858	-88.27078
37.03865	-88.27064
37.03877	-88.27039
37.03878	-88.27035
37.03882	-88.27025
37.0389	-88.27008
37.03911	-88.26953
37.03911	-88.26952
37.03914	-88.26942
37.03918	-88.26931
37.03924	-88.26912
37.03931	-88.26889
37.0394	-88.26852
37.03953	-88.26805
37.0395305	-88.2680475
37.03943	-88.268
37.0391	-88.26785
37.03897	-88.26779
37.0389	-88.26775
37.03823	-88.26743
37.0378	-88.26722
37.03755	-88.2671
37.03715	-88.26692
37.03673	-88.26671
37.03642	-88.26655
37.03626	-88.26647
37.03561	-88.26614
37.03459	-88.26564
37.03429	-88.26549
37.03383	-88.26529
37.03301	-88.26489
37.03275	-88.26478
37.03244	-88.26463
37.03226	-88.26454
37.03205	-88.26442
37.03185	-88.26429
37.03176	-88.26423
37.03145	-88.26404
37.03133	-88.26396
37.03098	-88.26371
37.03069	-88.2635
37.03057	-88.26341
37.03044	-88.26331
37.03022	-88.26315
37.02999	-88.26297
37.02967	-88.26271
37.02952	-88.26258
37.02936	-88.26243
37.02914	-88.26224
37.02913	-88.26224
37.02887	-88.262
37.02878	-88.2619
37.02861	-88.26173
37.02844	-88.26155
37.02822	-88.2613
37.02817	-88.26125
37.02808	-88.26115
37.02795	-88.261
37.02773	-88.26073
37.02754	-88.2605
37.02735	-88.26027
37.02733	-88.26024
37.02732	-88.26023
37.0272	-88.26007
37.02714	-88.26
37.02699	-88.25979
37.02673	-88.25945
37.02658	-88.25925
37.02651	-88.25915
37.02649	-88.25912
37.02645	-88.25908
37.02626	-88.25884
37.02612	-88.25867
37.02569	-88.25813
37.0256916	-88.2581271
37.02552	-88.25803
37.02526	-88.25776
37.02511	-88.25761
37.02505	-88.25754
37.02497	-88.25746
37.02481	-88.25728
37.0247	-88.25717
37.02463	-88.25709
37.02456	-88.25702
37.02449	-88.25695
37.02442	-88.25688
37.0244	-88.25687
37.02434	-88.25681
37.02427	-88.25676
37.02423	-88.25672
37.02412	-88.25664
37.02403	-88.25658
37.02394	-88.25652
37.02384	-88.25645
37.02373	-88.25639
37.02358	-88.25631
37.02347	-88.25625
37.02338	-88.2562
37.02319	-88.2561
37.02302	-88.25608
37.0230168	-88.2560772
37.0230168	-88.2560772
37.02284	-88.2563
37.0228	-88.25635
37.02257	-88.25661
37.02228	-88.25698
37.0222	-88.25707
37.02211	-88.25719
37.02188	-88.25747
37.02182	-88.25754
37.02181	-88.25754
37.02158	-88.25783
37.02142	-88.25801
37.02108	-88.2584
37.02092	-88.25859
37.02083	-88.2587
37.02077	-88.25878
37.02071	-88.25886
37.02061	-88.25901
37.02053	-88.25915
37.02047	-88.25924
37.02039	-88.25937
37.0203	-88.25954
37.02022	-88.25971
37.02013	-88.25988
37.02005	-88.26011
37.01999	-88.26027
37.01998	-88.26031
37.01995	-88.26039
37.01989	-88.26058
37.01981	-88.26083
37.01979	-88.26092
37.01977	-88.261
37.01973	-88.26116
37.01969	-88.26135
37.01966	-88.26155
37.01966	-88.26157
37.01964	-88.26176
37.01962	-88.26191
37.01962	-88.26196
37.01961	-88.26219
37.0196	-88.2625
37.01961	-88.26266
37.01961	-88.26291
37.01961	-88.26315
37.0196	-88.26344
37.01961	-88.26395
37.0196	-88.26465
37.0196	-88.26613
37.01958	-88.26632
37.01958	-88.26633
37.01958	-88.26664
37.01958	-88.26691
37.01957	-88.26733
37.01956	-88.26746
37.01955	-88.26755
37.01955	-88.26763
37.01954	-88.2677
37.01952	-88.26783
37.01951	-88.26787
37.0195	-88.26793
37.01948	-88.26802
37.01946	-88.26808
37.01944	-88.26815
37.01942	-88.2682
37.0194	-88.26826
37.01937	-88.26834
37.01933	-88.26843
37.01931	-88.26848
37.01927	-88.26856
37.01923	-88.26862
37.0192	-88.26868
37.01918	-88.26871
37.01917	-88.26872
37.01911	-88.26881
37.01908	-88.26886
37.01906	-88.26889
37.01904	-88.26892
37.01897	-88.269
37.01893	-88.26905
37.01892	-88.26906
37.01886	-88.26913
37.01878	-88.26921
37.01864	-88.26934
37.01849	-88.26948
37.01835	-88.26961
37.0182	-88.26975
37.01806	-88.26988
37.01785	-88.27008
37.01777	-88.27016
37.01763	-88.27029
37.01749	-88.27043
37.0172	-88.27071
37.01706	-88.27084
37.01692	-88.27098
37.01683	-88.27107
37.01678	-88.27112
37.01663	-88.27126
37.01649	-88.27139
37.01635	-88.27153
37.01621	-88.27167
37.01606	-88.2718
37.01534	-88.2725
37.01492	-88.2729
37.01478	-88.27304
37.01464	-88.27318
37.01421	-88.27359
37.01406	-88.27372
37.01385	-88.27393
37.01364	-88.27414
37.01349	-88.27427
37.01335	-88.27441
37.01321	-88.27455
37.01307	-88.27469
37.01293	-88.27482
37.01278	-88.27496
37.01264	-88.2751
37.0125	-88.27524
37.01236	-88.27538
37.01221	-88.27551
37.01193	-88.27579
37.01192	-88.2758
37.01177	-88.27594
37.01128	-88.2764
37.01106	-88.27661
37.01077	-88.27688
37.01063	-88.27702
37.01053	-88.27711
37.01046	-88.27721
37.01006	-88.2776
37.00997	-88.27769
37.00961	-88.27804
37.00941	-88.27824
37.00931	-88.27834
37.00926	-88.27838
37.0089	-88.27872
37.00885	-88.27876
37.00821	-88.2794
37.00768	-88.2799
37.00757	-88.28001
37.0071	-88.28043
37.0068	-88.2807
37.0067	-88.28077
37.00655	-88.28091
37.00637	-88.28108
37.00618	-88.28126
37.00595	-88.28148
37.00572	-88.2817
37.00552	-88.28189
37.00532	-88.28209
37.00516	-88.28224
37.00498	-88.28241
37.00476	-88.28262
37.00469	-88.28268
37.00455	-88.28282
37.00443	-88.28293
37.00426	-88.28309
37.00412	-88.28322
37.00405	-88.28329
37.00364	-88.2837
37.00348	-88.2838
37.00339	-88.28388
37.00333	-88.28394
37.0031	-88.28416
37.0028	-88.28445
37.00271	-88.28458
37.00257	-88.28472
37.00244	-88.28486
37.00236	-88.28495
37.00227	-88.28506
37.00219	-88.28517
37.00215	-88.28523
37.00213	-88.28526
37.00207	-88.28536
37.00204	-88.28541
37.00202	-88.28545
37.00198	-88.28555
37.00195	-88.2856
37.00194	-88.28564
37.00191	-88.28572
37.00189	-88.2858
37.00185	-88.28591
37.00183	-88.28601
37.00181	-88.28611
37.0018	-88.28619
37.00179	-88.28629
37.00178	-88.28637
37.00177	-88.28648
37.00177	-88.28654
37.00177	-88.28664
37.00177	-88.28678
37.00177	-88.28689
37.00178	-88.28723
37.00179	-88.28739
37.00179	-88.28753
37.0018	-88.28762
37.0018	-88.28784
37.00181	-88.28814
37.00183	-88.28873
37.00184	-88.28895
37.00184	-88.28918
37.00186	-88.28963
37.00186	-88.28985
37.00187	-88.29008
37.0019	-88.29058
37.00193	-88.29158
37.00195	-88.29229
37.00196	-88.29293
37.00198	-88.2936
37.002	-88.29428
37.00201	-88.2945
37.00202	-88.29495
37.00203	-88.29518
37.00203	-88.2954
37.00204	-88.29563
37.00209	-88.29719
37.0021	-88.29773
37.00218	-88.3002
37.00219	-88.30043
37.0022	-88.30065
37.00221	-88.30086
37.00221	-88.3011
37.00222	-88.30133
37.00223	-88.30155
37.00224	-88.30178
37.00224	-88.302
37.00225	-88.30223
37.00226	-88.30245
37.00227	-88.30268
37.00227	-88.3029
37.00228	-88.30313
37.00229	-88.30335
37.0023	-88.30358
37.0023	-88.3038
37.00231	-88.30403
37.00232	-88.30425
37.00233	-88.30448
37.00233	-88.3047
37.00234	-88.30493
37.00235	-88.30515
37.00235	-88.30538
37.00239	-88.3065
37.00242	-88.30735
37.00243	-88.30763
37.00245	-88.30803
37.00246	-88.3083
37.00246	-88.30852
37.00246	-88.30853
37.00247	-88.30875
37.0025	-88.30968
37.00251	-88.3101
37.00252	-88.31033
37.00254	-88.311
37.00257	-88.31168
37.00257	-88.3119
37.00259	-88.31235
37.0026	-88.31258
37.00262	-88.31348
37.00263	-88.3137
37.00265	-88.31415
37.00268	-88.31505
37.00273	-88.31666
37.00276	-88.31733
37.00278	-88.31791
37.00278	-88.31793
37.0028	-88.31851
37.00281	-88.31881
37.00281	-88.31886
37.00282	-88.31922
37.00283	-88.31939
37.00283	-88.31951
37.0029	-88.31972
37.00292	-88.32035
37.00301	-88.32264
37.00303	-88.32325
37.00305	-88.32393
37.00306	-88.32412
37.00306	-88.32415
37.00306	-88.32428
37.00307	-88.32438
37.00307	-88.3246
37.00308	-88.32483
37.00309	-88.32505
37.0031	-88.32528
37.00311	-88.32558
37.00315	-88.32685
37.0031512	-88.3268471
37.00303	-88.32682
37.00297	-88.32683
37.00294	-88.32684
37.0029	-88.32685
37.00286	-88.32686
37.00281	-88.32686
37.00275	-88.32686
37.0027	-88.32685
37.00263	-88.32685
37.00235	-88.32683
37.00228	-88.32683
37.00214	-88.32683
37.00203	-88.32683
37.00194	-88.32684
37.00181	-88.32686
37.0018	-88.32686
37.00166	-88.32689
37.00156	-88.32691
37.00142	-88.32694
37.00131	-88.32697
37.0013	-88.32697
37.00128	-88.32698
37.00125	-88.32699
37.00108	-88.32706
37.00091	-88.32714
37.00081	-88.32718
37.00072	-88.32724
37.00069	-88.32725
37.00054	-88.32734
37.00053	-88.32736
37.00038	-88.32747
37.00009	-88.32771
37.00008	-88.32771
36.99994	-88.32774
36.99984	-88.32783
36.99975	-88.32791
36.99966	-88.32799
36.99957	-88.32807
36.9994	-88.32823
36.99938	-88.32824
36.99931	-88.32831
36.99904	-88.32856
36.99887	-88.32872
36.99877	-88.3288
36.9986	-88.32896
36.99807	-88.32944
36.99771	-88.32977
36.99763	-88.32985
36.99754	-88.32993
36.99745	-88.33001
36.99736	-88.33009
36.99728	-88.33017
36.99719	-88.33025
36.9971	-88.33033
36.99701	-88.33042
36.99692	-88.3305
36.99683	-88.33057
36.99651	-88.33087
36.99639	-88.33098
36.9963	-88.33106
36.99621	-88.33114
36.99613	-88.33122
36.99604	-88.3313
36.99595	-88.33138
36.99586	-88.33146
36.99577	-88.33154
36.99568	-88.33162
36.99564	-88.33166
36.99559	-88.3317
36.99551	-88.33179
36.99542	-88.33187
36.99533	-88.33195
36.99525	-88.33202
36.99515	-88.33211
36.99506	-88.33219
36.99505	-88.3322
36.99498	-88.33227
36.99492	-88.33232
36.99489	-88.33235
36.9948	-88.33243
36.99477	-88.33246
36.99475	-88.33248
36.99471	-88.33252
36.99462	-88.3326
36.99453	-88.33269
36.99445	-88.33277
36.99437	-88.33286
36.99428	-88.33295
36.9942	-88.33304
36.99412	-88.33313
36.99404	-88.33322
36.99395	-88.33332
36.99387	-88.33342
36.99379	-88.33352
36.99372	-88.33361
36.99364	-88.33372
36.99357	-88.33382
36.9935	-88.33392
36.99342	-88.33403
36.99335	-88.33413
36.99328	-88.33424
36.99322	-88.33434
36.99315	-88.33446
36.99312	-88.33451
36.99308	-88.33457
36.99302	-88.33468
36.99295	-88.33479
36.99289	-88.3349
36.99283	-88.33502
36.99277	-88.33514
36.99271	-88.33526
36.99266	-88.33538
36.9926	-88.33549
36.99255	-88.33561
36.9925	-88.33574
36.99245	-88.33584
36.99245	-88.33586
36.99243	-88.33588
36.99239	-88.33598
36.99237	-88.33605
36.9923	-88.33623
36.99226	-88.33635
36.99221	-88.33648
36.99217	-88.33661
36.99213	-88.33674
36.99209	-88.33686
36.99205	-88.33699
36.99201	-88.33713
36.9920138	-88.3371252
36.99194	-88.33739
36.99191	-88.33752
36.99188	-88.33765
36.99185	-88.33779
36.99182	-88.33792
36.9918	-88.33806
36.99177	-88.33819
36.99176	-88.33827
36.99173	-88.33845
36.99171	-88.33859
36.99169	-88.33873
36.99167	-88.33887
36.99166	-88.339
36.99164	-88.33914
36.99163	-88.33927
36.99161	-88.33941
36.9916	-88.33955
36.99158	-88.33968
36.99157	-88.33981
36.99155	-88.33995
36.99155	-88.34
36.99154	-88.34009
36.99153	-88.34022
36.99151	-88.34036
36.9915	-88.34049
36.99148	-88.34063
36.99147	-88.34071
36.99147	-88.34077
36.99145	-88.3409
36.99144	-88.34104
36.99142	-88.34117
36.99141	-88.34125
36.99141	-88.34131
36.99139	-88.34145
36.99139	-88.34147
36.99138	-88.34159
36.99136	-88.34172
36.99135	-88.34185
36.99133	-88.34199
36.99132	-88.34216
36.99131	-88.34226
36.99129	-88.3424
36.99128	-88.34253
36.99126	-88.34267
36.99125	-88.3428
36.99123	-88.34294
36.99122	-88.34307
36.9912	-88.34321
36.99119	-88.34336
36.99113	-88.3439
36.99113	-88.34395
36.9911	-88.34417
36.99109	-88.34431
36.99107	-88.34443
36.99107	-88.34444
36.99104	-88.34472
36.991	-88.34512
36.99099	-88.34526
36.99097	-88.3454
36.99096	-88.34553
36.99094	-88.34567
36.99093	-88.3458
36.99091	-88.34594
36.9909	-88.3461
36.99088	-88.34621
36.99085	-88.3465
36.99084	-88.34661
36.99083	-88.34676
36.99081	-88.34689
36.9908	-88.34695
36.99079	-88.34708
36.99078	-88.3472
36.99074	-88.34761
36.99072	-88.34773
36.99069	-88.34806
36.99068	-88.34815
36.99064	-88.34846
36.99063	-88.34855
36.99061	-88.34877
36.9906	-88.34883
36.99056	-88.34923
36.99055	-88.34929
36.99043	-88.35041
36.99043	-88.35044
36.99041	-88.35063
36.99038	-88.35085
36.99037	-88.351
36.99036	-88.35113
36.99032	-88.35141
36.9903	-88.35168
36.99025	-88.35206
36.99019	-88.35264
36.99015	-88.35304
36.99014	-88.35317
36.99012	-88.35336
36.99008	-88.35368
36.99006	-88.3539
36.99004	-88.35411
36.99002	-88.3543
36.99001	-88.35439
36.98997	-88.35473
36.98994	-88.35506
36.98993	-88.3552
36.98992	-88.35534
36.9899	-88.35559
36.9899	-88.3556
36.98989	-88.35587
36.98988	-88.35592
36.98988	-88.35599
36.98987	-88.3562
36.98987	-88.35634
36.98986	-88.35647
36.98986	-88.35661
36.98986	-88.35702
36.98986	-88.35717
36.98986	-88.35746
36.98986	-88.3576
36.98986	-88.35769
36.98987	-88.35803
36.98988	-88.35811
36.98989	-88.35837
36.98989	-88.35852
36.98989	-88.35855
36.9899	-88.35878
36.98991	-88.35905
36.98992	-88.35933
36.98993	-88.35945
36.98994	-88.3596
36.98994	-88.35974
36.98995	-88.36001
36.98997	-88.36042
36.98997	-88.36055
36.98998	-88.36068
36.98999	-88.36096
36.99	-88.36122
36.99001	-88.36135
36.99001	-88.36149
36.99002	-88.36163
36.99002	-88.36177
36.99003	-88.3619
36.99004	-88.36211
36.99005	-88.36243
36.99006	-88.36282
36.99006	-88.36293
36.99008	-88.36347
36.99009	-88.36358
36.99009	-88.36376
36.99012	-88.36432
36.99012	-88.36446
36.99013	-88.36456
36.99013	-88.3647
36.99014	-88.36481
36.99015	-88.36518
36.99016	-88.36539
36.99016	-88.3655
36.99017	-88.36566
36.99018	-88.36593
36.99018	-88.366
36.9902	-88.36645
36.99021	-88.36666
36.99022	-88.36679
36.99023	-88.3672
36.99024	-88.36729
36.99024	-88.36745
36.99025	-88.3676
36.99025	-88.36772
36.99026	-88.36791
36.99028	-88.36838
36.99028	-88.36847
36.99029	-88.36866
36.9903	-88.36896
36.99031	-88.36905
36.99033	-88.36947
36.99033	-88.3695
36.99034	-88.36973
36.99035	-88.37007
36.99035	-88.37015
36.99036	-88.37042
36.99037	-88.37056
36.99038	-88.37071
36.99038	-88.37088
36.99039	-88.3711
36.99041	-88.37149
36.99041	-88.37157
36.99042	-88.37187
36.99043	-88.37205
36.99043	-88.37215
36.99044	-88.37238
36.99045	-88.37259
36.99045	-88.37262
36.99046	-88.37273
36.99047	-88.3731
36.99048	-88.37317
36.99049	-88.37342
36.99049	-88.37363
36.99051	-88.37395
36.99052	-88.37423
36.99054	-88.37474
36.99054	-88.37475
36.99055	-88.37506
36.99056	-88.3752
36.99056	-88.37532
36.99057	-88.37545
36.99058	-88.37586
36.99059	-88.37592
36.99059	-88.37612
36.9906	-88.3764
36.99062	-88.37665
36.99062	-88.37679
36.99063	-88.37708
36.99064	-88.3771
36.99065	-88.37732
36.99065	-88.37736
36.99066	-88.37763
36.99066	-88.37775
36.99068	-88.37822
36.99068	-88.37829
36.9907	-88.37858
36.9907	-88.37877
36.99071	-88.3789
36.99071	-88.37902
36.99072	-88.37926
36.99074	-88.37952
36.99074	-88.37962
36.99075	-88.37996
36.99076	-88.38021
36.99078	-88.38054
36.99079	-88.38087
36.9908	-88.38104
36.99081	-88.38134
36.99082	-88.38163
36.99084	-88.38209
36.99086	-88.38254
36.99087	-88.38267
36.99088	-88.38294
36.99089	-88.38307
36.99089	-88.38321
36.9909	-88.38335
36.9909	-88.38348
36.99091	-88.38362
36.99091	-88.38375
36.99092	-88.38389
36.99093	-88.38417
36.99093	-88.38431
36.99095	-88.38458
36.99095	-88.38471
36.99096	-88.38484
36.99096	-88.385
36.99097	-88.38513
36.99097	-88.38526
36.99098	-88.38547
36.99099	-88.38553
36.99099	-88.38567
36.991	-88.3858
36.991	-88.38594
36.99101	-88.38607
36.99101	-88.38621
36.99102	-88.38635
36.99102	-88.38648
36.99103	-88.38662
36.99103	-88.38675
36.99104	-88.3869
36.99105	-88.38717
36.99106	-88.3873
36.99106	-88.38743
36.99107	-88.38758
36.99107	-88.38771
36.99108	-88.38784
36.99109	-88.38813
36.9911	-88.38839
36.99111	-88.38866
36.99111	-88.3888
36.99112	-88.38893
36.99113	-88.3892
36.99114	-88.38934
36.99114	-88.3894
36.99115	-88.38961
36.99115	-88.38975
36.99116	-88.38989
36.99116	-88.39002
36.99117	-88.39008
36.99117	-88.39016
36.99117	-88.3903
36.99118	-88.39043
36.99119	-88.39071
36.9912	-88.39085
36.9912	-88.39098
36.99121	-88.39111
36.99121	-88.39125
36.99122	-88.39138
36.99122	-88.39152
36.99123	-88.39179
36.99124	-88.39206
36.99125	-88.39212
36.99125	-88.39219
36.99126	-88.39248
36.99127	-88.3926
36.99127	-88.39274
36.99127	-88.39279
36.99128	-88.39287
36.99129	-88.39315
36.99129	-88.39323
36.9913	-88.39355
36.99131	-88.39368
36.99133	-88.39416
36.99134	-88.3945
36.99135	-88.39465
36.99135	-88.39478
36.99136	-88.39491
36.99137	-88.39518
36.99138	-88.39545
36.99139	-88.39571
36.9914	-88.39598
36.9914	-88.39614
36.99141	-88.39626
36.99141	-88.39639
36.99141	-88.39641
36.99142	-88.39654
36.99143	-88.39681
36.99144	-88.39708
36.99145	-88.39722
36.99145	-88.39737
36.99146	-88.3975
36.99146	-88.39751
36.99146	-88.39762
36.99147	-88.39789
36.99148	-88.39812
36.9915	-88.39845
36.9915	-88.39858
36.99151	-88.39876
36.99151	-88.39886
36.99152	-88.39899
36.99153	-88.39939
36.99154	-88.39953
36.99156	-88.39995
36.99156	-88.40016
36.99157	-88.40028
36.99162	-88.40161
36.99165	-88.40216
36.99169	-88.40316
36.9917	-88.40341
36.99171	-88.40387
36.99172	-88.40408
36.99174	-88.40455
36.99177	-88.40521
36.99177	-88.4054
36.99179	-88.40588
36.9918	-88.40611
36.99181	-88.40624
36.99181	-88.40633
36.99185	-88.40723
36.99189	-88.40819
36.99189	-88.40836
36.99191	-88.40889
36.99193	-88.40932
36.99195	-88.40971
36.99196	-88.40993
36.99196	-88.41011
36.99197	-88.41016
36.99198	-88.41055
36.992	-88.41106
36.99201	-88.41128
36.99204	-88.41196
36.99205	-88.4122
36.99206	-88.41263
36.99207	-88.41286
36.99208	-88.41308
36.99208	-88.41311
36.99209	-88.41331
36.99213	-88.41435
36.99218	-88.41562
36.99223	-88.41688
36.99225	-88.41739
36.99227	-88.41785
36.99228	-88.41803
36.99228	-88.41804
36.99229	-88.41843
36.9923	-88.4187
36.99231	-88.41883
36.99231	-88.41893
36.99233	-88.41965
36.99233	-88.41983
36.99234	-88.42005
36.99234	-88.42012
36.99234	-88.42052
36.99235	-88.421
36.99235	-88.42147
36.99235	-88.42164
36.99235	-88.42202
36.99235	-88.42222
36.99235	-88.42259
36.99235	-88.42313
36.99234	-88.42358
36.99234	-88.42366
36.99234	-88.42408
36.99234	-88.4244
36.99234	-88.42446
36.99234	-88.42481
36.99234	-88.42522
36.99233	-88.42563
36.99233	-88.42618
36.99233	-88.42658
36.99233	-88.42665
36.99233	-88.42688
36.99232	-88.42727
36.99232	-88.42757
36.99232	-88.42775
36.99232	-88.42788
36.99232	-88.42809
36.99232	-88.42841
36.99232	-88.4285
36.99232	-88.42876
36.99232	-88.42887
36.99231	-88.42948
36.99231	-88.42977
36.99232	-88.43003
36.99232	-88.43004
36.99233	-88.43043
36.99234	-88.43072
36.99235	-88.43092
36.99235	-88.43101
36.99237	-88.43129
36.9924	-88.43162
36.99241	-88.43181
36.99243	-88.43204
36.99246	-88.4323
36.99249	-88.43253
36.99251	-88.43274
36.99255	-88.43303
36.99258	-88.43322
36.99263	-88.43355
36.99266	-88.43374
36.99266	-88.43376
36.9927	-88.43394
36.9927	-88.43396
36.99275	-88.43421
36.99279	-88.43441
36.99281	-88.43452
36.99285	-88.43472
36.99288	-88.43487
36.99293	-88.43509
36.99299	-88.43538
36.99307	-88.43577
36.99312	-88.43603
36.99319	-88.43636
36.99326	-88.43669
36.99338	-88.43723
36.9934	-88.43736
36.99348	-88.43775
36.99357	-88.43818
36.99368	-88.4387
36.99374	-88.43899
36.99377	-88.43915
36.99384	-88.43952
36.99392	-88.43996
36.994	-88.44038
36.99405	-88.44069
36.99412	-88.44115
36.99418	-88.44152
36.99422	-88.44181
36.99427	-88.44222
36.99432	-88.44264
36.99433	-88.44265
36.99437	-88.44302
36.99442	-88.44355
36.99448	-88.44413
36.99451	-88.44452
36.99454	-88.44489
36.99455	-88.44494
36.99458	-88.44536
36.9946	-88.44578
36.99462	-88.44619
36.99464	-88.44655
36.99464	-88.4466
36.99465	-88.44701
36.99466	-88.44742
36.99467	-88.44782
36.99468	-88.4482
36.99467	-88.44866
36.99467	-88.44906
36.99467	-88.44907
36.99467	-88.44928
36.99466	-88.44949
36.99465	-88.4499
36.99464	-88.4503
36.99463	-88.4507
36.9946	-88.45126
36.99457	-88.45166
36.99453	-88.45222
36.9945	-88.45263
36.99447	-88.45305
36.99444	-88.45344
36.99442	-88.45377
36.9944	-88.45399
36.99438	-88.45426
36.99436	-88.45457
36.99433	-88.45495
36.99432	-88.45515
36.99431	-88.45528
36.9943	-88.45536
36.99428	-88.45577
36.99426	-88.45605
36.99425	-88.45632
36.99424	-88.4566
36.99423	-88.45689
36.99422	-88.45715
36.99422	-88.45729
36.99421	-88.45769
36.99421	-88.45798
36.99421	-88.45824
36.99421	-88.4585
36.99421	-88.45879
36.99422	-88.45976
36.99424	-88.46137
36.99424	-88.46147
36.99424	-88.46158
36.99425	-88.46177
36.99426	-88.46303
36.99427	-88.46316
36.99427	-88.46358
36.99428	-88.4639
36.99429	-88.46465
36.99429	-88.46493
36.99429	-88.46536
36.99433	-88.46785
36.99433	-88.46796
36.99433	-88.46808
36.99434	-88.46836
36.99434	-88.46876
36.99436	-88.46988
36.99436	-88.46997
36.99436	-88.47044
36.99437	-88.47071
36.99437	-88.47099
36.99438	-88.47143
36.99438	-88.47175
36.99439	-88.47213
36.9944	-88.47335
36.99442	-88.47445
36.99443	-88.4751
36.99443	-88.47513
36.99443	-88.47535
36.99443	-88.47548
36.99444	-88.47607
36.99445	-88.4767
36.99446	-88.47703
36.99446	-88.47745
36.99447	-88.47785
36.99447	-88.47826
36.99448	-88.47868
36.99448	-88.47913
36.99448	-88.47924
36.99449	-88.47937
36.99449	-88.47951
36.99449	-88.47957
36.99449	-88.47964
36.99449	-88.47979
36.9945	-88.48004
36.9945	-88.48006
36.9945	-88.4802
36.9945	-88.48033
36.99451	-88.48047
36.99451	-88.48061
36.99451	-88.48074
36.99452	-88.48088
36.99452	-88.48102
36.99453	-88.48116
36.99453	-88.48129
36.99454	-88.48143
36.99454	-88.48157
36.99455	-88.4817
36.99455	-88.48184
36.99455	-88.48186
36.99456	-88.48198
36.99456	-88.48211
36.99457	-88.48225
36.99457	-88.48239
36.99458	-88.48252
36.99459	-88.48266
36.99459	-88.4828
36.9946	-88.48293
36.99461	-88.48307
36.99461	-88.48321
36.99462	-88.48335
36.99462	-88.48348
36.99463	-88.48362
36.99464	-88.48376
36.99464	-88.4839
36.99465	-88.48404
36.99465	-88.48417
36.99466	-88.48431
36.99467	-88.48445
36.99467	-88.48459
36.99468	-88.48472
36.99469	-88.48486
36.99469	-88.48499
36.99469	-88.485
36.9947	-88.48521
36.9947	-88.48527
36.99471	-88.48541
36.99472	-88.48554
36.99472	-88.48568
36.99473	-88.48582
36.99473	-88.48595
36.99474	-88.48609
36.99475	-88.48623
36.99475	-88.48637
36.99476	-88.48651
36.99477	-88.48664
36.99477	-88.48678
36.99478	-88.48692
36.99478	-88.48705
36.99479	-88.48719
36.9948	-88.48733
36.9948	-88.48746
36.99481	-88.48761
36.99482	-88.48775
36.99482	-88.48788
36.99483	-88.48801
36.99483	-88.48815
36.99484	-88.48829
36.99485	-88.48842
36.99485	-88.48857
36.99486	-88.4887
36.99487	-88.48883
36.99487	-88.48897
36.99488	-88.48911
36.99488	-88.48925
36.99489	-88.48938
36.9949	-88.48952
36.9949	-88.48965
36.99491	-88.48979
36.99491	-88.48993
36.99492	-88.49007
36.99493	-88.49021
36.99493	-88.49034
36.99494	-88.49048
36.99494	-88.49061
36.99495	-88.49075
36.99496	-88.49089
36.99496	-88.49103
36.99497	-88.49117
36.99498	-88.4913
36.99498	-88.49144
36.99498	-88.49146
36.99499	-88.49157
36.99499	-88.49171
36.995	-88.49184
36.99501	-88.49198
36.99501	-88.49212
36.99502	-88.49225
36.99503	-88.49239
36.99503	-88.49253
36.99504	-88.49267
36.99504	-88.49281
36.99505	-88.49296
36.99506	-88.49318
36.99508	-88.49349
36.99508	-88.49363
36.99509	-88.49376
36.99509	-88.4939
36.9951	-88.49404
36.99511	-88.49418
36.99511	-88.49431
36.99512	-88.49445
36.99512	-88.49458
36.99513	-88.49472
36.99514	-88.49486
36.99514	-88.495
36.99515	-88.49513
36.99516	-88.49527
36.99516	-88.49541
36.99517	-88.49555
36.99517	-88.49569
36.99518	-88.49581
36.99518	-88.49594
36.99519	-88.49596
36.99519	-88.4961
36.9952	-88.49623
36.9952	-88.49637
36.99521	-88.49651
36.99522	-88.49665
36.99522	-88.49678
36.99523	-88.49691
36.99524	-88.49706
36.99524	-88.49719
36.99525	-88.49733
36.99525	-88.49747
36.99526	-88.4976
36.99526	-88.49774
36.99527	-88.49788
36.99527	-88.49801
36.99527	-88.49815
36.99528	-88.49829
36.99528	-88.49842
36.99528	-88.49855
36.99528	-88.4988
36.99528	-88.49885
36.99528	-88.49922
36.99528	-88.49923
36.99527	-88.49949
36.9952743	-88.4994894
36.99533	-88.49961
36.99533	-88.49962
36.99537	-88.50051
36.99537	-88.50065
36.99537	-88.50077
36.99538	-88.50088
36.99539	-88.50099
36.9954	-88.50118
36.99543	-88.50149
36.99558	-88.50258
36.99572	-88.50357
36.99579	-88.50406
36.99589	-88.5048
36.99598	-88.50545
36.99602	-88.50571
36.99604	-88.5058
36.99606	-88.50585
36.99609	-88.50591
36.99612	-88.50596
36.99617	-88.50604
36.9961685	-88.5060442
36.9967	-88.5061
36.99714	-88.50615
36.99853	-88.50629
36.99886	-88.50633
36.99904	-88.50635
36.9998	-88.50644
37.00076	-88.50654
37.0017	-88.50664
37.00226	-88.5067
37.00269	-88.50676
37.003	-88.5068
37.00331	-88.50686
37.00333	-88.50686
37.00359	-88.50691
37.00384	-88.50697
37.00431	-88.50708
37.00549	-88.50737
37.00661	-88.50764
37.00719	-88.50779
37.00813	-88.50802
37.00845	-88.5081
37.00894	-88.50824
37.0089377	-88.5082409
37.00933	-88.50833
37.00945	-88.50829
37.00946	-88.5084
37.00962	-88.5096
37.00972	-88.51032
37.00978	-88.51082
37.00992	-88.51187
37.00997	-88.51228
37.01005	-88.51283
37.01009	-88.5131
37.01014	-88.51339
37.01018	-88.51364
37.01024	-88.51391
37.01029	-88.51416
37.01035	-88.51445
37.01036	-88.51449
37.01041	-88.51471
37.01044	-88.51483
37.0105	-88.51511
37.0106	-88.5155
37.01071	-88.51587
37.01079	-88.51614
37.01084	-88.51631
37.01087	-88.51641
37.0109	-88.51652
37.01096	-88.51671
37.01106	-88.51699
37.01116	-88.51728
37.01129	-88.51765
37.01137	-88.51786
37.01139	-88.51791
37.01145	-88.51806
37.01149	-88.51815
37.01159	-88.5184
37.0117	-88.51866
37.0119	-88.51911
37.01214	-88.51961
37.01257	-88.52043
37.01274	-88.52075
37.01291	-88.52101
37.013	-88.52116
37.01302	-88.52119
37.01313	-88.52137
37.0133	-88.52166
37.01342	-88.52184
37.01355	-88.52203
37.01375	-88.52234
37.01391	-88.52255
37.01406	-88.52275
37.01416	-88.52288
37.01436	-88.52315
37.01447	-88.52328
37.0146	-88.52344
37.01467	-88.52352
37.01471	-88.52357
37.01483	-88.52372
37.01514	-88.52406
37.01533	-88.52427
37.01547	-88.52442
37.01566	-88.52462
37.01587	-88.52483
37.01592	-88.52488
37.01602	-88.52497
37.0161	-88.52505
37.01627	-88.52521
37.01654	-88.52545
37.01681	-88.52568
37.01704	-88.52588
37.01737	-88.52614
37.01762	-88.52632
37.01784	-88.52648
37.018	-88.52658
37.01813	-88.52667
37.01816	-88.52669
37.01835	-88.52682
37.01852	-88.52693
37.0188	-88.52711
37.01911	-88.52729
37.01941	-88.52745
37.01968	-88.52759
37.01984	-88.52767
37.02001	-88.52776
37.02003	-88.52777
37.02054	-88.52802
37.02068	-88.52809
37.02085	-88.52817
37.02095	-88.52822
37.02101	-88.52825
37.02118	-88.52834
37.02146	-88.52847
37.02201	-88.52876
37.02317	-88.52931
37.0235	-88.52948
37.02384	-88.52964
37.02413	-88.52978
37.02471	-88.53007
37.02543	-88.53043
37.0266	-88.53101
37.02677	-88.53109
37.02754	-88.53146
37.02774	-88.53156
37.02823	-88.5318
37.02831	-88.53183
37.02869	-88.53202
37.02881	-88.53208
37.02892	-88.53213
37.02958	-88.53246
37.03003	-88.53267
37.03026	-88.53278
37.03077	-88.53303
37.03136	-88.53331
37.03155	-88.53341
37.03161	-88.53343
37.03176	-88.53351
37.03196	-88.53361
37.03208	-88.53367
37.03228	-88.53376
37.03248	-88.53384
37.0326	-88.53388
37.03275	-88.53394
37.0327505	-88.5339397
37.0329	-88.53398
37.03301	-88.534
37.03312	-88.53403
37.03324	-88.53405
37.03336	-88.53407
37.03352	-88.53411
37.03378	-88.53413
37.0339	-88.53414
37.03401	-88.53415
37.03419	-88.53414
37.03444	-88.53418
37.03469	-88.53422
37.03485	-88.5343
37.03506	-88.53437
37.03517	-88.53442
37.03532	-88.53448
37.03537	-88.53451
37.03546	-88.53456
37.03559	-88.53464
37.03567	-88.53469
37.03573	-88.53473
37.0359	-88.53483
37.03595	-88.53488
37.03605	-88.53495
37.03609	-88.53498
37.03614	-88.53502
37.03623	-88.53511
37.03631	-88.53519
37.0364	-88.53528
37.03649	-88.53537
37.03657	-88.53546
37.03665	-88.53555
37.03672	-88.53565
37.0368	-88.53575
37.03687	-88.53585
37.03694	-88.53596
37.03701	-88.53606
37.03708	-88.53617
37.03714	-88.53628
37.0372	-88.53638
37.03729	-88.53656
37.03737	-88.53674
37.0376	-88.53731
37.03786	-88.53792
37.03797	-88.5382
37.03803	-88.53833
37.03813	-88.53858
37.0383	-88.53904
37.03835	-88.53917
37.03859	-88.53973
37.03874	-88.54003
37.0389	-88.54036
37.03896	-88.54047
37.03901	-88.54057
37.03907	-88.54068
37.03909	-88.5407
37.03918	-88.54086
37.03922	-88.54093
37.03941	-88.54124
37.03977	-88.54179
37.04026	-88.54255
37.04065	-88.54313
37.0414	-88.54429
37.04143	-88.54433
37.04158	-88.54457
37.04174	-88.5448
37.04189	-88.54504
37.04201	-88.54521
37.04238	-88.54579
37.04238	-88.5458
37.04249	-88.54596
37.04301	-88.54676
37.04306	-88.54683
37.0431	-88.54689
37.04317	-88.54701
37.04352	-88.54753
37.04371	-88.54782
37.04397	-88.54823
37.04402	-88.5483
37.04411	-88.54844
37.04424	-88.54865
37.04437	-88.54885
37.04446	-88.54902
37.0449	-88.54985
37.04496	-88.55012
37.04505	-88.55033
37.0451	-88.55047
37.04513	-88.55054
37.04521	-88.55076
37.04528	-88.55098
37.04531	-88.55106
37.04536	-88.55119
37.04543	-88.55141
37.04548	-88.55159
37.04555	-88.55186
37.04559	-88.55199
37.04567	-88.55235
37.04574	-88.55268
37.04574	-88.5527
37.04583	-88.55308
37.04604	-88.55397
37.04611	-88.55427
37.04635	-88.55533
37.0466	-88.55637
37.04675	-88.55703
37.0468	-88.55724
37.04681	-88.55731
37.04696	-88.55794
37.04701	-88.55815
37.04705	-88.55833
37.04716	-88.5588
37.04721	-88.559
37.04723	-88.55909
37.04735	-88.55963
37.04746	-88.56012
37.04758	-88.56062
37.04761	-88.56074
37.04768	-88.56101
37.04768	-88.56103
37.04784	-88.56169
37.04798	-88.56227
37.04798	-88.56229
37.04802	-88.56243
37.04803	-88.56247
37.04809	-88.56271
37.04816	-88.56298
37.04817	-88.563
37.04822	-88.56316
37.04824	-88.56322
37.04827	-88.56332
37.0483	-88.56339
37.04832	-88.56346
37.04835	-88.56354
37.04838	-88.56362
37.04841	-88.56368
37.04847	-88.56383
37.04857	-88.56405
37.0486	-88.56412
37.04864	-88.56421
37.04873	-88.5644
37.04876	-88.56447
37.04899	-88.5649
37.04902	-88.56495
37.04909	-88.56509
37.0491	-88.56509
37.04917	-88.56522
37.04922	-88.5653
37.0492178	-88.5653007
37.04943	-88.56518
37.04956	-88.5651
37.04957	-88.5651
37.04966	-88.56505
37.04975	-88.565
37.04981	-88.56498
37.04984	-88.56496
37.04986	-88.56495
37.04992	-88.56493
37.04997	-88.56492
37.05003	-88.5649
37.05014	-88.56487
37.05022	-88.56485
37.05026	-88.56485
37.05032	-88.56483
37.05036	-88.56482
37.05041	-88.56481
37.05046	-88.5648
37.05049	-88.5648
37.05075	-88.56476
37.05117	-88.56469
37.05188	-88.56457
37.05202	-88.56455
37.05222	-88.56453
37.05239	-88.56453
37.05257	-88.56454
37.05272	-88.56455
37.05289	-88.56457
37.05313	-88.56462
37.05347	-88.56473
37.05365	-88.5648
37.05377	-88.56486
37.05389	-88.56492
37.05399	-88.56497
37.05408	-88.56503
37.0542	-88.56511
37.0544	-88.56524
37.05461	-88.5654
37.05485	-88.56564
37.05495	-88.56574
37.05506	-88.56586
37.05565	-88.56653
37.05567	-88.56655
37.05592	-88.56683
37.05605	-88.56698
37.05628	-88.56724
37.0564	-88.56739
37.05699	-88.56804
37.05712	-88.56819
37.05729	-88.56839
37.05749	-88.56862
37.05771	-88.56886
37.05797	-88.56918
37.05806	-88.5693
37.05807	-88.56931
37.05818	-88.56946
37.05819	-88.56948
37.05836	-88.56973
37.05853	-88.57
37.05866	-88.57024
37.05888	-88.57067
37.05896	-88.57083
37.05901	-88.57093
37.0595	-88.57191
37.05997	-88.57282
37.0606	-88.57404
37.06069	-88.57423
37.06095	-88.57473
37.06122	-88.57526
37.0617	-88.57624
37.06218	-88.5772
37.06223	-88.57729
37.06228	-88.57739
37.06257	-88.57798
37.06271	-88.57824
37.06314	-88.57911
37.06342	-88.57962
37.0635	-88.57975
37.06357	-88.57986
37.06369	-88.58002
37.06379	-88.58013
37.06394	-88.58027
37.06409	-88.58041
37.06422	-88.5805
37.06436	-88.58058
37.06452	-88.58068
37.06465	-88.58075
37.06472	-88.58078
37.06479	-88.58082
37.06489	-88.58086
37.06496	-88.58089
37.06526	-88.58102
37.0658	-88.5813
37.06591	-88.58136
37.06633	-88.58157
37.06713	-88.58194
37.0676	-88.58217
37.0676022	-88.5821723
37.06794	-88.58244
37.06806	-88.58254
37.06813	-88.58263
37.06822	-88.58272
37.06833	-88.58286
37.06843	-88.58303
37.06876	-88.58364
37.06909	-88.58427
37.06948	-88.58502
37.0696	-88.58523
37.06968	-88.58535
37.06976	-88.58548
37.06985	-88.5856
37.06994	-88.58571
37.07007	-88.58584
37.07014	-88.58592
37.07022	-88.58599
37.07033	-88.58608
37.0704	-88.58615
37.07047	-88.58622
37.07057	-88.58631
37.07073	-88.58643
37.07121	-88.58674
37.0717	-88.58704
37.07256	-88.58758
37.0733	-88.58805
37.07331	-88.58806
37.07427	-88.58866
37.07501	-88.58912
37.07532	-88.58932
37.07539	-88.58936
37.07569	-88.58955
37.07599	-88.58974
37.07602	-88.58975
37.07621	-88.58988
37.07635	-88.58997
37.07642	-88.59001
37.07649	-88.59006
37.07677	-88.59023
37.07691	-88.59032
37.07692	-88.59033
37.07706	-88.59041
37.07736	-88.5906
37.07751	-88.59069
37.07765	-88.59079
37.07775	-88.59084
37.0784	-88.59126
37.07907	-88.59167
37.0794	-88.59188
37.07981	-88.59213
37.08081	-88.59277
37.081	-88.59286
37.08117	-88.59295
37.08122	-88.59298
37.08151	-88.59318
37.08172	-88.59332
37.08185	-88.59342
37.08221	-88.59366
37.08245	-88.5938
37.08272	-88.59397
37.08298	-88.59414
37.08323	-88.5943
37.08336	-88.59437
37.08349	-88.59446
37.08387	-88.5947
37.08419	-88.5949
37.08457	-88.59514
37.08478	-88.59527
37.08489	-88.59533
37.08509	-88.59546
37.08519	-88.59552
37.0854	-88.59566
37.08571	-88.59586
37.08581	-88.59592
37.08591	-88.59599
37.08611	-88.59611
37.08618	-88.59615
37.08619	-88.59616
37.08624	-88.59619
37.08722	-88.59681
37.0872165	-88.5968131
37.08751	-88.59603
37.08766	-88.59572
37.08775	-88.59551
37.0877548	-88.5955076
37.08808	-88.59571
37.08827	-88.59583
37.08862	-88.59604
37.0886249	-88.5960429
