39.7562717	-94.8480822
40.2856135	-96.8251745
39.7562798	-94.848082
39.75629	-94.84852
39.75629	-94.84931
39.7562947	-94.8493127
39.75583	-94.84931
39.75532	-94.8493
39.75451	-94.8493
39.75444	-94.8493
39.75408	-94.8493
39.7539	-94.8493
39.75354	-94.8493
39.75261	-94.84929
39.75167	-94.84928
39.75071	-94.84928
39.7507118	-94.8492782
39.75063	-94.84937
39.7506	-94.84939
39.75052	-94.84946
39.7505	-94.84947
39.7504	-94.84954
39.75036	-94.84956
39.75031	-94.84959
39.7502	-94.84966
39.74987	-94.84965
39.74966	-94.84965
39.74959	-94.84965
39.74957	-94.84965
39.74953	-94.84965
39.74949	-94.84966
39.74945	-94.84967
39.74939	-94.84969
39.74938	-94.84969
39.74933	-94.84972
39.74931	-94.84973
39.74927	-94.84975
39.74925	-94.84976
39.74922	-94.8498
39.74919	-94.84986
39.74916	-94.84993
39.7491	-94.85002
39.74906	-94.85054
39.74906	-94.85055
39.74902	-94.85098
39.74899	-94.85138
39.74897	-94.85169
39.74895	-94.85201
39.74894	-94.8521
39.74894	-94.85214
39.7489	-94.85248
39.74888	-94.85282
39.74887	-94.85298
39.74885	-94.85334
39.74883	-94.85344
39.74883	-94.85346
39.74882	-94.85361
39.74882	-94.85372
39.7488	-94.85388
39.74874	-94.85462
39.74872	-94.85479
39.7487	-94.85514
39.74864	-94.85584
39.74864	-94.85591
39.74861	-94.85632
39.74859	-94.85654
39.74859	-94.85678
39.74858	-94.857
39.74858	-94.85711
39.74858	-94.85719
39.74859	-94.85748
39.74863	-94.85783
39.74865	-94.85806
39.74868	-94.8583
39.74871	-94.85853
39.74876	-94.85893
39.74879	-94.85914
39.74882	-94.85941
39.74886	-94.85969
39.74886	-94.8597
39.74889	-94.85991
39.7489	-94.85998
39.74891	-94.85999
39.74892	-94.86007
39.74897	-94.86037
39.7491	-94.86119
39.74922	-94.86187
39.74924	-94.86204
39.74925	-94.8621
39.74927	-94.86218
39.74933	-94.86256
39.74935	-94.8627
39.74941	-94.86302
39.74949	-94.86347
39.74956	-94.86393
39.7496	-94.86416
39.74963	-94.86434
39.74964	-94.86444
39.74982	-94.86549
39.74983	-94.86552
39.74988	-94.86585
39.74992	-94.86614
39.74993	-94.86632
39.74995	-94.86658
39.74997	-94.86691
39.74998	-94.86705
39.74999	-94.86739
39.74999	-94.86751
39.74999	-94.86767
39.74999	-94.86779
39.74998	-94.86795
39.74997	-94.86824
39.74997	-94.86839
39.74993	-94.86883
39.74992	-94.86896
39.74989	-94.86923
39.74985	-94.86959
39.74982	-94.86978
39.74979	-94.86995
39.74976	-94.87012
39.74972	-94.87029
39.74969	-94.87045
39.74966	-94.8706
39.74962	-94.87074
39.7496	-94.87082
39.74957	-94.87095
39.74953	-94.8711
39.74952	-94.87111
39.74947	-94.87128
39.74939	-94.87155
39.74912	-94.8723
39.74906	-94.87244
39.74902	-94.87255
39.74893	-94.87275
39.74889	-94.87284
39.74884	-94.87295
39.74879	-94.87304
39.74879	-94.87305
39.7487	-94.87324
39.7486	-94.87344
39.74854	-94.87354
39.7485	-94.87363
39.74839	-94.87382
39.74829	-94.87401
39.74824	-94.87411
39.74819	-94.87421
39.74814	-94.87429
39.74813	-94.87431
39.74799	-94.87458
39.74794	-94.87468
39.74788	-94.87478
39.74779	-94.87497
39.74769	-94.87515
39.74758	-94.87535
39.74748	-94.87554
39.74738	-94.87574
39.74728	-94.87592
39.74718	-94.87612
39.74707	-94.87631
39.74702	-94.87641
39.74692	-94.8766
39.74686	-94.87671
39.74681	-94.87681
39.74672	-94.87699
39.74661	-94.87718
39.74651	-94.87738
39.74641	-94.87756
39.74631	-94.87775
39.74631	-94.87776
39.74621	-94.87795
39.74611	-94.87814
39.74601	-94.87833
39.74591	-94.87853
39.74581	-94.87872
39.74571	-94.87891
39.74561	-94.8791
39.74551	-94.87932
39.74541	-94.87952
39.74536	-94.87961
39.74527	-94.87981
39.74522	-94.87992
39.74513	-94.88011
39.74507	-94.88022
39.74499	-94.88041
39.74494	-94.88052
39.74485	-94.88072
39.74482	-94.88078
39.7448	-94.88082
39.74476	-94.88092
39.74471	-94.88102
39.74467	-94.88113
39.74458	-94.88133
39.74449	-94.88155
39.7444	-94.88174
39.74432	-94.88195
39.74428	-94.88205
39.74423	-94.88216
39.74415	-94.88237
39.74406	-94.88258
39.74398	-94.88279
39.7439	-94.88299
39.74382	-94.8832
39.74378	-94.88331
39.7437	-94.88353
39.74362	-94.88374
39.74355	-94.88394
39.74351	-94.88405
39.74343	-94.88426
39.7434	-94.88437
39.74336	-94.88447
39.74332	-94.88458
39.74324	-94.8848
39.74314	-94.88512
39.74307	-94.88534
39.74301	-94.88553
39.74294	-94.88572
39.74286	-94.88599
39.74279	-94.88621
39.74273	-94.88643
39.7427	-94.88653
39.74263	-94.88675
39.7426	-94.88686
39.74256	-94.88698
39.74255	-94.88702
39.7425	-94.88719
39.74244	-94.88741
39.74243	-94.88747
39.74241	-94.88752
39.74235	-94.88774
39.74229	-94.88797
39.74224	-94.88815
39.74224	-94.88817
39.74221	-94.8883
39.74219	-94.88837
39.74218	-94.8884
39.74215	-94.88852
39.74209	-94.88874
39.74204	-94.88897
39.74199	-94.88919
39.74193	-94.88941
39.74188	-94.88964
39.74183	-94.88986
39.74178	-94.89009
39.74173	-94.89031
39.74169	-94.89052
39.74166	-94.89065
39.74162	-94.89088
39.74151	-94.89141
39.74148	-94.89155
39.74146	-94.89168
39.74142	-94.8919
39.74138	-94.89213
39.74134	-94.89236
39.7413	-94.89258
39.74126	-94.89282
39.74123	-94.89303
39.74118	-94.89339
39.74114	-94.89359
39.74113	-94.89373
39.74109	-94.89395
39.74106	-94.89419
39.74102	-94.89452
39.74101	-94.89455
39.74097	-94.8949
39.74093	-94.89523
39.74091	-94.89548
39.74088	-94.89571
39.74085	-94.89601
39.74085	-94.89606
39.74083	-94.89628
39.74076	-94.897
39.74074	-94.89734
39.74072	-94.89758
39.7407	-94.89781
39.74068	-94.89831
39.74066	-94.89861
39.74065	-94.89885
39.74064	-94.899
39.74063	-94.89921
39.74063	-94.89933
39.74062	-94.8996
39.74062	-94.89967
39.74061	-94.89992
39.74061	-94.90013
39.7406	-94.90075
39.7406	-94.90096
39.7406	-94.90129
39.7406	-94.90168
39.74059	-94.9026
39.74059	-94.9032
39.74059	-94.90341
39.74059	-94.90357
39.74059	-94.90398
39.74059	-94.90447
39.74058	-94.90528
39.74058	-94.90562
39.74058	-94.90585
39.74058	-94.90621
39.74057	-94.90678
39.74057	-94.90684
39.74057	-94.90707
39.74057	-94.90724
39.74057	-94.90748
39.74057	-94.9076
39.74057	-94.90806
39.74057	-94.90831
39.74057	-94.90838
39.74057	-94.90875
39.74056	-94.90922
39.74056	-94.90957
39.74056	-94.9098
39.74056	-94.91
39.74056	-94.91027
39.74056	-94.91107
39.74055	-94.91131
39.74055	-94.91136
39.74055	-94.91155
39.74055	-94.91178
39.74055	-94.912
39.74055	-94.91212
39.74055	-94.91235
39.74055	-94.91252
39.74055	-94.91257
39.74056	-94.91281
39.74057	-94.91303
39.74057	-94.91316
39.74058	-94.91331
39.74059	-94.91339
39.7406	-94.91362
39.74062	-94.9138
39.74064	-94.91396
39.74066	-94.91419
39.74068	-94.91431
39.74071	-94.91453
39.74075	-94.91478
39.74077	-94.91488
39.74081	-94.91511
39.74081	-94.91513
39.74083	-94.91524
39.74087	-94.91544
39.74092	-94.91566
39.74097	-94.91584
39.741	-94.91599
39.74105	-94.91617
39.74109	-94.91632
39.74115	-94.91653
39.74119	-94.91665
39.74126	-94.91687
39.7413	-94.917
39.74133	-94.91707
39.7414	-94.91728
39.74145	-94.91741
39.74151	-94.91758
39.74152	-94.91759
39.74158	-94.91775
39.74165	-94.9179
39.74173	-94.9181
39.74176	-94.91817
39.74182	-94.9183
39.74187	-94.91841
39.74192	-94.9185
39.74196	-94.9186
39.74202	-94.9187
39.74211	-94.91889
39.74221	-94.91907
39.74232	-94.91926
39.74239	-94.91938
39.74248	-94.91953
39.7426	-94.91971
39.74266	-94.91981
39.74275	-94.91994
39.74283	-94.92006
39.74295	-94.92024
39.743	-94.9203
39.74307	-94.9204
39.74315	-94.9205
39.74329	-94.92068
39.74341	-94.92082
39.74346	-94.92089
39.7436	-94.92105
39.74373	-94.92119
39.74387	-94.92134
39.74401	-94.92149
39.74416	-94.92163
39.74479	-94.92225
39.7452	-94.92265
39.74522	-94.92267
39.74544	-94.92289
39.74546	-94.9229
39.74558	-94.92302
39.74573	-94.92317
39.74574	-94.92318
39.7459	-94.92333
39.74608	-94.92351
39.74628	-94.9237
39.7463	-94.92372
39.74661	-94.92401
39.74672	-94.92413
39.74681	-94.92421
39.74695	-94.92435
39.74709	-94.9245
39.74713	-94.92454
39.74723	-94.92466
39.7473	-94.92473
39.74738	-94.92482
39.74753	-94.925
39.74764	-94.92513
39.74776	-94.92528
39.74791	-94.92547
39.74795	-94.92553
39.74802	-94.92562
39.74821	-94.92588
39.74833	-94.92605
39.74844	-94.92622
39.74854	-94.92637
39.74856	-94.92641
39.74864	-94.92653
39.74873	-94.92668
39.74884	-94.92687
39.7489	-94.92696
39.74899	-94.92712
39.74907	-94.92726
39.74917	-94.92742
39.74927	-94.92759
39.74938	-94.92778
39.75016	-94.92908
39.75064	-94.92987
39.7507	-94.92997
39.75116	-94.93074
39.75132	-94.93101
39.75142	-94.93119
39.75146	-94.93126
39.75147	-94.93128
39.75152	-94.93141
39.75167	-94.93165
39.7518	-94.93188
39.75222	-94.93258
39.75232	-94.93273
39.75269	-94.93334
39.75312	-94.93404
39.75335	-94.93443
39.75358	-94.9348
39.75372	-94.93504
39.75388	-94.9353
39.754	-94.93549
39.75422	-94.93585
39.75428	-94.93595
39.75447	-94.93627
39.75454	-94.93637
39.75473	-94.93669
39.75485	-94.9369
39.75536	-94.93773
39.75603	-94.93883
39.75605	-94.93886
39.75666	-94.93986
39.75701	-94.94042
39.75701	-94.94043
39.75706	-94.94052
39.75739	-94.94107
39.75803	-94.94212
39.75838	-94.94269
39.75874	-94.94327
39.75887	-94.94349
39.7591	-94.94387
39.75917	-94.94399
39.7594	-94.94437
39.75948	-94.9445
39.75973	-94.94492
39.7598	-94.94504
39.75986	-94.9451
39.75991	-94.94518
39.76014	-94.94555
39.7602	-94.94565
39.76023	-94.9457
39.76062	-94.94636
39.76065	-94.94642
39.76073	-94.94661
39.76077	-94.9467
39.76078	-94.94676
39.7608	-94.94682
39.7608	-94.94685
39.7608	-94.94688
39.76081	-94.94695
39.76081	-94.94705
39.76081	-94.94765
39.76081	-94.94787
39.7608	-94.94851
39.7608	-94.94872
39.76081	-94.949
39.76082	-94.94913
39.76083	-94.94919
39.76084	-94.94926
39.76085	-94.94933
39.76087	-94.94941
39.7609	-94.9495
39.76093	-94.94958
39.76101	-94.94978
39.7611	-94.94994
39.7614	-94.95043
39.76151	-94.95059
39.76154	-94.95065
39.76165	-94.95083
39.76169	-94.95088
39.76172	-94.95094
39.76182	-94.95109
39.76186	-94.95114
39.76195	-94.95129
39.76197	-94.95131
39.76243	-94.952
39.76247	-94.95207
39.76268	-94.95234
39.76282	-94.95251
39.76296	-94.95267
39.76315	-94.95287
39.76327	-94.95299
39.76336	-94.95309
39.76347	-94.95319
39.76349	-94.95321
39.76353	-94.95325
39.76366	-94.95337
39.76376	-94.95347
39.76395	-94.95365
39.76431	-94.95398
39.76456	-94.95422
39.7648	-94.95445
39.76511	-94.95474
39.76547	-94.95507
39.76574	-94.95534
39.76616	-94.95573
39.76618	-94.95575
39.76637	-94.95593
39.76669	-94.95624
39.76674	-94.95628
39.76676	-94.95631
39.76718	-94.9567
39.76762	-94.95711
39.76763	-94.95713
39.76764	-94.95713
39.7679	-94.95738
39.76793	-94.9574
39.76796	-94.95743
39.76805	-94.95752
39.76837	-94.95782
39.76851	-94.95795
39.76856	-94.958
39.76892	-94.95833
39.76912	-94.9585
39.76938	-94.95871
39.76964	-94.95889
39.76967	-94.95892
39.77012	-94.95919
39.77033	-94.95931
39.77042	-94.95935
39.77087	-94.95957
39.77093	-94.9596
39.7711	-94.95968
39.77143	-94.95984
39.77154	-94.95989
39.7716	-94.95992
39.77169	-94.95997
39.77177	-94.96001
39.77184	-94.96005
39.772	-94.96014
39.77215	-94.96024
39.77232	-94.96035
39.77246	-94.96046
39.77263	-94.96058
39.77277	-94.9607
39.77296	-94.96087
39.77307	-94.96097
39.77322	-94.96112
39.77335	-94.96126
39.77347	-94.96139
39.77365	-94.9616
39.77379	-94.96177
39.77396	-94.96201
39.77415	-94.96228
39.77428	-94.96249
39.77443	-94.96274
39.77464	-94.96315
39.77471	-94.96329
39.77477	-94.96342
39.77479	-94.96346
39.77487	-94.96365
39.77492	-94.96378
39.775	-94.96398
39.77506	-94.96414
39.77513	-94.96437
39.77519	-94.96456
39.77522	-94.96463
39.77525	-94.96474
39.7753	-94.96494
39.77535	-94.96512
39.7754	-94.96537
39.77542	-94.96544
39.77545	-94.96559
39.77546	-94.96564
39.77548	-94.96577
39.7755	-94.96591
39.77552	-94.96604
39.77555	-94.96624
39.77559	-94.96659
39.7756	-94.96673
39.77564	-94.96704
39.7757	-94.96767
39.77574	-94.96805
39.77575	-94.96814
39.77578	-94.96843
39.7758	-94.96865
39.77583	-94.96891
39.7759	-94.96944
39.77594	-94.96967
39.77598	-94.96989
39.776	-94.96997
39.77602	-94.9701
39.77609	-94.97039
39.77614	-94.97061
39.77623	-94.97095
39.77632	-94.97123
39.77642	-94.97154
39.77648	-94.97171
39.77655	-94.9719
39.77662	-94.97209
39.77665	-94.97215
39.77673	-94.97234
39.77684	-94.97261
39.77695	-94.97284
39.77703	-94.97301
39.7771	-94.97313
39.7772	-94.97331
39.77733	-94.97354
39.77743	-94.97372
39.77766	-94.97408
39.77768	-94.97411
39.77794	-94.97448
39.77856	-94.97536
39.77909	-94.97612
39.77925	-94.97634
39.77949	-94.97672
39.77968	-94.97703
39.77974	-94.97715
39.77978	-94.97721
39.77988	-94.97741
39.78002	-94.97769
39.78015	-94.97801
39.78018	-94.97807
39.78029	-94.97837
39.78034	-94.97849
39.7804	-94.97868
39.78047	-94.9789
39.78052	-94.97906
39.7806	-94.97937
39.78063	-94.97949
39.7807	-94.97985
39.78075	-94.98006
39.78078	-94.98024
39.78083	-94.98064
39.78086	-94.9809
39.78088	-94.98128
39.78089	-94.98134
39.78091	-94.98181
39.78093	-94.98208
39.78093	-94.98228
39.78093	-94.98235
39.78094	-94.98246
39.78097	-94.98333
39.78104	-94.98494
39.78109	-94.98626
39.78111	-94.98671
39.78111	-94.98672
39.78112	-94.98696
39.78113	-94.98715
39.78115	-94.98762
39.7812	-94.98829
39.78123	-94.98867
39.78127	-94.98914
39.78131	-94.98951
39.78134	-94.98977
39.78139	-94.99032
39.78145	-94.99083
39.78159	-94.99208
39.78169	-94.99292
39.78196	-94.99538
39.78203	-94.99597
39.78205	-94.99616
39.78208	-94.99639
39.78209	-94.99644
39.78211	-94.99662
39.78211	-94.99669
39.78218	-94.99729
39.78222	-94.99781
39.78224	-94.99805
39.78225	-94.99811
39.78225	-94.99825
39.78226	-94.99834
39.78227	-94.99885
39.78227	-94.99901
39.78227	-94.99917
39.78226	-94.99956
39.78225	-94.99995
39.78224	-95.00018
39.78223	-95.0003
39.78222	-95.00049
39.78217	-95.00095
39.78215	-95.00119
39.78213	-95.0013
39.78213	-95.00134
39.78211	-95.00151
39.7821	-95.00158
39.78206	-95.00183
39.782	-95.00227
39.78197	-95.00248
39.78193	-95.00269
39.78185	-95.00328
39.78183	-95.00346
39.78178	-95.00387
39.78173	-95.00427
39.7817	-95.00468
39.78166	-95.00514
39.78164	-95.00551
39.78163	-95.00577
39.78161	-95.00619
39.7816	-95.00673
39.78161	-95.00697
39.78161	-95.00715
39.78161	-95.00727
39.78162	-95.00773
39.78163	-95.00813
39.78165	-95.00846
39.78168	-95.0088
39.78171	-95.00923
39.78174	-95.00949
39.78176	-95.00977
39.7818	-95.01003
39.78184	-95.01036
39.78189	-95.01075
39.78189	-95.01076
39.78194	-95.01107
39.782	-95.0115
39.7821	-95.01216
39.78216	-95.01256
39.78226	-95.01321
39.78237	-95.01396
39.78255	-95.01522
39.78259	-95.01546
39.78263	-95.01577
39.78303	-95.01846
39.78309	-95.01891
39.7831	-95.01899
39.78344	-95.02129
39.78361	-95.02243
39.78364	-95.02262
39.78367	-95.02282
39.78377	-95.02348
39.78385	-95.02394
39.7839	-95.02429
39.78398	-95.02473
39.78403	-95.025
39.78416	-95.02569
39.78418	-95.02576
39.78428	-95.02622
39.78435	-95.02654
39.78437	-95.02666
39.78443	-95.02689
39.78448	-95.02711
39.78493	-95.029
39.78524	-95.03033
39.78544	-95.03114
39.78549	-95.03136
39.78557	-95.0317
39.78565	-95.03203
39.7857	-95.03225
39.78598	-95.03344
39.78602	-95.0336
39.78614	-95.03409
39.78624	-95.03449
39.7863	-95.03476
39.78643	-95.03524
39.7865	-95.03551
39.78663	-95.03597
39.78674	-95.03632
39.78675	-95.03637
39.78684	-95.03666
39.78695	-95.03702
39.78701	-95.03719
39.78708	-95.03738
39.78708	-95.0374
39.78713	-95.03754
39.78723	-95.03783
39.78724	-95.03784
39.78754	-95.03867
39.78767	-95.03897
39.78789	-95.03949
39.78804	-95.03986
39.78819	-95.04019
39.78838	-95.04062
39.78855	-95.04101
39.78869	-95.04133
39.78917	-95.04243
39.78926	-95.04262
39.78926	-95.04263
39.78935	-95.04283
39.78946	-95.04306
39.78969	-95.04359
39.78972	-95.04367
39.78981	-95.04388
39.7899	-95.04408
39.78999	-95.04428
39.79015	-95.04464
39.79035	-95.04509
39.79062	-95.0457
39.7908	-95.04611
39.79115	-95.04691
39.7917	-95.04814
39.79174	-95.04824
39.79188	-95.04855
39.79215	-95.04916
39.79226	-95.04942
39.79266	-95.05032
39.79276	-95.05056
39.79303	-95.05119
39.79304	-95.0512
39.79309	-95.05134
39.79318	-95.0516
39.79324	-95.0518
39.79325	-95.05183
39.79328	-95.05192
39.79331	-95.05205
39.79334	-95.05215
39.79339	-95.05235
39.7934	-95.05243
39.79342	-95.05252
39.79345	-95.05272
39.79345	-95.05273
39.79349	-95.05301
39.79351	-95.05315
39.79352	-95.05326
39.79353	-95.05339
39.79353	-95.05359
39.79354	-95.05377
39.79354	-95.05382
39.79354	-95.05391
39.79354	-95.05406
39.79354	-95.05416
39.79354	-95.05432
39.79353	-95.05461
39.79351	-95.05484
39.7935	-95.05503
39.79348	-95.0554
39.79347	-95.05563
39.79345	-95.05588
39.79342	-95.05644
39.79341	-95.05649
39.79341	-95.05658
39.79338	-95.0571
39.79335	-95.05766
39.79327	-95.05887
39.79326	-95.05897
39.79325	-95.0592
39.79322	-95.05967
39.79321	-95.0599
39.79318	-95.06037
39.79318	-95.0604
39.79317	-95.0606
39.7931	-95.06177
39.793	-95.06346
39.79296	-95.0641
39.79293	-95.06457
39.79292	-95.0648
39.7929	-95.0651
39.79286	-95.06574
39.79278	-95.06711
39.79276	-95.06756
39.79275	-95.06759
39.79273	-95.06803
39.79272	-95.06826
39.79269	-95.06875
39.79265	-95.06924
39.79263	-95.06965
39.79262	-95.06991
39.7926	-95.07013
39.7926	-95.07015
39.7926	-95.0702
39.79259	-95.07036
39.79259	-95.0705
39.79257	-95.07079
39.79257	-95.07083
39.79255	-95.07108
39.79255	-95.07115
39.79254	-95.07129
39.79253	-95.07158
39.79252	-95.07174
39.79251	-95.07199
39.79251	-95.07223
39.79251	-95.07224
39.79251	-95.07225
39.79251	-95.07246
39.79251	-95.07257
39.79251	-95.07263
39.79251	-95.0727
39.79251	-95.0728
39.79252	-95.07317
39.79253	-95.07332
39.79255	-95.07367
39.79256	-95.0738
39.7926	-95.07419
39.7926	-95.07422
39.79261	-95.07433
39.79265	-95.07462
39.79269	-95.07493
39.79276	-95.07537
39.79278	-95.07552
39.79281	-95.07569
39.79283	-95.07578
39.79285	-95.07588
39.79295	-95.07634
39.79295	-95.07637
39.79298	-95.07651
39.793	-95.07661
39.79305	-95.07679
39.79326	-95.07771
39.79328	-95.07783
39.7934	-95.07836
39.79345	-95.07858
39.79346	-95.07862
39.7935	-95.0788
39.79351	-95.07885
39.79363	-95.0794
39.7937	-95.07971
39.79375	-95.07993
39.79375	-95.07994
39.7938	-95.08016
39.79386	-95.08042
39.79391	-95.08063
39.79391	-95.08065
39.79398	-95.08096
39.79404	-95.08126
39.79404	-95.08128
39.7941	-95.08161
39.79414	-95.08185
39.79419	-95.08212
39.79424	-95.08247
39.79425	-95.08252
39.79427	-95.0827
39.7943	-95.0829
39.79432	-95.08305
39.79434	-95.08323
39.79437	-95.08354
39.79439	-95.08371
39.79441	-95.08395
39.79443	-95.08421
39.79444	-95.08447
39.79446	-95.08475
39.79447	-95.08491
39.79447	-95.08501
39.79448	-95.08515
39.79449	-95.08592
39.79449	-95.08619
39.79449	-95.08749
39.79448	-95.08813
39.79448	-95.08852
39.79448	-95.08866
39.79448	-95.08913
39.79448	-95.09105
39.79448	-95.09123
39.79448	-95.09164
39.79448	-95.09197
39.79449	-95.09228
39.79448	-95.09308
39.79447	-95.09366
39.79447	-95.09514
39.79447	-95.09601
39.79448	-95.09656
39.79449	-95.09679
39.79449	-95.0968
39.79451	-95.09747
39.79453	-95.09774
39.79457	-95.09834
39.79458	-95.09849
39.79461	-95.09886
39.79464	-95.09919
39.79467	-95.09949
39.79474	-95.1002
39.79479	-95.10065
39.7949	-95.10135
39.79496	-95.10174
39.795	-95.10196
39.79505	-95.10224
39.79512	-95.10265
39.79518	-95.10294
39.79528	-95.1033
39.79537	-95.1037
39.79543	-95.10394
39.79544	-95.104
39.79545	-95.10405
39.79549	-95.1042
39.79549	-95.10422
39.79554	-95.10444
39.79554	-95.10446
39.79559	-95.10466
39.79563	-95.10484
39.79567	-95.10505
39.79569	-95.10512
39.7957	-95.10517
39.79571	-95.10526
39.7958	-95.10561
39.79589	-95.10601
39.79596	-95.1063
39.79601	-95.10649
39.79608	-95.10679
39.79613	-95.10702
39.79623	-95.10751
39.79635	-95.10804
39.79648	-95.10862
39.79651	-95.10878
39.79666	-95.10944
39.79671	-95.10967
39.79716	-95.1117
39.79727	-95.11218
39.79734	-95.11251
39.79735	-95.1126
39.7974	-95.11281
39.79744	-95.11302
39.79753	-95.11351
39.79754	-95.11353
39.7976	-95.11387
39.79761	-95.11395
39.79765	-95.11416
39.79765	-95.11419
39.79769	-95.11441
39.79773	-95.11466
39.79775	-95.11487
39.79778	-95.11517
39.79783	-95.11564
39.79789	-95.11632
39.7979	-95.11655
39.79793	-95.11691
39.79794	-95.11734
39.79795	-95.1174
39.79795	-95.11747
39.79796	-95.11821
39.79797	-95.11899
39.79797	-95.11933
39.79798	-95.11984
39.79798	-95.12003
39.79799	-95.12062
39.79799	-95.12111
39.798	-95.12138
39.798	-95.12148
39.798	-95.12165
39.798	-95.12171
39.79802	-95.12297
39.79803	-95.12348
39.79803	-95.12359
39.79806	-95.12482
39.79806	-95.12538
39.79806	-95.12552
39.79806	-95.12575
39.79806	-95.12606
39.79807	-95.12653
39.79807	-95.12654
39.79807	-95.12668
39.79807	-95.12723
39.79807	-95.12793
39.79807	-95.12863
39.79806	-95.1289
39.79806	-95.12939
39.79806	-95.12957
39.79807	-95.13021
39.79807	-95.1305
39.79806	-95.13092
39.79806	-95.1313
39.79806	-95.13172
39.79807	-95.13238
39.79807	-95.13317
39.79807	-95.13345
39.79807	-95.13369
39.79807	-95.13392
39.79807	-95.13402
39.79807	-95.13416
39.79807	-95.13476
39.79807	-95.13486
39.79806	-95.13509
39.79806	-95.13526
39.79807	-95.13556
39.79807	-95.1369
39.79807	-95.1376
39.79807	-95.13825
39.79806	-95.13919
39.79807	-95.13998
39.79807	-95.1401
39.79807	-95.14033
39.79807	-95.1412
39.79807	-95.14153
39.79807	-95.14174
39.79807	-95.14197
39.79807	-95.14209
39.79807	-95.14221
39.79807	-95.14244
39.79807	-95.14285
39.79807	-95.14317
39.79807	-95.14338
39.79807	-95.1435
39.79808	-95.14361
39.79808	-95.14385
39.79808	-95.14408
39.79808	-95.14419
39.79808	-95.14473
39.79809	-95.14502
39.79809	-95.14515
39.79809	-95.14525
39.79809	-95.14548
39.79809	-95.14567
39.79809	-95.14581
39.79809	-95.14595
39.79809	-95.14616
39.7981	-95.14666
39.7981	-95.14736
39.79811	-95.14832
39.79812	-95.14917
39.79812	-95.1503
39.79812	-95.1504
39.79814	-95.15213
39.79814	-95.15236
39.79815	-95.1528
39.79815	-95.15296
39.79815	-95.15349
39.79815	-95.1538
39.79816	-95.15444
39.79816	-95.15477
39.79816	-95.15504
39.79816	-95.15544
39.79816	-95.15618
39.79818	-95.15723
39.79819	-95.15799
39.79819	-95.15818
39.7982	-95.15831
39.79821	-95.1586
39.79822	-95.15883
39.79823	-95.15893
39.79824	-95.15905
39.79824	-95.15912
39.79827	-95.1595
39.7983	-95.15986
39.7983	-95.15988
39.79832	-95.16009
39.79835	-95.16031
39.79837	-95.1605
39.79839	-95.16069
39.79844	-95.16104
39.79847	-95.16128
39.7985	-95.16147
39.79854	-95.16167
39.79859	-95.16198
39.79862	-95.16214
39.79871	-95.16264
39.79881	-95.16314
39.79902	-95.16413
39.79905	-95.16426
39.79908	-95.16446
39.79937	-95.16581
39.79946	-95.16629
39.79953	-95.16661
39.79981	-95.16805
39.79992	-95.16857
39.80019	-95.16992
39.80036	-95.17074
39.80056	-95.17174
39.80067	-95.1723
39.80077	-95.17277
39.80079	-95.17286
39.80088	-95.17333
39.80091	-95.17345
39.80094	-95.17358
39.80097	-95.17374
39.80102	-95.17397
39.80105	-95.1741
39.80107	-95.17419
39.80116	-95.17452
39.80121	-95.17476
39.80125	-95.1749
39.80129	-95.17503
39.80133	-95.17516
39.80141	-95.17545
39.80147	-95.17562
39.80151	-95.17575
39.80153	-95.17582
39.80161	-95.17605
39.80168	-95.17627
39.80171	-95.17637
39.80183	-95.17669
39.80189	-95.17687
39.80202	-95.17722
39.80215	-95.17754
39.80223	-95.17774
39.8023	-95.17793
39.80257	-95.17852
39.80258	-95.17856
39.80263	-95.17865
39.8028	-95.17901
39.80294	-95.17929
39.80308	-95.17956
39.80316	-95.17972
39.80323	-95.17985
39.8037	-95.18077
39.80379	-95.18094
39.80386	-95.18109
39.80392	-95.18122
39.80415	-95.18167
39.80434	-95.18202
39.8045	-95.18233
39.80451	-95.18235
39.80463	-95.18258
39.80483	-95.18297
39.80491	-95.18312
39.80508	-95.18345
39.8053	-95.18385
39.80536	-95.18397
39.80543	-95.18408
39.80554	-95.1843
39.80583	-95.18486
39.80584	-95.18488
39.80595	-95.18508
39.80603	-95.18524
39.80624	-95.18562
39.80637	-95.18586
39.80642	-95.18596
39.80645	-95.18603
39.8065	-95.18613
39.80652	-95.18619
39.80655	-95.18624
39.8066	-95.18637
39.80664	-95.18648
39.80675	-95.18669
39.80681	-95.18682
39.80684	-95.18689
39.80731	-95.18779
39.8076	-95.18834
39.80771	-95.18857
39.80782	-95.18876
39.80796	-95.18904
39.80807	-95.18926
39.80812	-95.18936
39.80822	-95.18954
39.80831	-95.18973
39.80837	-95.18984
39.8087	-95.19052
39.80887	-95.19085
39.80911	-95.19129
39.80919	-95.19143
39.80934	-95.1917
39.80954	-95.19204
39.80956	-95.19207
39.80976	-95.1924
39.80978	-95.19245
39.81019	-95.19314
39.81028	-95.1933
39.81052	-95.1937
39.81058	-95.19381
39.81083	-95.19426
39.81084	-95.19427
39.81111	-95.19474
39.8113	-95.19506
39.81138	-95.1952
39.81138	-95.19521
39.81173	-95.19581
39.81181	-95.19595
39.81182	-95.19597
39.81184	-95.196
39.81192	-95.19614
39.81205	-95.19638
39.8121	-95.19646
39.81213	-95.19652
39.81216	-95.19656
39.81224	-95.1967
39.81235	-95.19689
39.81248	-95.19712
39.81256	-95.19726
39.81295	-95.19793
39.813	-95.19801
39.81301	-95.19802
39.81304	-95.19809
39.81308	-95.19815
39.81321	-95.19838
39.81336	-95.19864
39.81339	-95.1987
39.81344	-95.19879
39.81345	-95.19879
39.81353	-95.19893
39.81369	-95.19923
39.81373	-95.19929
39.8139	-95.19959
39.81395	-95.19967
39.81411	-95.19996
39.81413	-95.19998
39.81433	-95.20033
39.81445	-95.20054
39.81456	-95.20073
39.81484	-95.20122
39.81504	-95.20157
39.81528	-95.20199
39.81536	-95.20212
39.81544	-95.20227
39.81561	-95.20256
39.81574	-95.20279
39.8159	-95.20307
39.81601	-95.20327
39.81638	-95.20391
39.81654	-95.20419
39.81658	-95.20425
39.81668	-95.20444
39.81672	-95.2045
39.81678	-95.20459
39.81683	-95.20469
39.81707	-95.2051
39.81727	-95.20544
39.81749	-95.20583
39.81758	-95.206
39.81769	-95.20619
39.81775	-95.2063
39.81797	-95.20668
39.81816	-95.207
39.8182	-95.20707
39.81823	-95.20713
39.81834	-95.20732
39.81835	-95.20733
39.81844	-95.2075
39.81846	-95.20754
39.81866	-95.20788
39.81898	-95.20844
39.81929	-95.20896
39.81961	-95.20952
39.81974	-95.20975
39.82005	-95.2103
39.82042	-95.21094
39.82049	-95.21107
39.8206	-95.21125
39.82071	-95.21144
39.82096	-95.2119
39.82103	-95.21201
39.82114	-95.21219
39.82126	-95.21241
39.82146	-95.21276
39.82157	-95.21296
39.82167	-95.21312
39.82174	-95.21325
39.82189	-95.2135
39.82211	-95.21388
39.82234	-95.21426
39.82244	-95.21443
39.82266	-95.2148
39.82277	-95.21499
39.8228	-95.21503
39.823	-95.21539
39.82309	-95.21555
39.82311	-95.21558
39.82324	-95.21581
39.82331	-95.21593
39.82342	-95.21613
39.82352	-95.21631
39.82373	-95.21669
39.82383	-95.21687
39.82392	-95.21703
39.82423	-95.21757
39.82442	-95.21791
39.8245	-95.21804
39.82486	-95.21866
39.82524	-95.21932
39.82536	-95.21952
39.82582	-95.22033
39.8259	-95.22049
39.82632	-95.22123
39.82661	-95.22175
39.82682	-95.22209
39.82687	-95.22218
39.82703	-95.22246
39.82732	-95.22295
39.82743	-95.22316
39.82756	-95.2234
39.82764	-95.22353
39.82771	-95.22366
39.82781	-95.22383
39.82782	-95.22385
39.82787	-95.22395
39.82806	-95.22427
39.82846	-95.22495
39.82849	-95.22498
39.82859	-95.22517
39.8288	-95.22551
39.8292	-95.22621
39.82939	-95.22653
39.82941	-95.22657
39.82952	-95.22677
39.82981	-95.22729
39.82989	-95.22742
39.83035	-95.22823
39.83048	-95.22846
39.83089	-95.22917
39.83115	-95.22961
39.83146	-95.23013
39.83156	-95.23032
39.83157	-95.23033
39.83191	-95.23094
39.83211	-95.2313
39.83236	-95.23172
39.83249	-95.23195
39.83253	-95.23201
39.83271	-95.23232
39.83278	-95.23245
39.83297	-95.23282
39.8331	-95.23308
39.83328	-95.23344
39.83342	-95.2337
39.83359	-95.23406
39.83373	-95.23434
39.83373	-95.23435
39.83383	-95.23459
39.83394	-95.23486
39.83408	-95.23522
39.83428	-95.23578
39.83429	-95.23581
39.83434	-95.23597
39.83445	-95.23626
39.83459	-95.23669
39.8347	-95.23703
39.83472	-95.2371
39.8348	-95.23735
39.83497	-95.23795
39.83507	-95.23832
39.83515	-95.23864
39.83526	-95.23914
39.83535	-95.2396
39.83544	-95.24005
39.83552	-95.24052
39.83559	-95.2409
39.83563	-95.24113
39.83573	-95.24172
39.8358	-95.24215
39.83585	-95.24244
39.8359	-95.24274
39.83592	-95.24288
39.83594	-95.24297
39.83602	-95.2434
39.83624	-95.24469
39.83638	-95.24548
39.83652	-95.2463
39.83681	-95.2479
39.83685	-95.24813
39.83686	-95.24819
39.83692	-95.24854
39.83703	-95.24915
39.8371	-95.24956
39.83724	-95.25033
39.83741	-95.25131
39.83754	-95.25208
39.83756	-95.2522
39.83777	-95.25339
39.83788	-95.25401
39.83789	-95.25409
39.83822	-95.25593
39.83822	-95.25596
39.83837	-95.25683
39.83838	-95.25691
39.83853	-95.25775
39.83862	-95.25828
39.83867	-95.25854
39.83873	-95.25889
39.8388	-95.25926
39.83887	-95.25966
39.83895	-95.26012
39.83901	-95.26049
39.83917	-95.26138
39.83923	-95.26172
39.83953	-95.26345
39.83969	-95.26436
39.83973	-95.26459
39.83982	-95.26509
39.83983	-95.26514
39.83992	-95.26566
39.84003	-95.26631
39.84005	-95.26641
39.84014	-95.26694
39.8403	-95.26783
39.84038	-95.26827
39.84041	-95.26847
39.84052	-95.26909
39.84056	-95.26932
39.84065	-95.26982
39.84081	-95.27078
39.84083	-95.27088
39.84087	-95.27113
39.84102	-95.27202
39.84137	-95.27397
39.84141	-95.27421
39.84149	-95.27467
39.84156	-95.27505
39.84169	-95.27585
39.84179	-95.27645
39.84183	-95.27677
39.84188	-95.2772
39.84191	-95.2775
39.84197	-95.27813
39.842	-95.27861
39.84201	-95.27889
39.84203	-95.27933
39.84204	-95.27998
39.84205	-95.28046
39.84206	-95.28073
39.84207	-95.28166
39.84208	-95.28234
39.84208	-95.28242
39.84209	-95.28327
39.84209	-95.28345
39.8421	-95.28397
39.8421	-95.2841
39.84211	-95.28451
39.84213	-95.28574
39.84213	-95.28597
39.84214	-95.2862
39.84214	-95.28644
39.84214	-95.28691
39.84214	-95.28714
39.84215	-95.28784
39.84215	-95.28808
39.84215	-95.28831
39.84215	-95.28835
39.84215	-95.28855
39.84215	-95.28948
39.84215	-95.28972
39.84215	-95.29019
39.84215	-95.29028
39.84215	-95.29065
39.84215	-95.29089
39.84215	-95.29131
39.84215	-95.29222
39.84215	-95.29323
39.84215	-95.29335
39.84214	-95.29538
39.84214	-95.29664
39.84214	-95.29778
39.84214	-95.29845
39.84214	-95.29891
39.84213	-95.29932
39.84213	-95.29971
39.84214	-95.30213
39.84213	-95.30239
39.84214	-95.30283
39.84213	-95.3038
39.84213	-95.30505
39.84213	-95.30573
39.84213	-95.30597
39.84213	-95.30653
39.84213	-95.30687
39.84213	-95.30722
39.84213	-95.30759
39.84213	-95.30932
39.84213	-95.30946
39.84212	-95.31049
39.84212	-95.31063
39.84212	-95.31157
39.84211	-95.31869
39.84211	-95.31954
39.84211	-95.31977
39.84211	-95.31986
39.84211	-95.32009
39.84211	-95.32071
39.84211	-95.32176
39.8421074	-95.32176
39.8421	-95.32214
39.84208	-95.32309
39.84208	-95.32356
39.84208	-95.32379
39.84208	-95.32409
39.84208	-95.32456
39.84208	-95.3252
39.84208	-95.32579
39.84208	-95.32625
39.84208	-95.3265
39.84208	-95.32737
39.84208	-95.32743
39.84208	-95.32766
39.84207	-95.32971
39.84207	-95.32988
39.84207	-95.33
39.84206	-95.33159
39.84206	-95.33164
39.84206	-95.33188
39.84205	-95.3337
39.84205	-95.33492
39.84204	-95.33609
39.84204	-95.33643
39.84203	-95.33749
39.84203	-95.3375
39.84203	-95.33797
39.84203	-95.33928
39.84203	-95.33983
39.84203	-95.34029
39.84203	-95.34101
39.84203	-95.34125
39.84203	-95.34142
39.84203	-95.34148
39.84204	-95.34226
39.84204	-95.34265
39.84205	-95.34277
39.84205	-95.34289
39.84206	-95.34312
39.84208	-95.34358
39.8421	-95.34402
39.8421	-95.34405
39.84212	-95.34429
39.84212	-95.34446
39.84215	-95.34476
39.84218	-95.34522
39.84219	-95.34536
39.84225	-95.34615
39.84226	-95.3463
39.84233	-95.3472
39.84233	-95.34725
39.8425	-95.34936
39.84253	-95.34976
39.84255	-95.3499
39.84258	-95.35046
39.84259	-95.35055
39.84261	-95.35093
39.84262	-95.35105
39.84263	-95.35116
39.84264	-95.35133
39.84264	-95.3514
39.84266	-95.35184
39.84266	-95.35186
39.84267	-95.35233
39.84268	-95.35257
39.84269	-95.35286
39.84269	-95.3531
39.84269	-95.35333
39.8427	-95.35392
39.84267	-95.35472
39.84262	-95.3558
39.84259	-95.35603
39.8424	-95.35791
39.84231	-95.35857
39.84231	-95.35858
39.84218	-95.35953
39.84196	-95.36114
39.84172	-95.36285
39.84158	-95.36399
39.84154	-95.36435
39.84151	-95.36458
39.84149	-95.36481
39.84137	-95.36602
39.8413	-95.36678
39.84129	-95.36691
39.84124	-95.36768
39.84124	-95.36779
39.84119	-95.36881
39.84118	-95.36948
39.84117	-95.37008
39.84117	-95.37088
39.84117	-95.37148
39.84117	-95.37194
39.84117	-95.3726
39.84117	-95.3733
39.84117	-95.37401
39.84117	-95.37448
39.84117	-95.37477
39.84117	-95.37501
39.84117	-95.37524
39.84116	-95.37665
39.84116	-95.37688
39.84116	-95.37735
39.84115	-95.37829
39.84116	-95.37847
39.84116	-95.37946
39.84116	-95.38005
39.84116	-95.3811
39.84116	-95.38183
39.84116	-95.38227
39.84116	-95.38353
39.84116	-95.38391
39.84117	-95.38533
39.84116	-95.38578
39.84116	-95.38649
39.84116	-95.38695
39.84115	-95.38719
39.84115	-95.38734
39.84115	-95.38789
39.84115	-95.38859
39.84115	-95.38906
39.84115	-95.3893
39.84115	-95.38944
39.84115	-95.38953
39.84115	-95.39047
39.84115	-95.3907
39.84115	-95.39129
39.84115	-95.3914
39.84115	-95.39187
39.84115	-95.39211
39.84115	-95.39234
39.84114	-95.39269
39.84115	-95.39415
39.84116	-95.39609
39.84116	-95.39632
39.84116	-95.39646
39.84116	-95.39656
39.84116	-95.39679
39.84116	-95.39703
39.84116	-95.39726
39.84115	-95.39773
39.84115	-95.39843
39.84115	-95.39867
39.84115	-95.39937
39.84115	-95.3996
39.84115	-95.39994
39.84115	-95.40064
39.84115	-95.40111
39.84115	-95.40134
39.84114	-95.40228
39.84114	-95.40303
39.84114	-95.40328
39.84115	-95.40506
39.84114	-95.40743
39.84114	-95.40747
39.84114	-95.40763
39.84116	-95.40873
39.84119	-95.40927
39.8412	-95.40974
39.84123	-95.41044
39.84126	-95.41108
39.84128	-95.41153
39.84132	-95.41199
39.84151	-95.41493
39.84153	-95.41536
39.84153	-95.41541
39.84155	-95.41579
39.84168	-95.41774
39.84169	-95.41797
39.84176	-95.41891
39.84185	-95.42009
39.84189	-95.42078
39.84195	-95.42176
39.842	-95.42317
39.84201	-95.4234
39.84203	-95.4241
39.84204	-95.42449
39.84204	-95.42457
39.84205	-95.42481
39.84207	-95.42598
39.84207	-95.42614
39.84207	-95.42621
39.84207	-95.42691
39.84206	-95.42785
39.84206	-95.42809
39.84206	-95.42816
39.84204	-95.4323
39.84204	-95.43277
39.84204	-95.43371
39.84204	-95.43409
39.84204	-95.43418
39.84204	-95.43427
39.84204	-95.43428
39.84204	-95.43452
39.84204	-95.43524
39.84203	-95.43641
39.84203	-95.43805
39.84203	-95.43901
39.84201	-95.4411
39.84201	-95.44131
39.84201	-95.44157
39.84201	-95.44248
39.84201	-95.4425
39.84201	-95.44282
39.842	-95.44377
39.84199	-95.44635
39.84197	-95.45185
39.84197	-95.45385
39.84197	-95.45408
39.84196	-95.45455
39.84196	-95.45478
39.84196	-95.45572
39.84196	-95.45595
39.84196	-95.45619
39.84196	-95.45642
39.84196	-95.45667
39.84194	-95.45759
39.84193	-95.45783
39.8419	-95.45917
39.8419	-95.45923
39.84189	-95.45947
39.84182	-95.4611
39.84181	-95.46134
39.84179	-95.46181
39.84172	-95.46297
39.84168	-95.46367
39.84145	-95.46741
39.84142	-95.46788
39.84141	-95.46811
39.84136	-95.46881
39.84126	-95.47048
39.84125	-95.47062
39.84125	-95.47064
39.84124	-95.4709
39.84115	-95.47238
39.84112	-95.47284
39.84101	-95.47495
39.84098	-95.47565
39.84098	-95.47569
39.84093	-95.47635
39.84091	-95.47681
39.84089	-95.47705
39.84085	-95.47775
39.84082	-95.4782
39.84067	-95.48055
39.84066	-95.48078
39.84065	-95.48087
39.84058	-95.48195
39.84058	-95.48204
39.8405	-95.48321
39.84047	-95.48404
39.84044	-95.48474
39.84035	-95.48593
39.84033	-95.4863
39.84031	-95.48674
39.84025	-95.48827
39.84024	-95.48947
39.84024	-95.48948
39.84023	-95.48958
39.84023	-95.49015
39.84023	-95.49085
39.84025	-95.49202
39.8403	-95.4935
39.84034	-95.49424
39.84041	-95.49599
39.84055	-95.49915
39.84056	-95.49982
39.84057	-95.50005
39.84058	-95.50029
39.84061	-95.50133
39.84065	-95.50239
39.84069	-95.50375
39.84075	-95.5048
39.84076	-95.50497
39.84083	-95.50571
39.84085	-95.50593
39.84088	-95.50613
39.84088	-95.50616
39.84091	-95.50638
39.84098	-95.50684
39.841	-95.50694
39.84113	-95.50767
39.84136	-95.50872
39.84147	-95.50922
39.84159	-95.50976
39.8416	-95.5098
39.84169	-95.51019
39.84169	-95.51021
39.84169	-95.51024
39.84173	-95.51047
39.84176	-95.51067
39.84185	-95.51132
39.84191	-95.51179
39.84193	-95.51205
39.84195	-95.51232
39.84196	-95.51236
39.84197	-95.51255
39.84197	-95.51275
39.84199	-95.51325
39.84199	-95.51346
39.842	-95.5141
39.842	-95.51419
39.84201	-95.51463
39.84201	-95.51466
39.84202	-95.51549
39.84202	-95.5158
39.84205	-95.5174
39.84205	-95.51779
39.84204	-95.51835
39.84204	-95.51841
39.84203	-95.51864
39.84202	-95.51883
39.84199	-95.51917
39.84197	-95.51945
39.84193	-95.51987
39.84189	-95.52027
39.84186	-95.52056
39.84183	-95.5208
39.84176	-95.52126
39.84174	-95.52138
39.84165	-95.52188
39.84158	-95.52228
39.84141	-95.52319
39.84132	-95.52361
39.8412	-95.52419
39.8411	-95.5247
39.84102	-95.52516
39.84091	-95.52593
39.84085	-95.5264
39.84079	-95.52691
39.84078	-95.52703
39.84078	-95.52708
39.84077	-95.5271
39.84076	-95.52727
39.84076	-95.52728
39.84074	-95.52764
39.84071	-95.52816
39.8407	-95.52844
39.8407	-95.52867
39.84068	-95.52901
39.84067	-95.53078
39.8407	-95.53134
39.84073	-95.53188
39.84072	-95.53252
39.84073	-95.53423
39.84073	-95.53446
39.84074	-95.5347
39.84074	-95.53493
39.84074	-95.53529
39.84074	-95.53564
39.84074	-95.53588
39.84075	-95.5361
39.84075	-95.53635
39.84075	-95.5364
39.84075	-95.53663
39.84075	-95.53674
39.84075	-95.53692
39.84076	-95.53825
39.84077	-95.53892
39.84077	-95.54
39.8408	-95.54191
39.84082	-95.54245
39.84083	-95.54308
39.84084	-95.54425
39.84086	-95.54507
39.84087	-95.54581
39.84088	-95.54599
39.84091	-95.54672
39.84094	-95.54756
39.84105	-95.55011
39.84112	-95.55122
39.84115	-95.55169
39.84118	-95.55201
39.84123	-95.55271
39.84123	-95.55273
39.84127	-95.55309
39.8413	-95.55341
39.8414	-95.55432
39.8414	-95.55433
39.84144	-95.55471
39.84149	-95.55516
39.84151	-95.55536
39.84158	-95.55598
39.8417	-95.55714
39.84174	-95.55746
39.84179	-95.55784
39.84184	-95.55828
39.84187	-95.55851
39.84188	-95.55864
39.84191	-95.55887
39.84194	-95.55913
39.84196	-95.55933
39.842	-95.55966
39.84203	-95.5599
39.84203	-95.55992
39.84206	-95.56015
39.84207	-95.56026
39.84207	-95.56027
39.84209	-95.56039
39.84211	-95.56049
39.84211	-95.56051
39.84213	-95.56062
39.84215	-95.56074
39.84218	-95.56085
39.84219	-95.56091
39.8422	-95.56097
39.84226	-95.56118
39.84234	-95.56145
39.84236	-95.56152
39.8424	-95.56164
39.84243	-95.56172
39.84246	-95.56178
39.84248	-95.56183
39.84249	-95.56185
39.84251	-95.56192
39.84252	-95.56194
39.84257	-95.56202
39.84261	-95.56211
39.8427	-95.56226
39.84275	-95.56232
39.8429	-95.56255
39.84301	-95.56269
39.84318	-95.56289
39.84333	-95.56304
39.84341	-95.56312
39.84358	-95.56326
39.84369	-95.56335
39.84372	-95.56337
39.84381	-95.56343
39.84394	-95.5635
39.84406	-95.56356
39.84431	-95.56366
39.84442	-95.5637
39.84457	-95.56374
39.84458	-95.56374
39.84486	-95.5638
39.84503	-95.56382
39.84523	-95.56383
39.84541	-95.56384
39.84545	-95.56385
39.84563	-95.56385
39.84658	-95.56386
39.8467	-95.56388
39.84671	-95.56388
39.84689	-95.56392
39.84698	-95.56395
39.84705	-95.56397
39.84713	-95.564
39.84719	-95.56403
39.84723	-95.56405
39.84724	-95.56406
39.8473	-95.56409
39.84737	-95.56413
39.84753	-95.56424
39.8476	-95.5643
39.84766	-95.56435
39.84779	-95.56446
39.84789	-95.56456
39.84805	-95.56473
39.84821	-95.565
39.84825	-95.56506
39.84828	-95.56512
39.8484	-95.56538
39.84846	-95.56552
39.8485	-95.56564
39.84855	-95.56583
39.84859	-95.56602
39.84862	-95.56616
39.84864	-95.56631
39.84866	-95.56646
39.84867	-95.56657
39.84868	-95.56669
39.84869	-95.5669
39.84869	-95.56744
39.84869	-95.56791
39.84869	-95.56885
39.84868	-95.56964
39.84867	-95.57093
39.84867	-95.57164
39.84867	-95.57211
39.84866	-95.5736
39.84865	-95.57397
39.84865	-95.5743
39.84865	-95.575
39.84864	-95.57594
39.84864	-95.57617
39.84863	-95.57828
39.84862	-95.57899
39.84861	-95.58109
39.84861	-95.58203
39.84861	-95.58278
39.8486	-95.58367
39.84859	-95.58625
39.84858	-95.58812
39.84858	-95.58836
39.84857	-95.59
39.84857	-95.59023
39.84857	-95.59036
39.84857	-95.5914
39.84857	-95.59164
39.84856	-95.59297
39.84856	-95.59438
39.84856	-95.59532
39.84856	-95.59743
39.84857	-95.59813
39.84857	-95.59948
39.84856	-95.60044
39.84857	-95.60129
39.84856	-95.6027
39.84856	-95.60289
39.84856	-95.60293
39.84856	-95.60363
39.84856	-95.60429
39.84856	-95.60434
39.84856	-95.60527
39.84856	-95.60553
39.84856	-95.60598
39.84856	-95.60647
39.84856	-95.60741
39.84856	-95.60788
39.84857	-95.60858
39.84857	-95.60999
39.84857	-95.61022
39.84857	-95.61167
39.84857	-95.61403
39.84857	-95.61611
39.84857	-95.61614
39.84857	-95.61731
39.84857	-95.61801
39.84856	-95.61872
39.84856	-95.61895
39.84856	-95.62036
39.84856	-95.622
39.84856	-95.6227
39.84856	-95.62293
39.84855	-95.62317
39.84855	-95.6234
39.84855	-95.62528
39.84855	-95.62535
39.84855	-95.62551
39.84854	-95.62668
39.84854	-95.62692
39.84853	-95.62785
39.84853	-95.62809
39.84852	-95.62985
39.84852	-95.63078
39.84852	-95.63102
39.84852	-95.63196
39.84852	-95.63259
39.84851	-95.63283
39.84851	-95.63306
39.84851	-95.634
39.8485	-95.6347
39.8485	-95.63494
39.84849	-95.63611
39.84849	-95.6369
39.84849	-95.63714
39.84848	-95.63808
39.84848	-95.63854
39.84848	-95.63878
39.84847	-95.63925
39.84847	-95.6401
39.84846	-95.64127
39.84846	-95.64237
39.84846	-95.64331
39.84846	-95.64354
39.84846	-95.64378
39.84845	-95.64682
39.84845	-95.64799
39.84844	-95.64823
39.84844	-95.64868
39.84844	-95.64893
39.84844	-95.64963
39.84844	-95.64987
39.84843	-95.65104
39.84843	-95.65127
39.84843	-95.65151
39.84843	-95.65245
39.84843	-95.65268
39.84842	-95.65362
39.84842	-95.65385
39.84841	-95.65573
39.84841	-95.6569
39.8484	-95.65803
39.84839	-95.65871
39.84839	-95.65964
39.84838	-95.6614
39.84837	-95.66281
39.84836	-95.66742
39.84831	-95.66898
39.84829	-95.66934
39.84827	-95.66964
39.84823	-95.66996
39.84818	-95.67028
39.84812	-95.67067
39.84806	-95.67102
39.84802	-95.67125
39.84796	-95.67154
39.84787	-95.6719
39.8478	-95.67219
39.84776	-95.67237
39.84771	-95.67254
39.84761	-95.67286
39.84748	-95.67328
39.84731	-95.67377
39.84724	-95.67399
39.84637	-95.67656
39.84588	-95.67802
39.84531	-95.67972
39.84524	-95.67993
39.84474	-95.68144
39.84438	-95.68244
39.8441	-95.68328
39.84409	-95.6833
39.84383	-95.68409
39.84354	-95.68495
39.84347	-95.68516
39.8424	-95.68831
39.84217	-95.68903
39.84213	-95.68914
39.84196	-95.68967
39.84192	-95.68978
39.84189	-95.68989
39.84178	-95.69022
39.84175	-95.69032
39.84169	-95.69054
39.84169	-95.69056
39.84163	-95.69076
39.84159	-95.6909
39.84152	-95.69119
39.84144	-95.69151
39.8414	-95.69172
39.84137	-95.69189
39.84134	-95.69205
39.84125	-95.69272
39.84121	-95.69301
39.84118	-95.69328
39.84115	-95.69367
39.84113	-95.69379
39.8411	-95.69442
39.84108	-95.69536
39.84108	-95.69677
39.84108	-95.697
39.84109	-95.69787
39.84109	-95.69835
39.84109	-95.69928
39.84109	-95.69975
39.84109	-95.69998
39.8411	-95.70021
39.8411	-95.70045
39.8411	-95.70092
39.8411	-95.70139
39.84111	-95.70302
39.84111	-95.70326
39.84111	-95.7042
39.84111	-95.7049
39.84112	-95.70654
39.84112	-95.70677
39.84112	-95.70701
39.84113	-95.70818
39.84114	-95.70954
39.84114	-95.70958
39.84114	-95.70977
39.84115	-95.71212
39.84115	-95.71284
39.84115	-95.71421
39.84115	-95.71485
39.84116	-95.71531
39.84116	-95.71573
39.84116	-95.71588
39.84116	-95.71597
39.84116	-95.71636
39.84117	-95.71761
39.84118	-95.71948
39.84118	-95.72018
39.84118	-95.72033
39.84118	-95.72042
39.84119	-95.7215
39.84119	-95.7217
39.84119	-95.72194
39.84119	-95.72243
39.84119	-95.72366
39.8412	-95.72457
39.8412	-95.72459
39.8412	-95.72529
39.8412	-95.72677
39.84121	-95.7283
39.84121	-95.72882
39.84121	-95.72893
39.84121	-95.72906
39.84122	-95.72976
39.84122	-95.73108
39.84122	-95.73183
39.841224	-95.7318287
39.84123	-95.7321
39.84123	-95.73312
39.84123	-95.73356
39.84123	-95.73421
39.84124	-95.73565
39.84124	-95.73629
39.84124	-95.73706
39.84124	-95.7373
39.84124	-95.73877
39.84126	-95.74028
39.84126	-95.74147
39.84126	-95.74154
39.84126	-95.74303
39.84125	-95.74358
39.84125	-95.74366
39.84125	-95.74475
39.84125	-95.74499
39.84125	-95.74536
39.84126	-95.74592
39.84126	-95.74616
39.84126	-95.74631
39.84127	-95.74725
39.84128	-95.75037
39.84129	-95.75146
39.84129	-95.75193
39.8413	-95.75458
39.8413	-95.75575
39.8413	-95.75646
39.8413	-95.75679
39.8413	-95.75692
39.84131	-95.7581
39.84131	-95.75856
39.84131	-95.75886
39.84132	-95.75974
39.84132	-95.75997
39.84132	-95.76008
39.84132	-95.76114
39.84132	-95.76132
39.84132	-95.76137
39.84133	-95.76278
39.84133	-95.76284
39.84134	-95.76436
39.84135	-95.76864
39.84136	-95.76977
39.84137	-95.77071
39.84137	-95.77173
39.84137	-95.7722
39.84137	-95.77267
39.84138	-95.77314
39.84138	-95.77361
39.8414	-95.77665
39.8414	-95.77782
39.84141	-95.77933
39.84142	-95.7829
39.84143	-95.78565
39.84143	-95.786
39.84144	-95.78764
39.84144	-95.78788
39.84145	-95.78864
39.84145	-95.78908
39.84145	-95.78944
39.84145	-95.79014
39.84145	-95.7906
39.84145	-95.79138
39.84145	-95.79159
39.84145	-95.79253
39.84145	-95.79254
39.84147	-95.79511
39.84147	-95.79535
39.84147	-95.7954
39.84147	-95.79652
39.84147	-95.79699
39.84148	-95.79886
39.84148	-95.79959
39.84148	-95.80074
39.84149	-95.80144
39.84149	-95.80168
39.84149	-95.80242
39.84149	-95.80389
39.8415	-95.80613
39.84151	-95.80659
39.84151	-95.80751
39.84152	-95.80892
39.84152	-95.80915
39.84154	-95.81407
39.84154	-95.8143
39.84154	-95.81571
39.84155	-95.81735
39.84156	-95.82162
39.84157	-95.82314
39.84157	-95.82381
39.84159	-95.82553
39.84159	-95.82633
39.84159	-95.82745
39.84159	-95.82864
39.84159	-95.82932
39.84159	-95.82946
39.84159	-95.82992
39.84159	-95.83026
39.84159	-95.83109
39.84159	-95.83191
39.8416	-95.83215
39.8416	-95.83426
39.8416	-95.83566
39.8416	-95.83655
39.8416	-95.83866
39.84159	-95.8396
39.84159	-95.83983
39.84159	-95.841
39.84159	-95.84147
39.84159	-95.84311
39.84158	-95.84512
39.84159	-95.84648
39.84159	-95.84671
39.84159	-95.84694
39.84159	-95.84765
39.84159	-95.84788
39.84159	-95.84812
39.84159	-95.84835
39.84159	-95.84999
39.84159	-95.85008
39.84159	-95.85022
39.84159	-95.85046
39.84159	-95.8528
39.84159	-95.85289
39.84159	-95.85397
39.84159	-95.85406
39.84159	-95.85491
39.84159	-95.85636
39.84158	-95.85882
39.84158	-95.85959
39.84158	-95.85983
39.84157	-95.86128
39.84157	-95.86162
39.84157	-95.86296
39.84156	-95.86407
39.84155	-95.86528
39.84155	-95.86638
39.84155	-95.86669
39.84153	-95.86931
39.84153	-95.87034
39.84152	-95.87043
39.84152	-95.87071
39.8415	-95.87369
39.8415	-95.87395
39.84149	-95.87535
39.84147	-95.87699
39.84145	-95.8798
39.84145	-95.87985
39.84144	-95.88074
39.84144	-95.88102
39.84143	-95.88289
39.84138	-95.88883
39.84137	-95.89053
39.84136	-95.89239
39.84135	-95.89297
39.84134	-95.89578
39.84133	-95.89665
39.84133	-95.89695
39.84133	-95.89742
39.84132	-95.89835
39.84131	-95.89918
39.84131	-95.90177
39.84131	-95.90432
39.84131	-95.90434
39.84131	-95.90458
39.84128	-95.90658
39.84129	-95.90687
39.8413	-95.90945
39.8413	-95.91038
39.84129	-95.91235
39.84129	-95.91272
39.84129	-95.91366
39.84129	-95.91389
39.84129	-95.91623
39.8413	-95.91717
39.8413	-95.91738
39.8413	-95.91764
39.8413	-95.91811
39.8413	-95.91834
39.8413	-95.91975
39.8413	-95.91998
39.8413	-95.92022
39.8413	-95.92045
39.84129	-95.9211
39.84129	-95.92129
39.84129	-95.92139
39.8413	-95.92209
39.8413	-95.92223
39.8413	-95.92232
39.8413	-95.92347
39.84129	-95.92373
39.84129	-95.92387
39.84129	-95.92396
39.84128	-95.92513
39.84128	-95.92528
39.84128	-95.9263
39.84129	-95.92809
39.84129	-95.92818
39.84129	-95.92832
39.84129	-95.92841
39.8413	-95.92888
39.8413	-95.92902
39.8413	-95.92937
39.8413	-95.92959
39.8413	-95.92982
39.8413	-95.92996
39.8413	-95.93005
39.8413	-95.9309
39.8413	-95.93099
39.84129	-95.93169
39.84129	-95.9323
39.84128	-95.93441
39.84128	-95.9345
39.84127	-95.93505
39.84127	-95.93594
39.84127	-95.93652
39.84127	-95.93722
39.84127	-95.93769
39.84127	-95.93816
39.84127	-95.93841
39.84127	-95.93864
39.84127	-95.93934
39.84127	-95.94051
39.84128	-95.94151
39.84128	-95.94154
39.84127	-95.94238
39.84127	-95.94294
39.84127	-95.94484
39.84127	-95.94495
39.84127	-95.94496
39.84127	-95.94612
39.84127	-95.94753
39.84126	-95.94776
39.84126	-95.94893
39.84126	-95.94963
39.84125	-95.95108
39.84125	-95.95244
39.84125	-95.95408
39.84125	-95.95432
39.84125	-95.95502
39.84125	-95.95525
39.84124	-95.95596
39.84124	-95.95619
39.84124	-95.95689
39.84124	-95.95713
39.84124	-95.95808
39.84124	-95.96164
39.84123	-95.96563
39.84124	-95.96628
39.84124	-95.96745
39.84124	-95.96768
39.84125	-95.97029
39.84125	-95.97096
39.84125	-95.9712
39.84124	-95.97143
39.84124	-95.9717
39.84124	-95.97213
39.84124	-95.97237
39.84123	-95.97272
39.84123	-95.97307
39.84123	-95.97331
39.84123	-95.97496
39.84122	-95.97682
39.84122	-95.97705
39.84122	-95.97729
39.84122	-95.97752
39.84121	-95.97963
39.84121	-95.97986
39.84121	-95.9799
39.84121	-95.9801
39.84121	-95.98127
39.84121	-95.9813
39.84121	-95.9815
39.84121	-95.98221
39.84121	-95.98338
39.84121	-95.98549
39.84121	-95.98666
39.84121	-95.98783
39.84121	-95.98806
39.84121	-95.9883
39.84121	-95.98833
39.84121	-95.98877
39.84121	-95.98947
39.84121	-95.9897
39.84121	-95.98994
39.84121	-95.98997
39.84121	-95.99017
39.84121	-95.99041
39.84121	-95.99064
39.84121	-95.99114
39.84121	-95.99134
39.84121	-95.99158
39.84121	-95.99181
39.84121	-95.99208
39.84121	-95.99251
39.84121	-95.99324
39.84121	-95.99395
39.84121	-95.99465
39.84121	-95.99508
39.84121	-95.99578
39.84121	-95.99649
39.84121	-95.9969
39.84121	-95.99847
39.84121	-95.99854
39.84121	-96.0005
39.84121	-96.00112
39.84121	-96.00135
39.84121	-96.00152
39.84121	-96.00175
39.84122	-96.00292
39.84122	-96.00339
39.84122	-96.00363
39.84122	-96.00369
39.84122	-96.00478
39.84122	-96.00525
39.84122	-96.00876
39.84122	-96.00947
39.84122	-96.0104
39.84122	-96.01157
39.84122	-96.01314
39.84122	-96.01385
39.84122	-96.01408
39.84122	-96.01502
39.84123	-96.01663
39.84123	-96.01806
39.84123	-96.0183
39.84123	-96.01877
39.84123	-96.019
39.84123	-96.0197
39.84123	-96.01994
39.84123	-96.02064
39.84123	-96.02134
39.84123	-96.02369
39.84123	-96.02462
39.84123	-96.02556
39.84123	-96.02579
39.84123	-96.0279
39.84123	-96.02814
39.84123	-96.02907
39.84123	-96.02954
39.84123	-96.03024
39.84123	-96.03048
39.84123	-96.03118
39.84123	-96.03142
39.84123	-96.03212
39.84123	-96.03235
39.84123	-96.03322
39.84123	-96.03444
39.84123	-96.03467
39.84123	-96.03514
39.84123	-96.03561
39.84123	-96.03912
39.84125	-96.03976
39.84124	-96.04088
39.84124	-96.04167
39.84124	-96.04231
39.84124	-96.04361
39.84124	-96.04393
39.84125	-96.04502
39.84125	-96.04529
39.84125	-96.04556
39.84126	-96.04784
39.84127	-96.04822
39.84127	-96.04997
39.84127	-96.05206
39.84125	-96.05394
39.84126	-96.05444
39.84126	-96.05471
39.84126	-96.05501
39.84126	-96.05579
39.84128	-96.05627
39.84126	-96.05656
39.84126	-96.05689
39.84125	-96.05731
39.84125	-96.05785
39.84125	-96.0587
39.84125	-96.05895
39.84126	-96.05999
39.84127	-96.06046
39.84128	-96.06142
39.84128	-96.06161
39.84128	-96.06199
39.84128	-96.06249
39.84128	-96.06269
39.84128	-96.06411
39.84129	-96.06468
39.84129	-96.06538
39.84128	-96.06646
39.84128	-96.06676
39.84127	-96.06742
39.84127	-96.06808
39.84127	-96.06855
39.84127	-96.06879
39.84127	-96.06894
39.84128	-96.06944
39.84131	-96.07038
39.84131	-96.07077
39.84131	-96.07152
39.84131	-96.072
39.84129	-96.07285
39.8413	-96.07419
39.8413	-96.07453
39.8413	-96.0749
39.84133	-96.07705
39.84134	-96.07747
39.84135	-96.07853
39.84135	-96.07861
39.84136	-96.08
39.84135	-96.08023
39.84134	-96.08056
39.84134	-96.08057
39.84135	-96.08086
39.84135	-96.08213
39.84136	-96.08305
39.84139	-96.08545
39.84139	-96.08646
39.84139	-96.08731
39.8414	-96.08779
39.8414	-96.08858
39.84141	-96.0895
39.84142	-96.09002
39.84142	-96.09049
39.84143	-96.09242
39.84143	-96.09282
39.84143	-96.09302
39.84144	-96.09345
39.84144	-96.09395
39.84145	-96.09509
39.84146	-96.09532
39.84146	-96.09556
39.84148	-96.09726
39.84148	-96.09776
39.84149	-96.09903
39.84153	-96.10324
39.84156	-96.10837
39.84156	-96.10968
39.84157	-96.1114
39.84157	-96.11163
39.8416	-96.11444
39.84162	-96.11757
39.84164	-96.11884
39.84164	-96.11896
39.84165	-96.1206
39.84166	-96.12231
39.84168	-96.12415
39.8417	-96.12493
39.8417	-96.1263
39.84172	-96.12727
39.84172	-96.12783
39.8417	-96.12838
39.8417	-96.12957
39.8417	-96.12979
39.84169	-96.13238
39.84169	-96.13261
39.84169	-96.13348
39.84169	-96.13425
39.84168	-96.13519
39.84168	-96.13542
39.84168	-96.13566
39.84168	-96.13595
39.84167	-96.14128
39.84167	-96.14258
39.84166	-96.14503
39.84166	-96.14639
39.84166	-96.14747
39.84166	-96.14834
39.84165	-96.14947
39.84165	-96.15041
39.84165	-96.15134
39.84165	-96.15243
39.84164	-96.15594
39.84164	-96.16048
39.84162	-96.16322
39.84162	-96.16404
39.84162	-96.16568
39.84162	-96.16592
39.84161	-96.16752
39.84161	-96.16927
39.84161	-96.16999
39.8416	-96.17378
39.8416	-96.17534
39.8416	-96.17693
39.84161	-96.17847
39.8416	-96.17948
39.84159	-96.18013
39.84159	-96.18107
39.84158	-96.18218
39.84158	-96.18291
39.84158	-96.18315
39.84158	-96.18338
39.84158	-96.18526
39.84157	-96.1865
39.84157	-96.18699
39.84157	-96.18751
39.84157	-96.18798
39.84155	-96.19083
39.84155	-96.19251
39.84155	-96.19334
39.84155	-96.1944
39.84154	-96.19557
39.84154	-96.19674
39.84153	-96.19698
39.84153	-96.19791
39.84153	-96.19794
39.84152	-96.19815
39.84151	-96.19885
39.84148	-96.20068
39.84146	-96.2017
39.84144	-96.20324
39.84143	-96.20477
39.84144	-96.20638
39.84144	-96.20661
39.84144	-96.20666
39.84145	-96.20685
39.84145	-96.20708
39.84148	-96.2089
39.84152	-96.21108
39.84154	-96.212
39.84155	-96.21308
39.84157	-96.21448
39.84158	-96.21583
39.84158	-96.2166
39.84158	-96.21684
39.84158	-96.21777
39.84158	-96.21824
39.84158	-96.21918
39.84158	-96.21965
39.84158	-96.22046
39.84158	-96.22236
39.84158	-96.22283
39.84158	-96.22306
39.84158	-96.22376
39.84158	-96.224
39.84158	-96.22423
39.84158	-96.2247
39.84158	-96.22494
39.84158	-96.22587
39.84158	-96.22822
39.84158	-96.22845
39.84158	-96.22986
39.84158	-96.23103
39.84157	-96.2322
39.84157	-96.23371
39.84157	-96.23408
39.84158	-96.23572
39.84158	-96.23595
39.84158	-96.23808
39.84158	-96.23903
39.84157	-96.23958
39.84157	-96.24052
39.84157	-96.24122
39.84158	-96.24192
39.84158	-96.24413
39.84158	-96.24472
39.84158	-96.24767
39.84158	-96.24774
39.84158	-96.24791
39.84158	-96.24885
39.84158	-96.24982
39.84158	-96.24997
39.84158	-96.25208
39.84158	-96.25355
39.84158	-96.25509
39.84158	-96.25521
39.84159	-96.25544
39.84159	-96.25624
39.84159	-96.25684
39.84159	-96.25745
39.84158	-96.25851
39.84158	-96.25898
39.84159	-96.25932
39.84159	-96.25979
39.84159	-96.26049
39.84159	-96.26119
39.84159	-96.2612
39.8416	-96.262
39.8416	-96.26205
39.84161	-96.26259
39.84165	-96.26375
39.84165	-96.26394
39.84169	-96.26511
39.8417	-96.26535
39.84172	-96.26605
39.84172	-96.26611
39.84173	-96.26628
39.84173	-96.26634
39.84174	-96.26652
39.84176	-96.26722
39.84176	-96.26728
39.84177	-96.26745
39.84177	-96.26751
39.84178	-96.26769
39.8418	-96.26845
39.84181	-96.26868
39.84182	-96.26892
39.84182	-96.26909
39.84183	-96.26932
39.84184	-96.26956
39.84184	-96.26979
39.84185	-96.27009
39.84193	-96.27237
39.84194	-96.27284
39.84196	-96.27335
39.84199	-96.27443
39.84201	-96.27473
39.84206	-96.27637
39.84206	-96.27665
39.84208	-96.27823
39.84209	-96.2793
39.84209	-96.27942
39.84209	-96.28094
39.84209	-96.28149
39.84209	-96.28376
39.84211	-96.28699
39.8421	-96.29002
39.8421	-96.29119
39.8421	-96.29143
39.8421	-96.29207
39.8421	-96.29213
39.8421	-96.29346
39.84211	-96.29587
39.84211	-96.29704
39.84212	-96.29833
39.84212	-96.29973
39.84212	-96.29997
39.84213	-96.30073
39.84213	-96.30255
39.84212	-96.30278
39.84212	-96.30301
39.84212	-96.30372
39.84212	-96.30395
39.84212	-96.3043
39.84212	-96.30465
39.84212	-96.30489
39.84212	-96.30512
39.84212	-96.30555
39.8421	-96.30629
39.84207	-96.30764
39.84205	-96.30858
39.84204	-96.30881
39.84202	-96.30975
39.84201	-96.31022
39.84199	-96.31099
39.84192	-96.31345
39.8419	-96.31476
39.84188	-96.3157
39.84185	-96.31664
39.84181	-96.31853
39.8418	-96.31946
39.84173	-96.32185
39.84173	-96.32218
39.84171	-96.3235
39.84171	-96.32569
39.84171	-96.32652
39.84171	-96.32691
39.84171	-96.3271
39.84171	-96.32733
39.84171	-96.32804
39.84171	-96.32886
39.84171	-96.32996
39.84171	-96.33019
39.84171	-96.33078
39.84171	-96.33136
39.84171	-96.33268
39.8417	-96.33357
39.8417	-96.33395
39.8417	-96.33404
39.84171	-96.33445
39.84171	-96.33538
39.84171	-96.33644
39.84171	-96.33659
39.84171	-96.33684
39.8417	-96.34136
39.8417	-96.34194
39.8417	-96.34229
39.8417	-96.34276
39.8417	-96.34281
39.8417	-96.34335
39.8417	-96.34346
39.8417	-96.3437
39.8417	-96.3444
39.8417	-96.34463
39.8417	-96.34475
39.8417	-96.34487
39.8417	-96.34698
39.84169	-96.34885
39.84169	-96.35026
39.84169	-96.3513
39.84169	-96.35188
39.8417	-96.35292
39.8417	-96.35329
39.8417	-96.35375
39.8417	-96.35405
39.8417	-96.35422
39.8417	-96.35446
39.8417	-96.35516
39.8417	-96.35695
39.8417	-96.3588
39.84171	-96.36117
39.84171	-96.3614
39.84172	-96.36224
39.84172	-96.36234
39.84174	-96.36304
39.84174	-96.36328
39.84175	-96.36351
39.84177	-96.36445
39.84178	-96.36468
39.84178	-96.36492
39.8418	-96.36585
39.84181	-96.36599
39.84181	-96.36609
39.84181	-96.36632
39.84192	-96.37007
39.84196	-96.37228
39.84196	-96.37248
39.84201	-96.37416
39.84204	-96.3772
39.84203	-96.37926
39.84203	-96.37949
39.84201	-96.38161
39.84202	-96.38321
39.842	-96.38494
39.842	-96.38558
39.84198	-96.38886
39.84196	-96.39378
39.84196	-96.39554
39.84193	-96.398
39.84192	-96.39842
39.8419	-96.39917
39.84189	-96.39964
39.84186	-96.40072
39.84185	-96.40104
39.84182	-96.4022
39.84173	-96.40526
39.8417	-96.40619
39.8417	-96.40637
39.84169	-96.4066
39.84168	-96.40707
39.84168	-96.40708
39.84167	-96.40754
39.84167	-96.40777
39.84166	-96.40802
39.84165	-96.40871
39.84164	-96.40893
39.84164	-96.41058
39.84163	-96.41082
39.84163	-96.41105
39.84163	-96.41143
39.84163	-96.41147
39.8416	-96.41316
39.8416	-96.41328
39.8416	-96.41339
39.8416	-96.41456
39.84161	-96.41484
39.84161	-96.41527
39.8416	-96.41609
39.8416	-96.41705
39.8416	-96.41802
39.8416	-96.41853
39.84159	-96.42036
39.84158	-96.42038
39.84158	-96.4206
39.84158	-96.4213
39.84158	-96.42153
39.84158	-96.42259
39.84158	-96.42458
39.84158	-96.42481
39.84157	-96.42645
39.84156	-96.42786
39.84156	-96.4288
39.84155	-96.42934
39.84155	-96.43121
39.84155	-96.43219
39.84155	-96.43313
39.84155	-96.4336
39.84154	-96.43383
39.84154	-96.4343
39.84154	-96.43477
39.84154	-96.435
39.84154	-96.43524
39.84153	-96.43618
39.84153	-96.43755
39.84153	-96.43782
39.84153	-96.43841
39.84154	-96.44005
39.84154	-96.44084
39.84152	-96.4419
39.84152	-96.442
39.84153	-96.44295
39.84152	-96.44537
39.84152	-96.44546
39.84151	-96.44576
39.8415	-96.44704
39.8415	-96.44767
39.8415	-96.45008
39.8415	-96.45077
39.8415	-96.45181
39.8415	-96.45322
39.8415	-96.45345
39.84148	-96.46024
39.84148	-96.46048
39.84147	-96.46118
39.84147	-96.46142
39.84147	-96.46259
39.84146	-96.46512
39.84146	-96.46629
39.84145	-96.46746
39.84144	-96.47238
39.84143	-96.47468
39.84143	-96.47508
39.84143	-96.47585
39.84143	-96.47609
39.84143	-96.47632
39.84144	-96.47702
39.84144	-96.4796
39.84144	-96.47983
39.84144	-96.47984
39.84145	-96.48241
39.84144	-96.48365
39.8414	-96.48488
39.8414	-96.48505
39.84139	-96.48529
39.8413	-96.48818
39.84129	-96.48927
39.84129	-96.4895
39.84128	-96.49097
39.84128	-96.49253
39.84128	-96.49442
39.84128	-96.49722
39.84128	-96.49817
39.84129	-96.49975
39.84129	-96.50127
39.84128	-96.50418
39.84129	-96.50455
39.84129	-96.50479
39.8413	-96.50575
39.8413	-96.50596
39.84135	-96.50729
39.8414	-96.50819
39.84145	-96.50911
39.84152	-96.51106
39.84152	-96.51116
39.84153	-96.51246
39.84153	-96.51268
39.84153	-96.51307
39.84153	-96.51342
39.84153	-96.51409
39.84153	-96.51568
39.84153	-96.51591
39.84153	-96.516
39.84153	-96.51615
39.84153	-96.51717
39.84153	-96.51802
39.84153	-96.51803
39.84154	-96.51837
39.84154	-96.51872
39.84155	-96.51958
39.84154	-96.52003
39.84155	-96.52123
39.84155	-96.52177
39.84155	-96.52201
39.84155	-96.52248
39.84154	-96.52354
39.84153	-96.52458
39.84154	-96.52541
39.84154	-96.527
39.84155	-96.52836
39.84155	-96.52973
39.84156	-96.53012
39.84156	-96.53066
39.84157	-96.53301
39.84158	-96.5344
39.84159	-96.53472
39.8416	-96.53612
39.8416	-96.53683
39.84161	-96.53753
39.84162	-96.53885
39.84163	-96.54049
39.84163	-96.54072
39.84164	-96.54257
39.84165	-96.54327
39.84167	-96.54615
39.84167	-96.54663
39.84167	-96.54698
39.84168	-96.54783
39.8417	-96.55284
39.84171	-96.55346
39.84172	-96.55369
39.84172	-96.55416
39.84173	-96.55498
39.84173	-96.55767
39.84176	-96.56193
39.84177	-96.56253
39.84177	-96.56286
39.84178	-96.56403
39.8418	-96.5655
39.84179	-96.56661
39.84178	-96.56705
39.84173	-96.56881
39.84164	-96.57158
39.84163	-96.57192
39.84157	-96.57377
39.84153	-96.5751
39.8415	-96.57739
39.84151	-96.57833
39.84151	-96.57903
39.84151	-96.57926
39.84151	-96.57927
39.84152	-96.58012
39.84152	-96.58206
39.84154	-96.58397
39.84155	-96.58488
39.84155	-96.58608
39.84156	-96.58879
39.84157	-96.58973
39.84157	-96.58983
39.84158	-96.59104
39.84158	-96.59114
39.84159	-96.59137
39.84159	-96.59161
39.8416	-96.59184
39.84161	-96.59278
39.84164	-96.59454
39.84167	-96.59536
39.84167	-96.59547
39.84169	-96.59618
39.84169	-96.59641
39.84171	-96.59735
39.84172	-96.59805
39.84172	-96.59821
39.84173	-96.59875
39.84174	-96.59907
39.84176	-96.60025
39.84178	-96.60088
39.84178	-96.60131
39.84179	-96.60186
39.8418	-96.60244
39.84181	-96.60408
39.84182	-96.60566
39.84182	-96.60712
39.84182	-96.60734
39.84182	-96.60777
39.84183	-96.60816
39.84183	-96.60854
39.84185	-96.60907
39.84184	-96.60938
39.84184	-96.60985
39.84184	-96.61001
39.84185	-96.61048
39.84185	-96.61281
39.84186	-96.61319
39.84187	-96.61418
39.84186	-96.61489
39.84186	-96.61505
39.84186	-96.61528
39.84187	-96.61622
39.84189	-96.61827
39.8419	-96.61909
39.8419	-96.61921
39.8419	-96.61979
39.84191	-96.62028
39.84191	-96.62081
39.84191	-96.62158
39.84194	-96.62399
39.84194	-96.62438
39.84195	-96.62476
39.84195	-96.62503
39.84196	-96.6257
39.84196	-96.62617
39.84197	-96.62667
39.84198	-96.62711
39.84199	-96.62772
39.84199	-96.62819
39.842	-96.62913
39.84201	-96.6296
39.84201	-96.63007
39.84202	-96.63124
39.84202	-96.63167
39.84203	-96.63184
39.84204	-96.63255
39.84205	-96.63296
39.84206	-96.63317
39.84206	-96.6333
39.84206	-96.63346
39.84207	-96.63443
39.84207	-96.63471
39.84208	-96.63559
39.84208	-96.63611
39.84209	-96.63691
39.84211	-96.63781
39.84212	-96.63828
39.84213	-96.63875
39.84214	-96.63951
39.84214	-96.63998
39.84214	-96.6407
39.84215	-96.64141
39.84215	-96.64195
39.84216	-96.64292
39.84216	-96.64315
39.84216	-96.64343
39.84215	-96.6444
39.84216	-96.64499
39.84216	-96.64563
39.84216	-96.64587
39.84216	-96.64633
39.84216	-96.64657
39.84216	-96.64684
39.84216	-96.64729
39.84216	-96.64761
39.84216	-96.64805
39.84216	-96.64853
39.84216	-96.64923
39.84217	-96.65051
39.84217	-96.65098
39.84216	-96.65121
39.84216	-96.65176
39.84216	-96.65293
39.84216	-96.653
39.84216	-96.65347
39.84216	-96.6537
39.84216	-96.65417
39.84216	-96.65419
39.84215	-96.65511
39.84215	-96.65534
39.84215	-96.65557
39.84215	-96.65565
39.84214	-96.65607
39.84212	-96.65668
39.84212	-96.65692
39.84211	-96.65715
39.84211	-96.65739
39.8421	-96.65755
39.8421	-96.65762
39.8421	-96.65772
39.84209	-96.658
39.84209	-96.65806
39.84209	-96.65819
39.84209	-96.6583
39.84208	-96.65842
39.84208	-96.65853
39.84208	-96.65865
39.84208	-96.65877
39.84207	-96.65892
39.84207	-96.659
39.84207	-96.65912
39.84207	-96.65923
39.84206	-96.65947
39.84206	-96.6597
39.84206	-96.65994
39.84205	-96.66006
39.84205	-96.66017
39.84205	-96.66041
39.84205	-96.66046
39.84205	-96.66064
39.84204	-96.66084
39.84204	-96.66087
39.84204	-96.661
39.84204	-96.66111
39.84204	-96.66124
39.84204	-96.66134
39.84204	-96.66146
39.84204	-96.66151
39.84204	-96.66158
39.84205	-96.6617
39.84205	-96.66181
39.84205	-96.66193
39.84206	-96.66204
39.84206	-96.66225
39.84206	-96.66228
39.84207	-96.6624
39.84207	-96.66251
39.84208	-96.66275
39.84208	-96.66287
39.84208	-96.66298
39.84209	-96.66311
39.84209	-96.66322
39.8421	-96.66334
39.8421	-96.66343
39.84211	-96.66354
39.84212	-96.66377
39.84214	-96.664
39.84215	-96.66447
39.84217	-96.66494
39.84219	-96.6656
39.8421886	-96.665597
39.84231	-96.66591
39.84235	-96.66602
39.84237	-96.66606
39.84243	-96.66621
39.84248	-96.66631
39.84254	-96.66639
39.84255	-96.6664
39.84259	-96.66646
39.84264	-96.66652
39.84269	-96.66655
39.84281	-96.66666
39.84365	-96.66668
39.84375	-96.66669
39.84462	-96.66671
39.84497	-96.66671
39.84533	-96.66671
39.8458	-96.66672
39.84652	-96.66674
39.84668	-96.66674
39.84742	-96.66675
39.84778	-96.66675
39.84832	-96.66675
39.84928	-96.66676
39.85014	-96.66677
39.85086	-96.66678
39.85115	-96.66678
39.85148	-96.66679
39.85172	-96.6668
39.85225	-96.66679
39.85261	-96.66679
39.85403	-96.66681
39.85405	-96.66681
39.85423	-96.66681
39.85459	-96.66682
39.85537	-96.66682
39.85697	-96.66685
39.85822	-96.66685
39.8585	-96.66685
39.85894	-96.66686
39.85912	-96.66686
39.8593	-96.66687
39.86002	-96.66687
39.86006	-96.66688
39.8602	-96.66688
39.86073	-96.66689
39.86091	-96.66689
39.86127	-96.66689
39.86145	-96.6669
39.8616	-96.6669
39.86163	-96.6669
39.86181	-96.6669
39.86199	-96.6669
39.86307	-96.66691
39.86381	-96.66692
39.86398	-96.66693
39.86426	-96.66693
39.86451	-96.66693
39.86471	-96.66693
39.86488	-96.66691
39.86503	-96.6669
39.86514	-96.66689
39.86537	-96.66686
39.86552	-96.66683
39.86569	-96.66679
39.86593	-96.66673
39.86617	-96.66667
39.86651	-96.66659
39.86677	-96.66652
39.86775	-96.6663
39.86808	-96.66623
39.86834	-96.66619
39.86853	-96.66616
39.86896	-96.66611
39.86908	-96.66609
39.86936	-96.66607
39.86963	-96.66606
39.86984	-96.66605
39.8701	-96.66606
39.87072	-96.66606
39.87157	-96.66613
39.87162	-96.66613
39.8718	-96.66615
39.872	-96.66617
39.87247	-96.66622
39.87266	-96.66624
39.87326	-96.66629
39.87372	-96.66634
39.87485	-96.66646
39.87555	-96.66652
39.8763	-96.66659
39.87738	-96.66669
39.87756	-96.66671
39.8777	-96.66672
39.87834	-96.66679
39.87958	-96.66691
39.87959	-96.66691
39.87978	-96.66692
39.87999	-96.66693
39.88013	-96.66694
39.88022	-96.66694
39.88055	-96.66695
39.88085	-96.66695
39.88203	-96.66697
39.88345	-96.66698
39.88423	-96.66699
39.88561	-96.667
39.88651	-96.667
39.88723	-96.667
39.88786	-96.66702
39.88833	-96.66701
39.8887	-96.66702
39.88881	-96.66702
39.88899	-96.66702
39.88992	-96.66703
39.89061	-96.66703
39.8918	-96.66704
39.89205	-96.66704
39.89282	-96.66705
39.89343	-96.66705
39.89385	-96.66705
39.89397	-96.66705
39.89451	-96.66705
39.89523	-96.66706
39.8953	-96.66706
39.89541	-96.66706
39.89577	-96.66706
39.89613	-96.66706
39.89631	-96.66706
39.89681	-96.66706
39.89721	-96.66706
39.89739	-96.66706
39.89754	-96.66705
39.89848	-96.66705
39.89889	-96.66705
39.89923	-96.66705
39.90011	-96.66706
39.90013	-96.66706
39.90103	-96.66706
39.90138	-96.66706
39.90237	-96.66706
39.90255	-96.66706
39.90267	-96.66706
39.9031	-96.66705
39.90342	-96.66704
39.90363	-96.66704
39.9045	-96.66702
39.90486	-96.66701
39.90594	-96.66698
39.90612	-96.66697
39.90613	-96.66697
39.90792	-96.66694
39.90898	-96.66691
39.90955	-96.6669
39.91044	-96.66688
39.91049	-96.66688
39.91062	-96.66687
39.9108	-96.66687
39.91098	-96.66686
39.91116	-96.66686
39.91117	-96.66686
39.91134	-96.66685
39.9114	-96.66684
39.91152	-96.66684
39.91158	-96.66683
39.9118	-96.66681
39.91193	-96.66679
39.91206	-96.66676
39.91238	-96.66667
39.91242	-96.66666
39.91259	-96.6666
39.9128	-96.66651
39.91294	-96.66645
39.91311	-96.66636
39.91328	-96.66627
39.91346	-96.66617
39.91361	-96.66607
39.91372	-96.66599
39.91377	-96.66595
39.91388	-96.66587
39.91391	-96.66585
39.91403	-96.66575
39.91404	-96.66574
39.91418	-96.66562
39.9142	-96.6656
39.91431	-96.66549
39.91447	-96.66535
39.91479	-96.66498
39.91483	-96.66492
39.91492	-96.66482
39.91505	-96.66466
39.91594	-96.66357
39.9161	-96.66338
39.91623	-96.66322
39.91636	-96.66306
39.91663	-96.66274
39.91689	-96.66242
39.91715	-96.6621
39.91729	-96.66195
39.91731	-96.66191
39.91791	-96.66119
39.918	-96.66107
39.91816	-96.66089
39.91816	-96.66088
39.91821	-96.66083
39.91834	-96.66067
39.91855	-96.66041
39.91868	-96.66025
39.91879	-96.66012
39.91881	-96.66009
39.91887	-96.66003
39.91894	-96.65994
39.91948	-96.65929
39.91951	-96.65925
39.9196	-96.65915
39.91961	-96.65914
39.91975	-96.65898
39.91982	-96.6589
39.92003	-96.65868
39.92012	-96.65858
39.92017	-96.65854
39.92022	-96.6585
39.92031	-96.65842
39.92032	-96.65841
39.9204	-96.65834
39.92051	-96.65826
39.92061	-96.65819
39.92072	-96.65811
39.92079	-96.65807
39.92085	-96.65803
39.92095	-96.65797
39.92104	-96.65791
39.92116	-96.65785
39.92124	-96.6578
39.92128	-96.65778
39.92142	-96.65771
39.92145	-96.6577
39.92156	-96.65765
39.92176	-96.65758
39.92195	-96.65751
39.92222	-96.65743
39.92238	-96.65739
39.92249	-96.65736
39.92303	-96.65732
39.92393	-96.6573
39.92456	-96.65729
39.92467	-96.6573
39.92485	-96.6573
39.92508	-96.6573
39.92546	-96.6573
39.92578	-96.6573
39.92628	-96.6573
39.92683	-96.6573
39.92692	-96.6573
39.92718	-96.65731
39.92736	-96.65731
39.92772	-96.65731
39.9288	-96.65731
39.92928	-96.65731
39.93009	-96.65731
39.93072	-96.65731
39.93141	-96.65731
39.9315	-96.65731
39.93168	-96.65731
39.93186	-96.65731
39.93204	-96.65731
39.93294	-96.65731
39.93359	-96.65731
39.93366	-96.65731
39.93384	-96.65731
39.93402	-96.65731
39.93458	-96.65731
39.93492	-96.65731
39.93512	-96.65731
39.93691	-96.65731
39.93725	-96.65732
39.93744	-96.65732
39.9375	-96.65731
39.93764	-96.65732
39.93789	-96.65732
39.93824	-96.65732
39.93852	-96.65732
39.93871	-96.65732
39.93906	-96.65731
39.93925	-96.65731
39.93966	-96.65731
39.94004	-96.65732
39.94059	-96.65731
39.94096	-96.65731
39.94103	-96.65731
39.94121	-96.65731
39.94157	-96.65731
39.94175	-96.65731
39.94188	-96.65731
39.94193	-96.65731
39.94206	-96.65731
39.94283	-96.65731
39.94295	-96.65731
39.94329	-96.65731
39.94383	-96.65731
39.94397	-96.65731
39.94506	-96.6573
39.94509	-96.6573
39.94545	-96.6573
39.94547	-96.6573
39.94619	-96.65729
39.94635	-96.65729
39.94652	-96.65729
39.94653	-96.65729
39.94707	-96.65728
39.94725	-96.65728
39.94753	-96.65728
39.94794	-96.65727
39.94869	-96.65727
39.94884	-96.65726
39.94887	-96.65726
39.95007	-96.65725
39.95049	-96.65725
39.95067	-96.65725
39.95103	-96.65724
39.95121	-96.65724
39.95175	-96.65723
39.95193	-96.65723
39.95211	-96.65723
39.95314	-96.65722
39.95432	-96.65717
39.95512	-96.65717
39.95522	-96.65717
39.95673	-96.65717
39.95684	-96.65717
39.95781	-96.65717
39.95871	-96.65718
39.95889	-96.65718
39.96041	-96.6572
39.96069	-96.65721
39.96105	-96.65721
39.96123	-96.65722
39.96136	-96.65722
39.96392	-96.65725
39.96464	-96.65726
39.96518	-96.65727
39.96644	-96.65728
39.96662	-96.65728
39.96837	-96.6573
39.96959	-96.65731
39.96977	-96.65731
39.97213	-96.65732
39.97251	-96.65733
39.97265	-96.65733
39.97319	-96.65733
39.97391	-96.65734
39.97395	-96.65734
39.97427	-96.65734
39.97499	-96.65734
39.97517	-96.65735
39.97535	-96.65735
39.976	-96.65735
39.97736	-96.65736
39.9778	-96.65736
39.97798	-96.65736
39.97864	-96.65737
39.97972	-96.65738
39.9799	-96.65738
39.97999	-96.65738
39.98115	-96.65739
39.98256	-96.6574
39.98292	-96.6574
39.98328	-96.6574
39.98378	-96.6574
39.98441	-96.6574
39.98462	-96.6574
39.9848	-96.65741
39.9854	-96.65741
39.9866	-96.65741
39.9869	-96.65741
39.98802	-96.65742
39.98897	-96.65743
39.99007	-96.65743
39.99009	-96.65743
39.99025	-96.65743
39.99061	-96.65743
39.99079	-96.65743
39.99169	-96.65744
39.99223	-96.65745
39.99234	-96.65745
39.99295	-96.65745
39.99313	-96.65745
39.99427	-96.65746
39.99439	-96.65747
39.99494	-96.65747
39.99512	-96.65747
39.9953	-96.65747
39.99591	-96.65747
39.99625	-96.65747
39.99636	-96.65746
39.99648	-96.65745
39.99674	-96.65743
39.99692	-96.65739
39.99714	-96.65734
39.99726	-96.65731
39.99738	-96.65728
39.99748	-96.65725
39.99762	-96.65721
39.99765	-96.6572
39.99791	-96.65711
39.99817	-96.65702
39.99818	-96.65702
39.9983	-96.65697
39.99835	-96.65695
39.99842	-96.65692
39.99852	-96.65688
39.99861	-96.65684
39.99869	-96.6568
39.99877	-96.65677
39.99892	-96.65669
39.99902	-96.65663
39.99903	-96.65663
39.99915	-96.65656
39.99919	-96.65654
39.99919	-96.65653
39.9993	-96.65647
39.99937	-96.65642
39.99944	-96.65638
39.99967	-96.65622
39.99969	-96.65621
39.99982	-96.6561
39.99983	-96.6561
39.99991	-96.65604
40.00011	-96.65589
40.00014	-96.65587
40.00029	-96.65575
40.0006	-96.65552
40.00108	-96.65516
40.00138	-96.65492
40.00167	-96.6547
40.00214	-96.65435
40.00244	-96.65412
40.00252	-96.65406
40.00289	-96.65378
40.00311	-96.65362
40.00342	-96.6534
40.00354	-96.65332
40.00373	-96.65321
40.004	-96.65306
40.00431	-96.65291
40.00456	-96.65279
40.00458	-96.65278
40.00474	-96.65273
40.00484	-96.65269
40.0052	-96.65257
40.00539	-96.65252
40.00561	-96.65246
40.00579	-96.65242
40.00597	-96.65239
40.00614	-96.65236
40.0063	-96.65234
40.00661	-96.65232
40.00682	-96.65231
40.00763	-96.6523
40.00862	-96.6523
40.00897	-96.6523
40.00966	-96.65231
40.00969	-96.65231
40.00987	-96.6523
40.01023	-96.6523
40.01149	-96.6523
40.01167	-96.6523
40.01184	-96.6523
40.01215	-96.6523
40.0123	-96.6523
40.01273	-96.6523
40.01282	-96.6523
40.01336	-96.65231
40.01375	-96.6523
40.01453	-96.65231
40.01459	-96.65231
40.01471	-96.65231
40.01579	-96.65232
40.01648	-96.65231
40.01676	-96.65231
40.01719	-96.65231
40.0172	-96.65231
40.01738	-96.65231
40.01792	-96.65231
40.0181	-96.65231
40.01828	-96.65231
40.01864	-96.65231
40.01882	-96.65231
40.019	-96.65231
40.01956	-96.65231
40.02082	-96.65231
40.02203	-96.65231
40.02319	-96.65231
40.02365	-96.65231
40.02427	-96.65231
40.02445	-96.65231
40.02448	-96.65231
40.02478	-96.65231
40.02481	-96.65231
40.02517	-96.65231
40.02535	-96.65231
40.02589	-96.65231
40.02607	-96.65231
40.02608	-96.65231
40.02643	-96.65231
40.02684	-96.65231
40.02733	-96.65231
40.02771	-96.65231
40.02835	-96.65231
40.02889	-96.65231
40.02907	-96.65232
40.02968	-96.65232
40.03029	-96.65232
40.03081	-96.65232
40.03109	-96.65232
40.03117	-96.65232
40.03239	-96.65231
40.03243	-96.65231
40.03315	-96.65231
40.03333	-96.65231
40.03405	-96.65231
40.03417	-96.65231
40.03423	-96.65231
40.03441	-96.65231
40.03513	-96.65231
40.03531	-96.65231
40.03585	-96.6523
40.03648	-96.6523
40.03675	-96.6523
40.03693	-96.6523
40.03711	-96.6523
40.03819	-96.6523
40.039	-96.65229
40.03924	-96.65229
40.03942	-96.65229
40.03985	-96.65229
40.04033	-96.65229
40.04103	-96.65228
40.04157	-96.65228
40.04175	-96.65228
40.04193	-96.65228
40.04234	-96.65228
40.04247	-96.65228
40.04265	-96.65228
40.04283	-96.65228
40.04319	-96.65229
40.04325	-96.65229
40.04337	-96.65229
40.04355	-96.65228
40.04409	-96.65228
40.04441	-96.65228
40.04478	-96.65229
40.04529	-96.65228
40.04535	-96.65228
40.04598	-96.65228
40.04631	-96.65228
40.04649	-96.65228
40.04703	-96.65228
40.04757	-96.65229
40.04775	-96.65229
40.0482	-96.65229
40.04859	-96.65229
40.04864	-96.65229
40.04937	-96.6523
40.04968	-96.6523
40.05018	-96.6523
40.05026	-96.6523
40.0509	-96.6523
40.0518	-96.6523
40.05198	-96.6523
40.05216	-96.6523
40.05269	-96.6523
40.05287	-96.6523
40.05305	-96.6523
40.05316	-96.6523
40.05323	-96.6523
40.05341	-96.65231
40.05395	-96.65231
40.05413	-96.65231
40.05435	-96.65231
40.05449	-96.65231
40.05522	-96.65232
40.05581	-96.65232
40.05593	-96.65232
40.05611	-96.65232
40.05701	-96.65232
40.05727	-96.65232
40.05784	-96.65232
40.05818	-96.65233
40.05834	-96.65233
40.05932	-96.65233
40.06071	-96.65231
40.06197	-96.65229
40.06428	-96.65226
40.06446	-96.65226
40.06617	-96.65223
40.0668	-96.65222
40.06701	-96.65222
40.06752	-96.65221
40.0677	-96.65221
40.0681	-96.65221
40.06881	-96.65221
40.06896	-96.6522
40.06937	-96.6522
40.07158	-96.65217
40.07225	-96.65216
40.07385	-96.65213
40.0742	-96.65213
40.07674	-96.6521
40.07744	-96.65207
40.07763	-96.65206
40.0778	-96.65205
40.0787	-96.65201
40.07972	-96.65199
40.08057	-96.65198
40.08075	-96.65197
40.0811	-96.65197
40.08129	-96.65197
40.08159	-96.65197
40.08178	-96.65198
40.08207	-96.652
40.08226	-96.65202
40.08252	-96.65206
40.08267	-96.65208
40.08305	-96.65218
40.08335	-96.65226
40.08352	-96.65232
40.08374	-96.6524
40.08393	-96.65247
40.08404	-96.65252
40.0842	-96.65259
40.08421	-96.6526
40.08431	-96.65265
40.08447	-96.65273
40.08464	-96.65281
40.08477	-96.65289
40.0849	-96.65297
40.08505	-96.65306
40.0852	-96.65317
40.08529	-96.65323
40.08537	-96.65329
40.08551	-96.6534
40.08565	-96.6535
40.08567	-96.65352
40.08575	-96.65359
40.08597	-96.65377
40.08605	-96.65385
40.08612	-96.65391
40.08626	-96.65404
40.08641	-96.65418
40.0866	-96.65436
40.08685	-96.65459
40.08687	-96.65462
40.08795	-96.65563
40.0883	-96.65596
40.08903	-96.65664
40.08918	-96.65678
40.08944	-96.65702
40.08962	-96.65719
40.08976	-96.65733
40.08991	-96.65746
40.09006	-96.6576
40.0902	-96.65774
40.09035	-96.65788
40.09049	-96.65802
40.09051	-96.65804
40.09064	-96.65815
40.09078	-96.65829
40.09093	-96.65843
40.09108	-96.65857
40.09145	-96.65892
40.09224	-96.65966
40.09233	-96.65974
40.09268	-96.66007
40.09283	-96.66021
40.09298	-96.66035
40.09327	-96.66062
40.09341	-96.66076
40.09356	-96.6609
40.09363	-96.66097
40.09371	-96.66104
40.09414	-96.66145
40.09445	-96.66173
40.09509	-96.66234
40.09531	-96.66254
40.0954	-96.66263
40.09546	-96.66268
40.0956	-96.66282
40.09589	-96.6631
40.09604	-96.66323
40.09619	-96.66337
40.09621	-96.66339
40.09648	-96.66364
40.09677	-96.66392
40.09691	-96.66405
40.09692	-96.66405
40.09736	-96.66446
40.0975	-96.6646
40.09765	-96.66474
40.09777	-96.66485
40.09852	-96.66556
40.09882	-96.66584
40.09896	-96.66598
40.099	-96.66601
40.09911	-96.66611
40.09925	-96.66625
40.0994	-96.66639
40.09982	-96.66679
40.10015	-96.66709
40.10051	-96.66744
40.10071	-96.66763
40.10086	-96.66776
40.10093	-96.66783
40.10197	-96.66881
40.10268	-96.66948
40.10292	-96.6697
40.10328	-96.67004
40.10342	-96.67016
40.10354	-96.67026
40.10378	-96.67044
40.10386	-96.6705
40.10391	-96.67054
40.10404	-96.67062
40.10421	-96.67072
40.10424	-96.67075
40.10437	-96.67082
40.10441	-96.67084
40.10454	-96.6709
40.10457	-96.67092
40.10471	-96.67098
40.10495	-96.67107
40.10509	-96.67112
40.10524	-96.67117
40.10541	-96.67121
40.10557	-96.67124
40.10575	-96.67127
40.10594	-96.67129
40.10605	-96.67131
40.10632	-96.67132
40.10668	-96.67133
40.10705	-96.67134
40.10752	-96.67134
40.10792	-96.67135
40.10832	-96.67135
40.10866	-96.67136
40.10884	-96.67136
40.10894	-96.67136
40.11022	-96.67138
40.11136	-96.67139
40.11154	-96.67139
40.11172	-96.67139
40.11223	-96.6714
40.11302	-96.67141
40.11315	-96.67141
40.1132	-96.67141
40.11356	-96.67142
40.11374	-96.67142
40.11414	-96.67142
40.11479	-96.67143
40.11486	-96.67143
40.11558	-96.67144
40.11569	-96.67144
40.11576	-96.67144
40.11641	-96.67145
40.11681	-96.67146
40.11779	-96.67147
40.11786	-96.67147
40.11822	-96.67148
40.11925	-96.67148
40.11972	-96.67148
40.11978	-96.67148
40.11996	-96.67148
40.12032	-96.67149
40.12133	-96.67149
40.12235	-96.6715
40.12336	-96.67151
40.1239	-96.67151
40.12408	-96.67151
40.12426	-96.67151
40.12438	-96.67151
40.12506	-96.67151
40.12516	-96.67151
40.12534	-96.67151
40.1257	-96.67151
40.12593	-96.67152
40.12669	-96.67152
40.1271	-96.67153
40.12803	-96.67153
40.12855	-96.67153
40.12955	-96.67153
40.12984	-96.67153
40.1306	-96.67153
40.13097	-96.67153
40.13161	-96.67153
40.13179	-96.67153
40.13233	-96.67153
40.13263	-96.67153
40.13293	-96.67153
40.13317	-96.67155
40.13335	-96.67156
40.13354	-96.6716
40.13369	-96.67163
40.13377	-96.67165
40.13384	-96.67167
40.13411	-96.67177
40.13431	-96.67186
40.1346	-96.67202
40.13469	-96.67208
40.13485	-96.67218
40.13521	-96.67243
40.13548	-96.67263
40.13556	-96.67269
40.13561	-96.67273
40.13571	-96.67282
40.13578	-96.67287
40.13597	-96.67304
40.13608	-96.67315
40.13619	-96.67325
40.13641	-96.67347
40.13658	-96.67365
40.13662	-96.67369
40.13679	-96.67389
40.13699	-96.67413
40.13706	-96.67423
40.13722	-96.67444
40.13726	-96.67449
40.13745	-96.67478
40.13762	-96.67504
40.13783	-96.67539
40.13792	-96.67554
40.13803	-96.67574
40.13811	-96.67589
40.13812	-96.67592
40.13822	-96.67611
40.13822	-96.67612
40.13835	-96.6764
40.13841	-96.67653
40.13847	-96.67666
40.13859	-96.67697
40.13873	-96.67734
40.13882	-96.6776
40.13885	-96.6777
40.13895	-96.67804
40.13902	-96.67829
40.13907	-96.67845
40.13912	-96.67867
40.13917	-96.67887
40.13922	-96.6791
40.13924	-96.67924
40.13926	-96.67936
40.13929	-96.67951
40.13931	-96.67966
40.13934	-96.67981
40.13936	-96.67999
40.13938	-96.68011
40.1394	-96.68025
40.13943	-96.68054
40.13944	-96.68073
40.13946	-96.68092
40.13946	-96.68103
40.13947	-96.68131
40.13948	-96.68158
40.13948	-96.68189
40.13948	-96.6823
40.13948	-96.68266
40.13948	-96.68271
40.13947	-96.68301
40.13947	-96.68313
40.13947	-96.68336
40.13947	-96.68345
40.13947	-96.68373
40.13947	-96.68415
40.13947	-96.68459
40.13947	-96.68516
40.13946	-96.68587
40.13946	-96.68615
40.13946	-96.68646
40.13946	-96.68673
40.13946	-96.68689
40.13945	-96.68702
40.13945	-96.68713
40.13945	-96.68729
40.13945	-96.68758
40.13945	-96.68801
40.13945	-96.68831
40.13945	-96.68859
40.13945	-96.68915
40.13944	-96.68953
40.13944	-96.68995
40.13944	-96.69074
40.13944	-96.69114
40.13943	-96.69157
40.13943	-96.69203
40.13943	-96.69244
40.13943	-96.69247
40.13943	-96.6928
40.13943	-96.69386
40.13942	-96.69525
40.13942	-96.69737
40.13942	-96.6978
40.13941	-96.69901
40.13941	-96.69939
40.13941	-96.69948
40.13941	-96.70122
40.13941	-96.7016
40.1394	-96.70266
40.1394	-96.70307
40.1394	-96.70408
40.1394	-96.70452
40.13939	-96.70504
40.1394	-96.70623
40.1394	-96.70694
40.13939	-96.70882
40.13939	-96.71029
40.13939	-96.71078
40.13939	-96.71089
40.13939	-96.71113
40.13938	-96.71135
40.13938	-96.71136
40.13938	-96.7116
40.13938	-96.71179
40.13938	-96.71184
40.13938	-96.71237
40.13938	-96.71295
40.13938	-96.71301
40.13938	-96.71348
40.13938	-96.71417
40.13938	-96.71476
40.13938	-96.71551
40.13937	-96.71584
40.13937	-96.71607
40.13937	-96.71648
40.13937	-96.71654
40.13937	-96.71678
40.13937	-96.71748
40.13937	-96.71821
40.13937	-96.71841
40.13937	-96.71893
40.13937	-96.71938
40.13938	-96.7197
40.13938	-96.72026
40.13938	-96.72092
40.13938	-96.72103
40.13938	-96.72174
40.13938	-96.72192
40.13938	-96.72197
40.13938	-96.72234
40.13938	-96.72265
40.13938	-96.72288
40.13938	-96.72306
40.13938	-96.72312
40.13938	-96.72335
40.13938	-96.72359
40.13938	-96.72445
40.13939	-96.72775
40.1394	-96.72877
40.1394	-96.73022
40.1394	-96.73081
40.13941	-96.73152
40.13941	-96.7316
40.13941	-96.73257
40.13941	-96.73406
40.13941	-96.73475
40.13941	-96.73505
40.13941	-96.73522
40.1394	-96.73663
40.1394	-96.73711
40.1394	-96.73734
40.1394	-96.73757
40.13939	-96.7382
40.13939	-96.73839
40.13939	-96.73851
40.13939	-96.73875
40.13939	-96.73993
40.13938	-96.74094
40.13938	-96.74124
40.13938	-96.74197
40.13937	-96.74218
40.13937	-96.74261
40.13937	-96.74282
40.13938	-96.74294
40.13938	-96.74305
40.13939	-96.74318
40.1394	-96.74327
40.13941	-96.74335
40.13942	-96.74344
40.13944	-96.74355
40.13947	-96.74375
40.1395	-96.74388
40.13953	-96.74404
40.13954	-96.74407
40.13959	-96.74425
40.1396	-96.74429
40.13966	-96.74446
40.13975	-96.74471
40.13975	-96.74472
40.13991	-96.74507
40.14001	-96.74524
40.14013	-96.74545
40.14026	-96.74563
40.1403	-96.74568
40.14036	-96.74576
40.14043	-96.74584
40.14063	-96.74605
40.14069	-96.74612
40.14081	-96.74622
40.14095	-96.74634
40.14113	-96.74646
40.14127	-96.74655
40.14138	-96.7466
40.14148	-96.74665
40.14158	-96.7467
40.14168	-96.74673
40.1418	-96.74677
40.14195	-96.74682
40.14206	-96.74684
40.14223	-96.74687
40.14241	-96.74688
40.14254	-96.74689
40.14264	-96.7469
40.14295	-96.74689
40.14416	-96.74688
40.14439	-96.74688
40.14475	-96.74687
40.14483	-96.74687
40.14565	-96.74686
40.14569	-96.74686
40.14666	-96.74684
40.14782	-96.74684
40.14854	-96.74683
40.14917	-96.74682
40.14971	-96.74682
40.15025	-96.74681
40.15097	-96.7468
40.15178	-96.7468
40.15221	-96.74679
40.1525	-96.74678
40.15337	-96.74678
40.15457	-96.74676
40.15544	-96.74675
40.15564	-96.74675
40.15576	-96.74675
40.15586	-96.74675
40.15613	-96.74674
40.15628	-96.74674
40.15656	-96.74674
40.15677	-96.74674
40.15684	-96.74674
40.15698	-96.74674
40.15702	-96.74674
40.15717	-96.74673
40.15732	-96.74673
40.15748	-96.74673
40.15761	-96.74673
40.15792	-96.74673
40.15886	-96.74672
40.15903	-96.74672
40.15936	-96.74672
40.15968	-96.74672
40.15985	-96.74672
40.16012	-96.74672
40.16023	-96.74672
40.1603	-96.74672
40.16038	-96.74672
40.16057	-96.74671
40.1609	-96.74671
40.16111	-96.74671
40.1612	-96.74671
40.16134	-96.74671
40.16165	-96.74671
40.16199	-96.7467
40.16209	-96.7467
40.16265	-96.7467
40.16289	-96.7467
40.16306	-96.7467
40.16351	-96.7467
40.16378	-96.74669
40.16403	-96.74669
40.16483	-96.74669
40.16518	-96.74669
40.16522	-96.74669
40.1654	-96.74669
40.16604	-96.74668
40.16637	-96.74668
40.1666	-96.74668
40.1672	-96.74668
40.16726	-96.74667
40.16738	-96.74667
40.16748	-96.74667
40.16756	-96.74667
40.16815	-96.74667
40.16846	-96.74667
40.16879	-96.74667
40.16947	-96.74666
40.17055	-96.74666
40.17065	-96.74666
40.17076	-96.74666
40.17118	-96.74666
40.17188	-96.74665
40.17279	-96.74664
40.17324	-96.74664
40.17573	-96.74662
40.17625	-96.74662
40.17697	-96.74661
40.17913	-96.74659
40.17926	-96.74659
40.18003	-96.74659
40.18021	-96.74659
40.18039	-96.74659
40.18111	-96.74658
40.18219	-96.74658
40.18363	-96.74656
40.18445	-96.74655
40.18463	-96.74655
40.18553	-96.74654
40.18571	-96.74654
40.18697	-96.74652
40.18797	-96.74651
40.18959	-96.7465
40.19027	-96.74649
40.19065	-96.74649
40.19127	-96.74648
40.19181	-96.74647
40.19249	-96.74647
40.19606	-96.74643
40.19731	-96.74642
40.198	-96.74641
40.19832	-96.74641
40.19934	-96.7464
40.2002	-96.74639
40.20029	-96.74639
40.20038	-96.74639
40.20091	-96.74638
40.20163	-96.74638
40.20208	-96.74637
40.20217	-96.74637
40.20235	-96.74637
40.20289	-96.74636
40.20316	-96.74636
40.20415	-96.74635
40.20479	-96.74634
40.20585	-96.74634
40.20765	-96.74634
40.20837	-96.74634
40.20891	-96.74634
40.21003	-96.74634
40.21044	-96.74634
40.21127	-96.74634
40.21224	-96.74634
40.21339	-96.74633
40.21455	-96.74633
40.21522	-96.74633
40.21691	-96.74633
40.21892	-96.74633
40.21927	-96.74633
40.22009	-96.74633
40.22062	-96.74633
40.22139	-96.74633
40.22157	-96.74633
40.22225	-96.74632
40.22333	-96.74632
40.22369	-96.74631
40.22524	-96.7463
40.22554	-96.7463
40.2263	-96.7463
40.22666	-96.7463
40.22678	-96.7463
40.22684	-96.7463
40.22774	-96.74629
40.22936	-96.74629
40.22953	-96.74628
40.22988	-96.74628
40.23096	-96.74628
40.23114	-96.74628
40.23132	-96.74628
40.2337	-96.74626
40.23496	-96.74626
40.2355	-96.74625
40.2362	-96.74625
40.23685	-96.74625
40.23795	-96.74624
40.23796	-96.74624
40.23811	-96.74624
40.23814	-96.74624
40.23831	-96.74624
40.23847	-96.74624
40.23865	-96.74624
40.23885	-96.74624
40.23886	-96.74624
40.23904	-96.74623
40.23927	-96.74623
40.23975	-96.74622
40.23976	-96.74622
40.23994	-96.74622
40.23999	-96.74622
40.24066	-96.74621
40.24083	-96.74621
40.24178	-96.7462
40.24219	-96.74619
40.24301	-96.74618
40.24315	-96.74617
40.24416	-96.74616
40.2447	-96.74615
40.24522	-96.74614
40.24535	-96.74614
40.2454	-96.74614
40.24553	-96.74614
40.24564	-96.74612
40.24575	-96.74611
40.24582	-96.74609
40.24589	-96.74608
40.24599	-96.74605
40.2461	-96.74601
40.24656	-96.74582
40.24681	-96.74572
40.24682	-96.74572
40.24703	-96.74564
40.24716	-96.7456
40.24721	-96.74558
40.24732	-96.74556
40.24752	-96.74552
40.24765	-96.74551
40.2477	-96.74551
40.24782	-96.74552
40.24792	-96.74552
40.24807	-96.74554
40.24821	-96.74556
40.24836	-96.7456
40.24922	-96.7458
40.24993	-96.74594
40.25024	-96.746
40.25069	-96.74609
40.25087	-96.74612
40.25122	-96.74619
40.25127	-96.7462
40.25132	-96.74621
40.25137	-96.74622
40.25143	-96.74623
40.25149	-96.74624
40.25154	-96.74624
40.25195	-96.74626
40.25197	-96.74626
40.25251	-96.74628
40.25287	-96.74629
40.25297	-96.7463
40.25359	-96.74632
40.25393	-96.74633
40.25429	-96.74635
40.25452	-96.74636
40.25465	-96.74637
40.25488	-96.74638
40.25516	-96.7464
40.25533	-96.74642
40.2555	-96.74645
40.25558	-96.74646
40.25583	-96.74651
40.25615	-96.74657
40.2565	-96.74664
40.25708	-96.74673
40.25731	-96.74675
40.25743	-96.74676
40.25758	-96.74676
40.25763	-96.74676
40.25785	-96.74677
40.25803	-96.74677
40.2582	-96.74677
40.25915	-96.74677
40.25999	-96.74676
40.26031	-96.74676
40.26038	-96.74676
40.26067	-96.74676
40.26095	-96.74676
40.261	-96.74675
40.26192	-96.74675
40.26259	-96.74675
40.26266	-96.74676
40.26271	-96.74676
40.26279	-96.74677
40.26325	-96.74677
40.26377	-96.74677
40.2643	-96.74677
40.26479	-96.74677
40.26538	-96.74677
40.26586	-96.74676
40.2658588	-96.7467563
40.26586	-96.74729
40.26586	-96.7476
40.26586	-96.74812
40.26586	-96.74874
40.26586	-96.74892
40.26586	-96.74948
40.26587	-96.75001
40.26587	-96.75038
40.26587	-96.75085
40.26587	-96.75112
40.26587	-96.75174
40.26587	-96.75191
40.26587	-96.75222
40.26588	-96.75307
40.26587	-96.75338
40.26587	-96.75347
40.26587	-96.75418
40.26588	-96.75442
40.26588	-96.75501
40.26588	-96.75586
40.26588	-96.75704
40.26588	-96.75829
40.26589	-96.76028
40.26589	-96.76092
40.26589	-96.76242
40.2659	-96.76453
40.2659	-96.76568
40.2659	-96.76647
40.26591	-96.76807
40.26591	-96.76976
40.26591	-96.77029
40.26591	-96.77087
40.26591	-96.77135
40.26591	-96.77152
40.26591	-96.77195
40.26592	-96.77237
40.26592	-96.7728
40.26592	-96.77293
40.26592	-96.77317
40.26592	-96.7732
40.26592	-96.77329
40.26592	-96.77346
40.26592	-96.77423
40.26592	-96.77462
40.26592	-96.77475
40.26592	-96.77485
40.26592	-96.7752
40.2659217	-96.7752045
40.26603	-96.77523
40.2661	-96.77525
40.26622	-96.77527
40.26642	-96.77529
40.26654	-96.7753
40.2666	-96.77531
40.26665	-96.77532
40.2668	-96.77532
40.26698	-96.77533
40.26714	-96.77534
40.26739	-96.77534
40.26753	-96.77535
40.26769	-96.77535
40.26783	-96.77535
40.26843	-96.77535
40.26949	-96.77535
40.27047	-96.77536
40.27067	-96.77537
40.27126	-96.77537
40.27138	-96.77538
40.2715	-96.77539
40.27157	-96.7754
40.27161	-96.7754
40.27171	-96.77542
40.27183	-96.77544
40.27194	-96.77546
40.27206	-96.77549
40.27214	-96.77551
40.27219	-96.77552
40.27231	-96.77556
40.27244	-96.77561
40.27251	-96.77563
40.27257	-96.77565
40.27269	-96.7757
40.27283	-96.77577
40.27299	-96.77584
40.27305	-96.77587
40.27327	-96.77599
40.27337	-96.77606
40.2735	-96.77614
40.27362	-96.77622
40.27375	-96.77632
40.27387	-96.77642
40.27398	-96.77651
40.27415	-96.77666
40.27429	-96.7768
40.27449	-96.77701
40.27454	-96.77707
40.27468	-96.77723
40.27481	-96.7774
40.27489	-96.77751
40.27501	-96.77767
40.27515	-96.77789
40.27524	-96.77803
40.27541	-96.77834
40.27565	-96.77878
40.27571	-96.77889
40.27608	-96.77959
40.27651	-96.78041
40.27703	-96.7814
40.27726	-96.78187
40.27742	-96.7822
40.27754	-96.78245
40.27761	-96.78261
40.27773	-96.78288
40.27779	-96.78302
40.27785	-96.78316
40.27793	-96.78335
40.27802	-96.78358
40.27811	-96.78382
40.27817	-96.78396
40.27821	-96.78408
40.27827	-96.78424
40.27833	-96.78441
40.27842	-96.78469
40.27856	-96.78511
40.27866	-96.78541
40.27889	-96.78616
40.2791	-96.78685
40.27929	-96.78746
40.27954	-96.78829
40.28012	-96.79011
40.28049	-96.7913
40.28056	-96.79153
40.28072	-96.79205
40.28076	-96.79219
40.28082	-96.79241
40.28095	-96.79285
40.28096	-96.79287
40.28106	-96.79321
40.28108	-96.79329
40.28114	-96.79351
40.2812	-96.79373
40.28137	-96.79432
40.2815	-96.79484
40.28154	-96.79497
40.28156	-96.79506
40.28174	-96.79572
40.282	-96.79668
40.28232	-96.7979
40.28239	-96.79814
40.28246	-96.79844
40.28264	-96.79909
40.28273	-96.79942
40.28288	-96.79997
40.28292	-96.80013
40.28306	-96.80066
40.28311	-96.80083
40.28319	-96.80113
40.28324	-96.80131
40.28328	-96.80147
40.28333	-96.80167
40.2834	-96.80195
40.2835	-96.80236
40.28365	-96.80297
40.28369	-96.80313
40.28372	-96.80326
40.28379	-96.80358
40.28389	-96.80405
40.28391	-96.80417
40.28403	-96.80478
40.2841	-96.80513
40.28419	-96.80565
40.28425	-96.80599
40.2843	-96.80627
40.28432	-96.8064
40.28435	-96.80663
40.28436	-96.80666
40.28446	-96.80727
40.28449	-96.80752
40.28458	-96.80815
40.28461	-96.80841
40.28462	-96.80848
40.28464	-96.80872
40.28473	-96.80948
40.28479	-96.81014
40.28485	-96.81087
40.28488	-96.81134
40.28495	-96.81219
40.28504	-96.81329
40.28507	-96.8136
40.28507	-96.81364
40.28514	-96.81466
40.28516	-96.81486
40.28522	-96.81563
40.2853	-96.81664
40.28533	-96.81698
40.28536	-96.81733
40.28538	-96.81756
40.2854	-96.81779
40.28541	-96.81791
40.28543	-96.81803
40.28547	-96.8185
40.2855	-96.81873
40.28551	-96.81884
40.28554	-96.8192
40.2856	-96.81977
40.28562	-96.8199
40.28571	-96.8208
40.28573	-96.82094
40.28574	-96.82106
40.28582	-96.82181
40.28587	-96.82233
40.2858723	-96.822332
40.28548	-96.82232
40.2853	-96.82233
40.28521	-96.82233
40.2852132	-96.8223276
40.28521	-96.82248
40.28522	-96.82267
40.28523	-96.82281
40.28524	-96.82291
40.28526	-96.82304
40.28526	-96.82305
40.28529	-96.82317
40.28532	-96.82328
40.28537	-96.82344
40.28538	-96.82355
40.28539	-96.82369
40.28539	-96.8238
40.28538	-96.82388
40.28536	-96.82396
40.2853628	-96.8239567
40.28539	-96.82403
40.28541	-96.82412
40.28542	-96.82418
40.28548	-96.82429
40.28552	-96.82438
40.28555	-96.82444
40.28558	-96.82452
40.28558	-96.82459
40.28559	-96.82464
40.2856	-96.82483
40.28561	-96.82497
40.28561	-96.82519
40.2856058	-96.8251934
