36.146807	-86.77556
36.146855	-86.775427
36.146902	-86.775332
36.146955	-86.775238
36.147024	-86.775147
36.147094	-86.775083
36.147083	-86.774975
36.147061	-86.774761
36.147134	-86.774526
36.14719	-86.774447
36.147242	-86.774424
36.1473	-86.774404
36.147316	-86.774547
36.147316	-86.774547
36.147399	-86.775266
36.147401	-86.775337
36.147398	-86.775411
36.147388	-86.775507
36.147368	-86.775623
36.147355	-86.775681
36.147339	-86.775735
36.147308	-86.775813
36.147273	-86.775885
36.147209	-86.775989
36.147122	-86.776103
36.14704	-86.776187
36.146984	-86.776231
36.146899	-86.776281
36.146798	-86.776324
36.146688	-86.776353
36.146615	-86.776358
36.143817	-86.776561
36.143651	-86.776546
36.143563	-86.776525
36.143436	-86.776475
36.143341	-86.776423
36.143169	-86.77627
36.142932	-86.776024
36.142826	-86.775943
36.142651	-86.775838
36.142475	-86.775785
36.142246	-86.775754
36.142127	-86.775769
36.142005	-86.776388
36.141873	-86.777064
36.141818	-86.777356
36.141796	-86.777499
36.141762	-86.777936
36.141749	-86.778115
36.141719	-86.778528
36.141719	-86.77856
36.141717	-86.778701
36.141817	-86.778717
36.14243	-86.778793
36.142498	-86.778802
36.142683	-86.778825
36.142772	-86.778824
36.142875	-86.778828
36.142875	-86.778828
36.143139	-86.778838
36.143167	-86.778839
36.143531	-86.778853
36.143897	-86.778872
36.144038	-86.77888
36.144455	-86.778901
36.144651	-86.778912
36.144857	-86.778923
36.145051	-86.778933
36.145101	-86.778935
36.145285	-86.778946
36.145435	-86.778955
36.145549	-86.778962
36.145858	-86.778981
36.146238	-86.779003
36.146621	-86.779026
36.146713	-86.779031
36.146738	-86.779033
36.146997	-86.779042
36.147398	-86.779056
36.147694	-86.779071
36.147931	-86.779083
36.148111	-86.779092
36.148187	-86.779096
36.148367	-86.779105
36.148629	-86.779118
36.148809	-86.779127
36.148833	-86.779128
36.149001	-86.779137
36.149013	-86.779138
36.149589	-86.779167
36.149702	-86.779171
36.149808	-86.779177
36.149919	-86.779183
36.150171	-86.779197
36.150404	-86.77921
36.150593	-86.77922
36.150741	-86.779228
36.150827	-86.779233
36.151036	-86.77924
36.151149	-86.779251
36.151246	-86.779256
36.151284	-86.779258
36.151797	-86.779286
36.151805	-86.779287
36.152008	-86.779293
36.152239	-86.779306
36.152739	-86.779328
36.152814	-86.779331
36.152979	-86.779337
36.15339	-86.779366
36.153434	-86.779369
36.154019	-86.779398
36.154128	-86.779398
36.154358	-86.779339
36.154438	-86.779311
36.154532	-86.779278
36.154561	-86.779237
36.154629	-86.779183
36.15469	-86.779152
36.154731	-86.779142
36.154786	-86.779134
36.154836	-86.779149
36.154912	-86.779188
36.154975	-86.779252
36.155021	-86.779336
36.155041	-86.7794
36.155049	-86.779469
36.155073	-86.779526
36.155117	-86.779599
36.155154	-86.779654
36.155166	-86.779665
36.155182	-86.779682
36.155323	-86.779774
36.155511	-86.779949
36.155812	-86.78014
36.156166	-86.780359
36.156532	-86.780595
36.156623	-86.780656
36.156636	-86.780664
36.156662	-86.780681
36.156789	-86.780758
36.156822	-86.780779
36.156891	-86.780822
36.156956	-86.780864
36.157012	-86.780899
36.157037	-86.780914
36.157073	-86.780937
36.157162	-86.780993
36.157287	-86.781073
36.157344	-86.781109
36.157432	-86.781168
36.157529	-86.781227
36.157592	-86.781266
36.157767	-86.781377
36.157818	-86.781409
36.157869	-86.781441
36.157921	-86.781475
36.157976	-86.781509
36.158205	-86.781654
36.158368	-86.781757
36.158737	-86.781991
36.158766	-86.782009
36.158903	-86.782096
36.159024	-86.782171
36.159051	-86.782189
36.159471	-86.782467
36.159654	-86.782587
36.159824	-86.782693
36.159877	-86.782727
36.159901	-86.782741
36.160085	-86.782856
36.16012	-86.782879
36.160243	-86.782963
36.160274	-86.782984
36.160336	-86.783025
36.160366	-86.783045
36.160488	-86.783128
36.160776	-86.783323
36.161258	-86.783649
36.161402	-86.783746
36.161528	-86.783832
36.161582	-86.78387
36.161641	-86.78389
36.161679	-86.783922
36.161744	-86.783997
36.161807	-86.784078
36.161991	-86.784342
36.162282	-86.784897
36.162329	-86.784993
36.162444	-86.785186
36.162549	-86.785363
36.162567	-86.785385
36.16275	-86.785561
36.163854	-86.78631
36.164072	-86.786459
36.164305	-86.786598
36.164396	-86.786651
36.16449	-86.786704
36.16459	-86.786755
36.164681	-86.786799
36.164775	-86.786842
36.164876	-86.786887
36.164973	-86.786928
36.16507	-86.786966
36.165167	-86.787002
36.165266	-86.787036
36.165366	-86.787067
36.165468	-86.787097
36.165567	-86.787124
36.165668	-86.787149
36.165772	-86.787171
36.16587	-86.787191
36.165966	-86.787208
36.166074	-86.787223
36.166176	-86.787233
36.16628	-86.787238
36.166382	-86.787236
36.166463	-86.78722
36.166573	-86.787192
36.167017	-86.787102
36.167174	-86.787034
36.16725	-86.786977
36.167436	-86.786838
36.167676	-86.786608
36.16778	-86.786465
36.167865	-86.786349
36.167933	-86.786242
36.168011	-86.786122
36.168119	-86.785934
36.168219	-86.785748
36.168298	-86.785581
36.168374	-86.785394
36.16841	-86.785293
36.168458	-86.785158
36.168505	-86.785019
36.168616	-86.784593
36.168688	-86.784281
36.168725	-86.784121
36.168738	-86.783979
36.168738	-86.783762
36.168732	-86.783643
36.168727	-86.783521
36.168683	-86.783249
36.168597	-86.782904
36.168517	-86.782676
36.168482	-86.782575
36.16848	-86.782569
36.168353	-86.782288
36.168341	-86.78227
36.168254	-86.782146
36.168177	-86.782037
36.168099	-86.781924
36.167886	-86.781689
36.167703	-86.781529
36.167484	-86.781317
36.167382	-86.781209
36.167361	-86.781185
36.167291	-86.781093
36.167246	-86.781028
36.167202	-86.780949
36.167131	-86.780808
36.167075	-86.780671
36.167062	-86.780639
36.167014	-86.780483
36.167007	-86.780438
36.166988	-86.780311
36.166974	-86.780171
36.166982	-86.780023
36.166988	-86.779976
36.167014	-86.779851
36.167073	-86.779677
36.167125	-86.779563
36.167176	-86.779441
36.167482	-86.778747
36.167544	-86.778605
36.167599	-86.778478
36.167773	-86.77808
36.167856	-86.777902
36.167977	-86.777665
36.168026	-86.777639
36.16808	-86.777525
36.168789	-86.775908
36.168789	-86.775908
36.169089	-86.775222
36.170083	-86.772929
36.170457	-86.772002
36.170741	-86.771088
36.170861	-86.770719
36.170959	-86.770427
36.171252	-86.76957
36.171252	-86.769445
36.171303	-86.769288
36.171346	-86.769139
36.171347	-86.769137
36.171354	-86.7691
36.171374	-86.769002
36.171593	-86.768436
36.171738	-86.76806
36.171767	-86.767986
36.171849	-86.767775
36.171946	-86.767524
36.172059	-86.767263
36.172363	-86.76647
36.172504	-86.766157
36.172595	-86.766007
36.172721	-86.765662
36.172846	-86.765337
36.172989	-86.765358
36.173568	-86.765672
36.173628	-86.765705
36.17377	-86.76575
36.173985	-86.765775
36.174568	-86.765734
36.174993	-86.765717
36.175208	-86.765755
36.175336	-86.765786
36.175464	-86.765832
36.175579	-86.76589
36.1757	-86.765972
36.175835	-86.76609
36.175965	-86.766245
36.176051	-86.766364
36.176108	-86.766446
36.176154	-86.766528
36.176218	-86.766685
36.17628	-86.766892
36.176323	-86.767114
36.1764	-86.767729
36.176576	-86.769729
36.176609	-86.770155
36.176817	-86.77069
36.176939	-86.770845
36.177058	-86.771008
36.177418	-86.771256
36.177889	-86.771583
36.178297	-86.772092
36.178379	-86.772219
36.178657	-86.772646
36.178772	-86.772785
36.178997	-86.773011
36.179302	-86.773213
36.179651	-86.77335
36.180911	-86.773572
36.181258	-86.773627
36.181562	-86.773674
36.182424	-86.773805
36.182753	-86.773833
36.183141	-86.773866
36.18319	-86.773878
36.183244	-86.773871
36.183368	-86.773854
36.183575	-86.773833
36.183709	-86.773818
36.183936	-86.773792
36.183978	-86.773787
36.184419	-86.773729
36.184598	-86.773705
36.184853	-86.773679
36.184915	-86.773671
36.185079	-86.773651
36.185587	-86.773589
36.186177	-86.773516
36.186613	-86.773462
36.186842	-86.773434
36.186979	-86.773417
36.187449	-86.773359
36.188804	-86.773152
36.189544	-86.773029
36.189734	-86.772997
36.190093	-86.772937
36.190115	-86.772934
36.19129	-86.772789
36.191764	-86.772731
36.191934	-86.772711
36.19305	-86.772606
36.194302	-86.772366
36.19441	-86.772345
36.194501	-86.772326
36.194795	-86.772265
36.194949	-86.772234
36.195231	-86.772175
36.195307	-86.772159
36.195597	-86.772104
36.196057	-86.772005
36.196079	-86.771996
36.196452	-86.771849
36.196592	-86.771774
36.196847	-86.771637
36.196922	-86.771597
36.196955	-86.771579
36.197244	-86.771425
36.197621	-86.771221
36.197831	-86.771108
36.198348	-86.770828
36.198495	-86.770749
36.199012	-86.770476
36.19926	-86.770345
36.199401	-86.770271
36.199469	-86.770235
36.19962	-86.770155
36.199887	-86.770033
36.199938	-86.770009
36.200092	-86.769939
36.200155	-86.76991
36.200186	-86.7699
36.200329	-86.769857
36.200808	-86.769681
36.201124	-86.769618
36.201218	-86.769599
36.201763	-86.76949
36.201763	-86.76949
36.201903	-86.769462
36.202193	-86.769404
36.202476	-86.769349
36.202677	-86.769311
36.203164	-86.769216
36.203238	-86.769202
36.203714	-86.769109
36.203969	-86.76906
36.204153	-86.769024
36.204208	-86.769013
36.204714	-86.768915
36.2048	-86.768898
36.204836	-86.768891
36.205221	-86.768787
36.205304	-86.768765
36.205484	-86.768716
36.20578	-86.768619
36.205892	-86.768582
36.205905	-86.768783
36.205918	-86.76898
36.205944	-86.769382
36.205964	-86.769691
36.206089	-86.771016
36.206131	-86.771163
36.206156	-86.771461
36.206196	-86.771934
36.206232	-86.77234
36.206263	-86.772698
36.20631	-86.773291
36.206345	-86.773741
36.206411	-86.774587
36.206426	-86.774783
36.206447	-86.775041
36.206488	-86.775581
36.206515	-86.776118
36.206526	-86.77634
36.206528	-86.776377
36.206539	-86.776599
36.206549	-86.776805
36.206649	-86.777612
36.206625	-86.777882
36.206655	-86.77839
36.206673	-86.77878
36.206681	-86.778954
36.206686	-86.779064
36.206692	-86.779189
36.206696	-86.779264
36.206701	-86.779369
36.206716	-86.779696
36.20672	-86.779785
36.206738	-86.780152
36.20674	-86.780212
36.206749	-86.780392
36.206759	-86.780603
36.20677	-86.780854
36.206789	-86.781037
36.20685	-86.781502
36.206939	-86.782081
36.207008	-86.782389
36.207056	-86.782607
36.207211	-86.783305
36.207338	-86.783921
36.207375	-86.784096
36.20742	-86.784305
36.207463	-86.784508
36.207597	-86.785141
36.207687	-86.78549
36.207711	-86.785584
36.207863	-86.786202
36.208156	-86.787354
36.208297	-86.787901
36.208308	-86.787947
36.208316	-86.788014
36.208333	-86.788155
36.208336	-86.788492
36.208302	-86.788867
36.208203	-86.789337
36.208096	-86.789625
36.20782	-86.79011
36.207348	-86.790937
36.207327	-86.790974
36.207101	-86.791413
36.207081	-86.791472
36.207034	-86.79162
36.207155	-86.791731
36.207351	-86.791912
36.207456	-86.792009
36.207523	-86.792091
36.207897	-86.792554
36.207955	-86.792657
36.208067	-86.792859
36.208182	-86.793065
36.208289	-86.793281
36.2083	-86.793312
36.208323	-86.793377
36.208405	-86.793606
36.208545	-86.794001
36.20877	-86.794741
36.209007	-86.795227
36.209292	-86.795603
36.209494	-86.795816
36.209974	-86.796207
36.210685	-86.796723
36.21094	-86.796955
36.211122	-86.797135
36.211521	-86.79758
36.212309	-86.798604
36.212441	-86.798748
36.212527	-86.798842
36.212783	-86.799123
36.212834	-86.799178
36.213138	-86.799421
36.213276	-86.799534
36.213836	-86.799998
36.214752	-86.800742
36.214752	-86.800742
36.216305	-86.802004
36.217435	-86.802896
36.217654	-86.803068
36.218191	-86.803492
36.218674	-86.803837
36.21886	-86.80397
36.219581	-86.80436
36.219847	-86.804485
36.219954	-86.804536
36.220397	-86.80469
36.22046	-86.804707
36.220727	-86.804782
36.221145	-86.804898
36.221737	-86.805061
36.221955	-86.805121
36.222357	-86.805281
36.222835	-86.805552
36.223222	-86.805878
36.223824	-86.806417
36.223844	-86.806435
36.224349	-86.806898
36.224505	-86.807041
36.224602	-86.807123
36.224892	-86.807366
36.225356	-86.807805
36.226261	-86.808836
36.226972	-86.80963
36.227464	-86.81018
36.227922	-86.810692
36.228236	-86.811022
36.228701	-86.811423
36.22886	-86.811561
36.228933	-86.81162
36.230004	-86.812442
36.230426	-86.812743
36.230547	-86.812828
36.231232	-86.813311
36.232445	-86.814167
36.233171	-86.814679
36.233781	-86.81514
36.234039	-86.815335
36.234624	-86.815778
36.235378	-86.816336
36.235821	-86.81666
36.236161	-86.816911
36.236181	-86.816925
36.237109	-86.817592
36.23768	-86.818002
36.237726	-86.818035
36.237905	-86.818153
36.238228	-86.818364
36.238248	-86.818378
36.238355	-86.818447
36.238728	-86.818692
36.238759	-86.818712
36.239005	-86.81887
36.23912	-86.818944
36.239247	-86.819025
36.239539	-86.819213
36.239762	-86.819356
36.240229	-86.819655
36.240843	-86.820049
36.240885	-86.820076
36.241174	-86.820262
36.241487	-86.820466
36.242398	-86.821063
36.242792	-86.821343
36.242936	-86.821456
36.243232	-86.821687
36.243696	-86.822085
36.243788	-86.822165
36.244013	-86.822356
36.24406	-86.822403
36.244502	-86.822792
36.245255	-86.823456
36.24529	-86.823485
36.245533	-86.823701
36.245703	-86.823851
36.245734	-86.823879
36.246531	-86.824549
36.246934	-86.824887
36.246985	-86.824928
36.247161	-86.825078
36.248066	-86.825838
36.248087	-86.825856
36.248358	-86.826085
36.248555	-86.826251
36.248733	-86.826402
36.248874	-86.826521
36.24918	-86.826786
36.249404	-86.826992
36.249687	-86.827253
36.250176	-86.827747
36.250764	-86.828367
36.251237	-86.828856
36.251657	-86.829252
36.252117	-86.829581
36.252473	-86.829748
36.25264	-86.82981
36.252802	-86.829861
36.252956	-86.829905
36.253179	-86.829954
36.253509	-86.829978
36.25365	-86.829988
36.253903	-86.830007
36.254201	-86.830024
36.254418	-86.830033
36.254441	-86.830034
36.254939	-86.830066
36.255106	-86.830077
36.255316	-86.830089
36.255649	-86.830112
36.255857	-86.830127
36.256021	-86.830138
36.256852	-86.830196
36.258146	-86.830287
36.258547	-86.830315
36.258617	-86.83032
36.259312	-86.83037
36.259694	-86.830417
36.260493	-86.830516
36.261071	-86.830589
36.261524	-86.830646
36.261616	-86.830653
36.262463	-86.830715
36.2641	-86.830796
36.264221	-86.830802
36.264334	-86.830807
36.264581	-86.830818
36.264749	-86.830825
36.264836	-86.830829
36.265012	-86.830837
36.265058	-86.830839
36.265127	-86.830841
36.26536	-86.830851
36.265707	-86.830864
36.26614	-86.830879
36.266261	-86.830883
36.266522	-86.830892
36.267359	-86.831003
36.271532	-86.831809
36.272591	-86.83209
36.273019	-86.832217
36.273063	-86.832232
36.273684	-86.832474
36.274638	-86.832847
36.274996	-86.832986
36.275149	-86.833046
36.275213	-86.833066
36.275303	-86.833093
36.275616	-86.83319
36.275832	-86.833257
36.276204	-86.833371
36.276521	-86.833469
36.276664	-86.833513
36.278324	-86.834071
36.278341	-86.834077
36.278793	-86.834311
36.279244	-86.834589
36.279298	-86.834629
36.279402	-86.834706
36.279654	-86.834934
36.280349	-86.835564
36.281273	-86.836401
36.281837	-86.836955
36.282121	-86.837233
36.282121	-86.837233
36.282154	-86.837266
36.28244	-86.837546
36.28285	-86.837949
36.282879	-86.837977
36.283165	-86.838263
36.28353	-86.838628
36.283564	-86.838657
36.284086	-86.839092
36.284803	-86.83969
36.285227	-86.840044
36.285258	-86.840075
36.285394	-86.840211
36.285462	-86.84027
36.285814	-86.84068
36.286354	-86.841411
36.28651	-86.841622
36.286561	-86.841691
36.287265	-86.842645
36.287665	-86.843186
36.288166	-86.843883
36.288904	-86.844911
36.288988	-86.845028
36.289574	-86.845844
36.289615	-86.845901
36.289798	-86.846209
36.289829	-86.846266
36.290002	-86.846668
36.290025	-86.84672
36.290287	-86.847332
36.290531	-86.847978
36.29075	-86.848516
36.291019	-86.849161
36.291277	-86.849624
36.291631	-86.85024
36.291902	-86.850688
36.292257	-86.851196
36.292437	-86.851455
36.292449	-86.851472
36.29251	-86.851556
36.292587	-86.851672
36.292675	-86.851798
36.293352	-86.852709
36.293548	-86.852895
36.293648	-86.852981
36.293747	-86.853066
36.293968	-86.853205
36.294293	-86.853342
36.295143	-86.853531
36.295569	-86.853654
36.295704	-86.853693
36.296081	-86.853844
36.296343	-86.85401
36.296778	-86.854285
36.296886	-86.854349
36.298596	-86.855364
36.299261	-86.855759
36.300357	-86.856461
36.300736	-86.856662
36.30102	-86.856806
36.301338	-86.856967
36.301714	-86.857153
36.302068	-86.857418
36.302361	-86.857698
36.302466	-86.857789
36.302715	-86.858007
36.303056	-86.858272
36.303158	-86.858328
36.303407	-86.858466
36.303744	-86.858644
36.303876	-86.858728
36.304098	-86.858869
36.304341	-86.859046
36.304485	-86.859151
36.304762	-86.859428
36.304964	-86.859669
36.305101	-86.859832
36.305112	-86.859848
36.305156	-86.859911
36.305209	-86.85998
36.305532	-86.860445
36.305669	-86.860635
36.305859	-86.860878
36.305936	-86.860971
36.306002	-86.861049
36.306076	-86.861141
36.306149	-86.861223
36.30624	-86.861315
36.306317	-86.861382
36.306404	-86.86146
36.306508	-86.861539
36.306568	-86.86158
36.306624	-86.861617
36.306741	-86.861685
36.30688	-86.861759
36.307043	-86.861823
36.307154	-86.86186
36.307188	-86.861872
36.307332	-86.861909
36.307478	-86.861941
36.307605	-86.86196
36.307749	-86.861987
36.30789	-86.862003
36.308171	-86.862024
36.30831	-86.862026
36.308472	-86.862028
36.308763	-86.862008
36.30887	-86.861996
36.308977	-86.861977
36.309176	-86.861934
36.309316	-86.861893
36.309454	-86.861842
36.309718	-86.861734
36.309955	-86.861607
36.310184	-86.86147
36.310337	-86.86137
36.310477	-86.861262
36.310605	-86.861148
36.310743	-86.861019
36.310882	-86.860886
36.311016	-86.860731
36.311131	-86.860586
36.311254	-86.860441
36.311418	-86.860244
36.311519	-86.860133
36.311543	-86.860106
36.31157	-86.860087
36.311623	-86.86006
36.311676	-86.860044
36.311729	-86.860042
36.31178	-86.860048
36.311829	-86.860058
36.311867	-86.860067
36.31191	-86.860081
36.311947	-86.860108
36.311987	-86.860156
36.312028	-86.860242
36.312057	-86.860334
36.312072	-86.860393
36.312075	-86.860455
36.312075	-86.860513
36.312062	-86.86057
36.31205	-86.860623
36.312022	-86.860701
36.311947	-86.860821
36.311841	-86.860984
36.311791	-86.861079
36.311752	-86.86118
36.311675	-86.86143
36.311665	-86.861501
36.31166	-86.861573
36.31166	-86.861654
36.311662	-86.861711
36.311665	-86.861762
36.311675	-86.861833
36.311704	-86.861959
36.311734	-86.862074
36.31178	-86.862178
36.31183	-86.862275
36.31188	-86.86235
36.311936	-86.862429
36.311985	-86.862497
36.312004	-86.86252
36.312028	-86.862544
36.31207	-86.862587
36.312112	-86.862629
36.312155	-86.862668
36.31234	-86.86282
36.312512	-86.862976
36.312681	-86.863148
36.312747	-86.863249
36.3128	-86.863348
36.312845	-86.863452
36.312879	-86.863551
36.312898	-86.863615
36.312914	-86.863686
36.312939	-86.863834
36.312976	-86.864125
36.313019	-86.864464
36.313032	-86.864556
36.313052	-86.864634
36.313096	-86.864772
36.313207	-86.864901
36.313314	-86.865001
36.313428	-86.865087
36.313543	-86.865153
36.313655	-86.865196
36.313721	-86.865222
36.313809	-86.865247
36.313892	-86.865271
36.314221	-86.865365
36.315084	-86.865611
36.315145	-86.865629
36.315254	-86.86566
36.315803	-86.865817
36.316147	-86.865917
36.316169	-86.865923
36.316495	-86.86601
36.316677	-86.866058
36.316707	-86.866066
36.31684	-86.866102
36.316914	-86.866124
36.317191	-86.866209
36.317941	-86.866438
36.318359	-86.866565
36.318661	-86.866657
36.318898	-86.866728
36.319173	-86.866811
36.319259	-86.866838
36.319361	-86.86687
36.319703	-86.866977
36.320243	-86.867147
36.320306	-86.867167
36.320682	-86.867306
36.320848	-86.867367
36.321049	-86.867442
36.321145	-86.867408
36.321593	-86.86754
36.321736	-86.867582
36.321853	-86.867617
36.32218	-86.867718
36.322454	-86.867804
36.322463	-86.867807
36.32253	-86.867832
36.322621	-86.867863
36.323198	-86.868018
36.323771	-86.868197
36.323847	-86.868222
36.324021	-86.868278
36.324098	-86.868303
36.324294	-86.868367
36.324468	-86.868423
36.3246	-86.868466
36.325005	-86.868594
36.325144	-86.868642
36.325581	-86.868792
36.325857	-86.868872
36.326652	-86.869141
36.326866	-86.869277
36.326887	-86.86928
36.32718	-86.869321
36.327635	-86.869284
36.327722	-86.869277
36.327992	-86.869255
36.32877	-86.869225
36.32938	-86.869305
36.330309	-86.869591
36.330414	-86.869625
36.330586	-86.869672
36.330891	-86.869738
36.331289	-86.869733
36.33166	-86.869691
36.331883	-86.869666
36.332325	-86.869612
36.33253	-86.869586
36.332732	-86.869562
36.333258	-86.869501
36.334288	-86.869589
36.334605	-86.869624
36.334702	-86.869635
36.334952	-86.869665
36.335185	-86.869702
36.335537	-86.869758
36.335706	-86.869785
36.336093	-86.86986
36.336543	-86.869996
36.33731	-86.870386
36.337771	-86.870603
36.338257	-86.870831
36.338637	-86.871012
36.338958	-86.871162
36.339792	-86.871553
36.340165	-86.871647
36.340233	-86.871655
36.340476	-86.871682
36.340553	-86.87168
36.340926	-86.871673
36.341774	-86.871659
36.341864	-86.871657
36.341942	-86.871656
36.342869	-86.871768
36.34329	-86.871848
36.343456	-86.871879
36.344014	-86.871948
36.344648	-86.872156
36.344901	-86.87224
36.345254	-86.872463
36.345586	-86.872772
36.345987	-86.873235
36.34636	-86.873707
36.346733	-86.87424
36.347051	-86.874681
36.34757	-86.875347
36.348147	-86.876046
36.348945	-86.877012
36.349432	-86.877438
36.349464	-86.877467
36.349844	-86.877767
36.349945	-86.877836
36.350376	-86.878128
36.351044	-86.878573
36.351137	-86.878634
36.351468	-86.878929
36.351496	-86.878953
36.351643	-86.879108
36.352088	-86.879577
36.352117	-86.87961
36.352279	-86.87979
36.352374	-86.879896
36.353128	-86.880711
36.353366	-86.880891
36.353474	-86.880972
36.353584	-86.881055
36.353939	-86.881192
36.354005	-86.881218
36.354192	-86.881277
36.354427	-86.881321
36.354464	-86.881322
36.354764	-86.881334
36.35487	-86.881338
36.355115	-86.881358
36.355692	-86.881406
36.356231	-86.881535
36.356549	-86.881673
36.356837	-86.881843
36.356985	-86.88193
36.357413	-86.882311
36.357535	-86.88242
36.357545	-86.882428
36.357876	-86.882874
36.358066	-86.883117
36.358086	-86.883142
36.358216	-86.883309
36.359091	-86.884431
36.359419	-86.884757
36.359525	-86.884861
36.360014	-86.885346
36.36038	-86.885648
36.360565	-86.885801
36.36099	-86.886066
36.361031	-86.886091
36.361108	-86.886139
36.36186	-86.886538
36.362065	-86.886656
36.362178	-86.886707
36.362261	-86.886751
36.36259	-86.886925
36.362774	-86.887014
36.362869	-86.88706
36.363689	-86.887457
36.364158	-86.887681
36.364374	-86.887784
36.364423	-86.887799
36.364484	-86.887817
36.364961	-86.887964
36.365452	-86.88799
36.365991	-86.887964
36.366789	-86.887945
36.366815	-86.88795
36.367214	-86.888033
36.367659	-86.888181
36.368009	-86.888355
36.368104	-86.888414
36.368566	-86.888705
36.369053	-86.889011
36.369437	-86.889248
36.36982	-86.889483
36.369922	-86.889547
36.369998	-86.889594
36.370317	-86.889792
36.370545	-86.889981
36.370898	-86.890273
36.371315	-86.890659
36.371376	-86.890716
36.371577	-86.890902
36.372394	-86.891675
36.372656	-86.891929
36.373116	-86.892355
36.373566	-86.892676
36.374055	-86.892889
36.374215	-86.892959
36.374216	-86.89296
36.37463	-86.893097
36.374863	-86.893157
36.375372	-86.893289
36.375563	-86.893345
36.375756	-86.893388
36.375957	-86.893431
36.376205	-86.893483
36.376535	-86.893552
36.377069	-86.893663
36.37729	-86.893685
36.377924	-86.893748
36.378497	-86.893804
36.378631	-86.893818
36.378941	-86.893854
36.379067	-86.893869
36.379575	-86.893919
36.37969	-86.893931
36.38	-86.894026
36.380125	-86.894064
36.380378	-86.894141
36.380759	-86.894255
36.381059	-86.894421
36.381166	-86.89448
36.381644	-86.894745
36.38185	-86.894914
36.382686	-86.895598
36.38286	-86.89574
36.383551	-86.896309
36.383579	-86.896332
36.384173	-86.896684
36.384767	-86.89701
36.385195	-86.897177
36.385472	-86.897285
36.385963	-86.89744
36.386224	-86.897525
36.386723	-86.897689
36.388012	-86.898219
36.38869	-86.89845
36.389718	-86.898845
36.390184	-86.89901
36.390461	-86.899079
36.390797	-86.899197
36.391152	-86.899431
36.391509	-86.899712
36.392057	-86.900195
36.392148	-86.900278
36.392421	-86.900527
36.392587	-86.900611
36.392794	-86.900716
36.393176	-86.900873
36.393726	-86.900922
36.394468	-86.90083
36.394952	-86.900873
36.395048	-86.900881
36.396105	-86.90107
36.396621	-86.901135
36.397121	-86.901053
36.397316	-86.900944
36.397574	-86.900799
36.39763	-86.900768
36.398178	-86.900427
36.398577	-86.900193
36.398621	-86.900167
36.398713	-86.900121
36.399156	-86.899902
36.399413	-86.899775
36.399626	-86.899691
36.399716	-86.899656
36.40005	-86.899525
36.400312	-86.899481
36.400518	-86.899446
36.400697	-86.899432
36.400967	-86.899412
36.401144	-86.899438
36.401495	-86.89949
36.401546	-86.899498
36.401775	-86.899532
36.401975	-86.899569
36.402373	-86.899644
36.402507	-86.899669
36.402634	-86.899691
36.402747	-86.899711
36.40291	-86.899739
36.403338	-86.899826
36.403391	-86.899835
36.403575	-86.89987
36.403868	-86.899924
36.404181	-86.899983
36.404224	-86.899991
36.40447	-86.900037
36.404544	-86.900051
36.404883	-86.900114
36.405208	-86.900175
36.405809	-86.90027
36.406514	-86.900347
36.408773	-86.900656
36.408998	-86.90068
36.409227	-86.900704
36.409913	-86.900776
36.410394	-86.900832
36.410956	-86.900888
36.412379	-86.900948
36.413732	-86.901017
36.4143	-86.901039
36.414789	-86.901051
36.415339	-86.901055
36.41606	-86.90106
36.417904	-86.900991
36.41843	-86.900964
36.419065	-86.900931
36.419613	-86.900905
36.420051	-86.900885
36.421312	-86.900805
36.42177	-86.900775
36.422471	-86.900729
36.4229	-86.900701
36.422941	-86.900696
36.423201	-86.900663
36.424258	-86.900527
36.425094	-86.900407
36.425889	-86.900274
36.426566	-86.900161
36.42693	-86.9001
36.426938	-86.900098
36.427283	-86.900049
36.427782	-86.899979
36.428091	-86.899935
36.429652	-86.899669
36.43115	-86.899446
36.432552	-86.899223
36.433415	-86.899103
36.433492	-86.899092
36.433899	-86.899034
36.434327	-86.898974
36.43482	-86.898889
36.435511	-86.898771
36.435859	-86.898711
36.436174	-86.898657
36.436475	-86.898606
36.436779	-86.898553
36.436817	-86.898546
36.437172	-86.898485
36.437402	-86.898448
36.438208	-86.898322
36.439692	-86.898158
36.441406	-86.898141
36.442112	-86.89817
36.442529	-86.898175
36.442565	-86.898176
36.442862	-86.898195
36.444526	-86.898304
36.445927	-86.898382
36.446426	-86.89841
36.447308	-86.898459
36.448179	-86.898521
36.449593	-86.898622
36.45076	-86.898673
36.451651	-86.898716
36.452962	-86.898742
36.454274	-86.898613
36.455607	-86.898253
36.456987	-86.897678
36.458292	-86.897051
36.459139	-86.89661
36.460936	-86.895738
36.462046	-86.89519
36.462241	-86.895094
36.462351	-86.895042
36.462875	-86.894795
36.463468	-86.894515
36.463531	-86.894485
36.463764	-86.894375
36.463877	-86.894322
36.463993	-86.894267
36.464643	-86.893961
36.465374	-86.893687
36.466051	-86.893515
36.466787	-86.893417
36.46788	-86.893266
36.468253	-86.893232
36.468964	-86.893146
36.469616	-86.893067
36.469675	-86.89306
36.470273	-86.892993
36.470669	-86.892949
36.470756	-86.892933
36.471448	-86.892811
36.471849	-86.892691
36.473664	-86.891966
36.474639	-86.891525
36.475847	-86.890977
36.476246	-86.890797
36.476762	-86.890563
36.476839	-86.890528
36.477048	-86.890433
36.477992	-86.890006
36.478381	-86.889786
36.478631	-86.889652
36.479093	-86.889384
36.479564	-86.889047
36.48052	-86.888364
36.48152	-86.887635
36.482554	-86.886788
36.482893	-86.886531
36.484623	-86.885127
36.485213	-86.884665
36.485509	-86.884433
36.485509	-86.884433
36.485738	-86.884254
36.486233	-86.883871
36.486953	-86.883301
36.487302	-86.883012
36.487548	-86.882805
36.48794	-86.882415
36.488143	-86.882194
36.488358	-86.881935
36.488754	-86.881423
36.488777	-86.88139
36.488934	-86.881167
36.489111	-86.880883
36.489544	-86.880183
36.489957	-86.879394
36.489985	-86.879341
36.490397	-86.878554
36.490622	-86.878223
36.490963	-86.877722
36.49138	-86.877204
36.491415	-86.877161
36.491578	-86.876958
36.491632	-86.876892
36.491784	-86.876694
36.492564	-86.876025
36.493071	-86.875676
36.493287	-86.876165
36.493435	-86.876454
36.493629	-86.876833
36.493894	-86.877352
36.493918	-86.877399
36.49408	-86.877711
36.494207	-86.877956
36.494278	-86.878091
36.494303	-86.878141
36.494451	-86.878427
36.494524	-86.878567
36.494826	-86.87915
36.494964	-86.879396
36.495227	-86.879816
36.495287	-86.879899
36.495505	-86.880218
36.495642	-86.880361
36.495895	-86.880639
36.496066	-86.880815
36.496081	-86.880827
36.496363	-86.881051
36.496568	-86.881199
36.4968	-86.881367
36.497233	-86.881632
36.497264	-86.881651
36.497367	-86.881702
36.497484	-86.881754
36.497882	-86.88191
36.498596	-86.882097
36.499267	-86.882163
36.499843	-86.882125
36.500029	-86.882113
36.500187	-86.88208
36.50031	-86.882054
36.50048	-86.882019
36.501078	-86.881868
36.501409	-86.881785
36.501989	-86.881657
36.502081	-86.881636
36.502288	-86.88159
36.502338	-86.881579
36.502516	-86.88154
36.502521	-86.881539
36.502738	-86.881485
36.502839	-86.881462
36.502968	-86.881434
36.503266	-86.88138
36.503591	-86.881334
36.503656	-86.88133
36.503817	-86.881318
36.504029	-86.881301
36.504183	-86.881295
36.505135	-86.881355
36.50517	-86.881361
36.50551	-86.881425
36.505545	-86.881432
36.506519	-86.881617
36.506599	-86.881631
36.507114	-86.881723
36.507451	-86.881783
36.508129	-86.881904
36.50825	-86.881925
36.508568	-86.881952
36.508919	-86.881983
36.509026	-86.881992
36.509132	-86.881996
36.509353	-86.882005
36.510485	-86.881954
36.513577	-86.881902
36.514513	-86.881915
36.515505	-86.881951
36.516437	-86.882093
36.517902	-86.88257
36.518104	-86.882634
36.518928	-86.882895
36.519752	-86.883156
36.519826	-86.883179
36.520324	-86.883337
36.520568	-86.883414
36.520776	-86.88348
36.521196	-86.883613
36.521242	-86.883627
36.521459	-86.883696
36.521491	-86.8837
36.521929	-86.88376
36.522032	-86.883774
36.522118	-86.883785
36.52238	-86.883825
36.523027	-86.883854
36.524094	-86.883911
36.524516	-86.883925
36.524804	-86.883938
36.526469	-86.884003
36.526792	-86.884015
36.526989	-86.884026
36.52745	-86.884051
36.527547	-86.884056
36.527969	-86.884079
36.528677	-86.884046
36.528731	-86.884036
36.529392	-86.883918
36.529511	-86.883887
36.529842	-86.883802
36.530113	-86.883706
36.530243	-86.88366
36.530566	-86.883545
36.530767	-86.883454
36.531453	-86.883119
36.532111	-86.882798
36.532965	-86.882381
36.533357	-86.882189
36.533869	-86.881959
36.535355	-86.881202
36.535448	-86.882139
36.53548	-86.882345
36.535515	-86.882511
36.53561	-86.88271
36.53572	-86.882876
36.535804	-86.88297
36.535888	-86.883041
36.537109	-86.883671
36.538001	-86.884188
36.538717	-86.884732
36.54	-86.88597
36.541259	-86.886988
36.541559	-86.887244
36.542101	-86.887712
36.542639	-86.888243
36.54336	-86.888999
36.543372	-86.889028
36.544012	-86.889555
36.544551	-86.889897
36.544811	-86.890079
36.545377	-86.89052
36.546442	-86.891478
36.546493	-86.891523
36.54677	-86.891785
36.546922	-86.89193
36.546983	-86.891986
36.547225	-86.89221
36.547764	-86.892729
36.548696	-86.893574
36.548899	-86.893728
36.549186	-86.893902
36.549235	-86.893924
36.549982	-86.89427
36.550338	-86.894458
36.550474	-86.894546
36.550692	-86.894696
36.550797	-86.894785
36.550926	-86.894894
36.551096	-86.89509
36.551137	-86.895148
36.551284	-86.895367
36.551399	-86.895583
36.551457	-86.895693
36.551893	-86.896565
36.551942	-86.896662
36.552402	-86.897582
36.552673	-86.898073
36.553009	-86.898509
36.553354	-86.898862
36.553738	-86.899173
36.554659	-86.899831
36.555073	-86.900187
36.555266	-86.90037
36.555438	-86.900575
36.555685	-86.900868
36.555794	-86.901017
36.556117	-86.901457
36.556237	-86.901641
36.556634	-86.902238
36.556672	-86.902285
36.557139	-86.902793
36.557299	-86.902929
36.557621	-86.903201
36.558311	-86.903491
36.559203	-86.903713
36.559259	-86.903727
36.559741	-86.903922
36.560129	-86.904143
36.560528	-86.90446
36.560901	-86.9048
36.561502	-86.905333
36.561822	-86.905562
36.56206	-86.905702
36.562478	-86.905886
36.563057	-86.906149
36.563332	-86.906299
36.563872	-86.906744
36.564288	-86.907212
36.56466	-86.907657
36.56489	-86.90793
36.565123	-86.908193
36.565616	-86.908539
36.566072	-86.908807
36.566243	-86.9089
36.566631	-86.909113
36.568047	-86.909882
36.568798	-86.910291
36.569108	-86.910459
36.569178	-86.910496
36.56954	-86.91069
36.569668	-86.910758
36.570061	-86.910968
36.570446	-86.911174
36.570708	-86.911314
36.571314	-86.911644
36.572492	-86.912172
36.573029	-86.912391
36.573835	-86.912636
36.576241	-86.913086
36.577483	-86.913298
36.578605	-86.913489
36.579166	-86.913535
36.579676	-86.913542
36.582426	-86.91349
36.583125	-86.913528
36.583414	-86.913561
36.584305	-86.913671
36.584937	-86.913769
36.58549	-86.913912
36.586103	-86.914142
36.586726	-86.914422
36.588049	-86.915031
36.588877	-86.915395
36.588976	-86.915438
36.589332	-86.915594
36.589612	-86.915666
36.589997	-86.91571
36.59046	-86.915675
36.591288	-86.91559
36.591994	-86.915518
36.592415	-86.915475
36.59265	-86.915465
36.592899	-86.915478
36.593291	-86.915558
36.593704	-86.915704
36.594026	-86.915875
36.594648	-86.916237
36.595265	-86.91662
36.595422	-86.916716
36.596021	-86.917034
36.596336	-86.917187
36.596667	-86.917333
36.596979	-86.917452
36.597334	-86.917585
36.597687	-86.917717
36.597714	-86.917727
36.598102	-86.917869
36.598316	-86.917947
36.598652	-86.918076
36.599104	-86.918244
36.600598	-86.918879
36.601305	-86.919182
36.601445	-86.919269
36.601622	-86.91944
36.601994	-86.919966
36.602313	-86.920418
36.602755	-86.921069
36.603563	-86.922224
36.603956	-86.922785
36.604185	-86.923118
36.604196	-86.923134
36.604431	-86.923466
36.605264	-86.924656
36.606055	-86.925786
36.606714	-86.926727
36.607076	-86.927249
36.608323	-86.929044
36.608976	-86.929985
36.610047	-86.93157
36.611131	-86.933185
36.611837	-86.934238
36.612275	-86.934892
36.613565	-86.936833
36.613853	-86.937259
36.614377	-86.938005
36.614464	-86.93812
36.614812	-86.938579
36.615273	-86.939177
36.615497	-86.939449
36.615751	-86.939743
36.615995	-86.940013
36.618343	-86.942516
36.618705	-86.942939
36.618957	-86.94327
36.619064	-86.943161
36.619152	-86.943043
36.619305	-86.942839
36.619333	-86.942789
36.619343	-86.94276
36.619348	-86.942736
36.619346	-86.942706
36.619335	-86.942667
36.619311	-86.942632
36.619291	-86.942613
36.619246	-86.942612
36.619246	-86.942612
36.619291	-86.942613
36.619311	-86.942632
36.619335	-86.942667
36.619346	-86.942706
36.619348	-86.942736
36.619343	-86.94276
36.619333	-86.942789
36.619305	-86.942839
36.619152	-86.943043
36.619064	-86.943161
36.618957	-86.94327
36.619323	-86.943802
36.619729	-86.944469
36.620169	-86.945154
36.620814	-86.946218
36.621025	-86.94655
36.621829	-86.947896
36.622091	-86.948301
36.622533	-86.948861
36.623148	-86.949538
36.624514	-86.951062
36.624835	-86.951421
36.625107	-86.951754
36.625499	-86.952185
36.625921	-86.952587
36.626708	-86.953202
36.62706	-86.953465
36.627191	-86.953562
36.627255	-86.95361
36.627675	-86.953955
36.62794	-86.954207
36.628052	-86.954304
36.62844	-86.95477
36.628491	-86.954831
36.62853	-86.954903
36.628568	-86.954974
36.628797	-86.955333
36.629098	-86.955889
36.629214	-86.956141
36.629564	-86.956835
36.629657	-86.957011
36.629984	-86.957859
36.630009	-86.957937
36.630133	-86.958331
36.630505	-86.959516
36.63053	-86.959602
36.631521	-86.962987
36.631872	-86.964185
36.632045	-86.964745
36.632331	-86.965652
36.632718	-86.966741
36.632761	-86.966865
36.6333	-86.96827
36.634059	-86.970162
36.634232	-86.970601
36.634659	-86.971726
36.634703	-86.971837
36.637101	-86.977778
36.637357	-86.978376
36.637482	-86.978585
36.637759	-86.978956
36.638063	-86.979272
36.638409	-86.979519
36.638683	-86.979664
36.639068	-86.97976
36.639402	-86.979803
36.639785	-86.979825
36.639818	-86.979826
36.641053	-86.979849
36.641138	-86.979851
36.641625	-86.979867
36.641926	-86.979945
36.642287	-86.980029
36.642638	-86.980149
36.643155	-86.980353
36.644201	-86.980808
36.64437	-86.980882
36.645855	-86.981529
36.646518	-86.981832
36.647276	-86.98216
36.647318	-86.982179
36.647544	-86.98228
36.648077	-86.98252
36.648536	-86.982736
36.648708	-86.982838
36.648871	-86.982959
36.649024	-86.983105
36.649164	-86.983271
36.649293	-86.983454
36.649409	-86.983648
36.649512	-86.983853
36.649586	-86.984039
36.649597	-86.984068
36.649664	-86.984295
36.649712	-86.984533
36.649739	-86.984778
36.649746	-86.985031
36.649737	-86.98529
36.649695	-86.985822
36.649438	-86.98863
36.649111	-86.99231
36.648909	-86.994524
36.64889	-86.994819
36.648882	-86.995113
36.648884	-86.995405
36.648899	-86.995695
36.648928	-86.995984
36.648974	-86.99627
36.649033	-86.996554
36.649099	-86.996839
36.650749	-87.003668
36.651048	-87.004877
36.65117	-87.005411
36.651223	-87.005679
36.65127	-87.005949
36.651351	-87.006488
36.651418	-87.007029
36.651549	-87.008189
36.651657	-87.009218
36.651851	-87.010805
36.652149	-87.013073
36.652209	-87.01347
36.652303	-87.014004
36.652356	-87.014274
36.652446	-87.014684
36.652547	-87.015091
36.652621	-87.015359
36.652779	-87.015889
36.653529	-87.018268
36.65449	-87.021342
36.654644	-87.021834
36.654959	-87.022839
36.655372	-87.024076
36.655419	-87.024196
36.655523	-87.024433
36.655583	-87.024553
36.655641	-87.024657
36.655781	-87.024907
36.655905	-87.025102
36.655964	-87.025366
36.656022	-87.025801
36.656053	-87.025972
36.6561	-87.02615
36.656153	-87.026297
36.657343	-87.029003
36.657562	-87.029492
36.657774	-87.029991
36.657856	-87.030224
36.657886	-87.030336
36.657913	-87.030466
36.657925	-87.030565
36.657939	-87.030675
36.657948	-87.030847
36.657944	-87.031064
36.657903	-87.031507
36.657703	-87.032966
36.656669	-87.040832
36.656638	-87.041135
36.656593	-87.041738
36.656583	-87.042071
36.65658	-87.042183
36.65658	-87.04228
36.656579	-87.042639
36.656591	-87.043199
36.656718	-87.046129
36.656788	-87.048042
36.656797	-87.048532
36.656784	-87.048862
36.656762	-87.049094
36.656726	-87.049369
36.656681	-87.04964
36.656562	-87.05025
36.656541	-87.050353
36.65584	-87.053895
36.655583	-87.055114
36.65552	-87.055384
36.655393	-87.055891
36.655172	-87.056717
36.654867	-87.057824
36.654231	-87.060071
36.654167	-87.060296
36.654054	-87.060713
36.653995	-87.060937
36.653945	-87.061165
36.653908	-87.061391
36.653889	-87.061617
36.65389	-87.061845
36.653908	-87.062075
36.653942	-87.062306
36.653979	-87.062503
36.654142	-87.063325
36.654222	-87.063732
36.654467	-87.065013
36.654925	-87.067367
36.655109	-87.06835
36.655188	-87.068827
36.655217	-87.069064
36.655239	-87.069299
36.655255	-87.069585
36.655318	-87.072071
36.655366	-87.074329
36.655392	-87.074954
36.6554	-87.075141
36.655412	-87.075385
36.655438	-87.075925
36.655575	-87.078161
36.655597	-87.078642
36.655593	-87.078886
36.655573	-87.079131
36.655525	-87.079401
36.655469	-87.07962
36.655283	-87.080184
36.65504	-87.080869
36.655008	-87.080961
36.654226	-87.083226
36.653987	-87.083878
36.65382	-87.084288
36.653731	-87.084486
36.653636	-87.084682
36.653434	-87.085068
36.653011	-87.085827
36.652905	-87.086007
36.652509	-87.086715
36.651874	-87.087815
36.651664	-87.088186
36.65151	-87.088488
36.651431	-87.088669
36.651374	-87.088858
36.651344	-87.089048
36.651338	-87.089237
36.651353	-87.08942
36.651384	-87.089596
36.651434	-87.089771
36.651505	-87.089958
36.651696	-87.090386
36.652039	-87.091122
36.652875	-87.092914
36.653077	-87.093374
36.653166	-87.093616
36.653242	-87.093864
36.653309	-87.094118
36.653431	-87.094629
36.653544	-87.095141
36.653801	-87.096422
36.653913	-87.09692
36.654112	-87.09767
36.654409	-87.09871
36.654601	-87.099345
36.654649	-87.099503
36.654897	-87.10029
36.655476	-87.102072
36.655724	-87.102809
36.655812	-87.10305
36.655907	-87.103285
36.656305	-87.104204
36.6565	-87.104676
36.656691	-87.105155
36.656946	-87.105819
36.658392	-87.10963
36.660393	-87.114935
36.660833	-87.1161
36.66127	-87.117219
36.661351	-87.117444
36.66142	-87.117674
36.661471	-87.117908
36.661503	-87.118151
36.661523	-87.118398
36.661605	-87.119686
36.661605	-87.119754
36.661627	-87.119948
36.661782	-87.12152
36.661933	-87.122954
36.661981	-87.12337
36.662009	-87.123561
36.66205	-87.123753
36.662096	-87.123893
36.66216	-87.124028
36.662227	-87.124129
36.662239	-87.124148
36.662342	-87.124257
36.662473	-87.124368
36.664712	-87.126076
36.6654	-87.126625
36.666065	-87.127204
36.666385	-87.127492
36.666898	-87.127954
36.667244	-87.12828
36.667995	-87.129015
36.668236	-87.129251
36.669582	-87.130552
36.670015	-87.130976
36.670248	-87.131204
36.670384	-87.131352
36.670661	-87.131636
36.671083	-87.132118
36.671426	-87.132455
36.671698	-87.132722
36.671838	-87.132884
36.671973	-87.133057
36.672052	-87.133174
36.672098	-87.133242
36.672209	-87.13344
36.672307	-87.133652
36.67239	-87.133876
36.672456	-87.134109
36.67251	-87.134348
36.6728	-87.135803
36.672956	-87.136542
36.673295	-87.13806
36.673689	-87.139782
36.673982	-87.141114
36.674568	-87.143669
36.674582	-87.14373
36.674638	-87.143945
36.674702	-87.144146
36.674783	-87.14433
36.674883	-87.144499
36.674997	-87.144654
36.677192	-87.147236
36.678003	-87.148214
36.678228	-87.148507
36.678302	-87.148614
36.678321	-87.148642
36.678528	-87.148991
36.678604	-87.149103
36.676777	-87.151876
36.676505	-87.152288
36.676449	-87.152373
36.675664	-87.153564
36.674514	-87.155303
36.674245	-87.15571
36.673703	-87.156529
36.673578	-87.156712
36.673478	-87.156859
36.67325	-87.157177
36.67315	-87.15731
36.672944	-87.157586
36.672787	-87.157787
36.672466	-87.15818
36.672131	-87.158566
36.669564	-87.161444
36.668465	-87.162677
36.668345	-87.162812
36.667081	-87.164233
36.663335	-87.168444
36.661831	-87.170128
36.661467	-87.170538
36.659444	-87.172811
36.659382	-87.172881
36.659292	-87.172986
36.659157	-87.173142
36.658872	-87.173497
36.658673	-87.173769
36.65857	-87.173933
36.658493	-87.174037
36.65797	-87.174947
36.657793	-87.175288
36.657481	-87.175872
36.657162	-87.176494
36.655943	-87.17885
36.655617	-87.179476
36.654304	-87.181998
36.654262	-87.182079
36.653753	-87.183063
36.651804	-87.186833
36.651691	-87.187039
36.651027	-87.18832
36.650759	-87.188836
36.64942	-87.191419
36.649205	-87.191831
36.649005	-87.192214
36.648854	-87.192504
36.648566	-87.193055
36.648037	-87.194075
36.647787	-87.194517
36.647576	-87.194983
36.647455	-87.195206
36.647396	-87.19532
36.64729	-87.195525
36.647193	-87.195711
36.647093	-87.195903
36.646995	-87.196093
36.646553	-87.196944
36.64655	-87.197272
36.646557	-87.19772
36.646575	-87.197953
36.64661	-87.198215
36.646645	-87.198382
36.646692	-87.198547
36.646749	-87.19871
36.646816	-87.198872
36.646894	-87.199031
36.646987	-87.199182
36.647089	-87.199327
36.647203	-87.199465
36.647255	-87.199519
36.647326	-87.199593
36.647457	-87.199714
36.64779	-87.200002
36.648102	-87.200248
36.651365	-87.202789
36.652453	-87.20365
36.654213	-87.205024
36.655099	-87.205723
36.655555	-87.206083
36.657833	-87.20787
36.658714	-87.208569
36.658927	-87.20874
36.659922	-87.209511
36.662435	-87.211499
36.663017	-87.211951
36.665005	-87.213513
36.665393	-87.213814
36.665515	-87.213909
36.665952	-87.214253
36.666021	-87.214307
36.666639	-87.214802
36.667001	-87.21509
36.66854	-87.216307
36.66937	-87.216959
36.670593	-87.217921
36.672889	-87.219747
36.673366	-87.220122
36.674053	-87.220661
36.67589	-87.222121
36.676005	-87.221864
36.676103	-87.221661
36.676193	-87.22146
36.67624	-87.221365
36.676279	-87.221286
36.676298	-87.221195
36.67629	-87.221154
36.67629	-87.221154
36.676298	-87.221195
36.676279	-87.221286
36.67624	-87.221365
36.676193	-87.22146
36.676103	-87.221661
36.676005	-87.221864
36.67589	-87.222121
36.677931	-87.223735
36.681031	-87.226192
36.68194	-87.226912
36.684281	-87.228769
36.685106	-87.229424
36.68603	-87.230157
36.686125	-87.230231
36.686559	-87.230568
36.686877	-87.230821
36.687982	-87.2317
36.689383	-87.232801
36.69096	-87.234058
36.691821	-87.234734
36.692433	-87.235222
36.692464	-87.235247
36.692754	-87.235469
36.693057	-87.235693
36.694453	-87.236683
36.695531	-87.237456
36.695688	-87.237569
36.696967	-87.238473
36.69846	-87.239539
36.699245	-87.240095
36.700169	-87.240786
36.701538	-87.241733
36.701673	-87.241829
36.705074	-87.244241
36.705535	-87.244577
36.706076	-87.244995
36.706261	-87.24515
36.706386	-87.245255
36.706439	-87.245299
36.706905	-87.245716
36.707382	-87.246156
36.708553	-87.247207
36.710027	-87.248546
36.712051	-87.25037
36.712751	-87.251008
36.713076	-87.251295
36.713747	-87.251905
36.714591	-87.252671
36.716504	-87.254398
36.717019	-87.254872
36.717113	-87.254959
36.717371	-87.255218
36.717572	-87.25542
36.717851	-87.255719
36.717868	-87.255739
36.718041	-87.255933
36.718215	-87.256129
36.718645	-87.256616
36.718713	-87.256692
36.718937	-87.256946
36.719431	-87.257511
36.719464	-87.257549
36.71964	-87.25775
36.719877	-87.258019
36.719964	-87.258124
36.720143	-87.258342
36.72039	-87.258642
36.720443	-87.25871
36.720516	-87.258804
36.720763	-87.259134
36.72078	-87.259159
36.721154	-87.259685
36.721322	-87.259931
36.721745	-87.260522
36.72245	-87.261539
36.722683	-87.261876
36.723025	-87.262367
36.723413	-87.262927
36.723589	-87.263181
36.723985	-87.263757
36.724154	-87.263994
36.724819	-87.264945
36.725123	-87.265381
36.725364	-87.265732
36.72543	-87.265827
36.725519	-87.265953
36.7258	-87.266353
36.725843	-87.266415
36.725966	-87.266591
36.726327	-87.267113
36.726427	-87.267259
36.72667	-87.267609
36.72702	-87.268116
36.72723	-87.26842
36.727571	-87.268913
36.728829	-87.270761
36.729288	-87.27142
36.730358	-87.272985
36.730892	-87.27377
36.731153	-87.274165
36.731521	-87.274754
36.731752	-87.275149
36.731975	-87.275544
36.732505	-87.276521
36.737581	-87.285902
36.737581	-87.285902
36.737609	-87.285954
36.742639	-87.295256
36.742883	-87.295703
36.743098	-87.296099
36.743972	-87.297707
36.74467	-87.299001
36.745786	-87.30107
36.746657	-87.302691
36.746851	-87.303062
36.747202	-87.303689
36.748167	-87.305483
36.748928	-87.306888
36.752358	-87.313227
36.752654	-87.31378
36.752945	-87.314335
36.753035	-87.314514
36.753117	-87.314693
36.753194	-87.31488
36.753267	-87.315079
36.753339	-87.315294
36.753473	-87.315748
36.753663	-87.316445
36.753689	-87.316545
36.753756	-87.316762
36.753941	-87.317432
36.754226	-87.318431
36.754274	-87.318575
36.754328	-87.318713
36.754389	-87.318847
36.754456	-87.318974
36.75455	-87.319125
36.754656	-87.31926
36.754746	-87.319363
36.754868	-87.319482
36.754968	-87.319565
36.75514	-87.319679
36.755261	-87.319744
36.755834	-87.319955
36.756131	-87.320036
36.756563	-87.320136
36.759761	-87.320867
36.759938	-87.320919
36.76021	-87.321042
36.760332	-87.321125
36.760449	-87.321216
36.760527	-87.321286
36.760635	-87.321393
36.760742	-87.321512
36.760803	-87.321588
36.760859	-87.321669
36.761213	-87.322279
36.76185	-87.323404
36.762006	-87.323666
36.762179	-87.323968
36.762258	-87.324097
36.762572	-87.324634
36.763325	-87.325841
36.763408	-87.325958
36.763634	-87.326328
36.764528	-87.327743
36.765285	-87.328962
36.765611	-87.329522
36.765873	-87.329999
36.766663	-87.331458
36.766751	-87.331614
36.767298	-87.332634
36.767329	-87.332692
36.767407	-87.332827
36.767415	-87.332841
36.767561	-87.33308
36.767632	-87.333207
36.767809	-87.333549
36.767874	-87.333683
36.768674	-87.335161
36.770137	-87.337867
36.770469	-87.338427
36.770657	-87.338744
36.773867	-87.343708
36.774485	-87.344744
36.775423	-87.346395
36.775589	-87.346674
36.776157	-87.347692
36.776236	-87.34785
36.776458	-87.348399
36.776946	-87.349673
36.777601	-87.351389
36.778064	-87.352602
36.778111	-87.352725
36.778216	-87.353053
36.778293	-87.353325
36.778415	-87.353819
36.778671	-87.354863
36.778835	-87.355476
36.779014	-87.356017
36.779202	-87.356525
36.779228	-87.356597
36.779369	-87.356995
36.779447	-87.357203
36.779558	-87.35752
36.779732	-87.357986
36.779942	-87.358503
36.780144	-87.358947
36.780246	-87.35916
36.780539	-87.359709
36.780749	-87.360072
36.78101	-87.360488
36.781365	-87.361012
36.781759	-87.361535
36.782029	-87.361845
36.782205	-87.362046
36.782463	-87.362324
36.782715	-87.362597
36.783325	-87.36324
36.783719	-87.363655
36.783939	-87.3639
36.784172	-87.364153
36.78467	-87.364693
36.784869	-87.364904
36.785721	-87.365807
36.786407	-87.366542
36.78658	-87.366728
36.786886	-87.367048
36.787141	-87.367323
36.787305	-87.367509
36.787465	-87.367678
36.788108	-87.368358
36.788207	-87.368457
36.788451	-87.368726
36.789061	-87.369382
36.789246	-87.369573
36.789665	-87.370062
36.789914	-87.370361
36.79033	-87.370892
36.791191	-87.372056
36.791388	-87.372322
36.793417	-87.375064
36.793582	-87.375287
36.793625	-87.375345
36.794753	-87.376868
36.796793	-87.379625
36.797765	-87.380943
36.798061	-87.381365
36.798404	-87.381885
36.799069	-87.382883
36.801163	-87.386558
36.801441	-87.387047
36.801764	-87.387613
36.802652	-87.389262
36.802716	-87.389386
36.805475	-87.394822
36.805818	-87.395542
36.80694	-87.397752
36.807702	-87.39929
36.807955	-87.39976
36.808265	-87.400304
36.808732	-87.401074
36.81012	-87.403395
36.810682	-87.404301
36.811036	-87.404872
36.811181	-87.405121
36.811353	-87.405437
36.811485	-87.405703
36.81179	-87.406376
36.812122	-87.407167
36.812689	-87.408504
36.81385	-87.411269
36.814076	-87.41178
36.81436	-87.412386
36.814467	-87.412599
36.814526	-87.412716
36.814736	-87.413111
36.814796	-87.413224
36.815044	-87.413661
36.81539	-87.414233
36.816304	-87.415588
36.818438	-87.418877
36.819066	-87.419845
36.823548	-87.426752
36.825595	-87.429923
36.826578	-87.431443
36.826999	-87.432095
36.828373	-87.43422
36.828373	-87.43422
36.829162	-87.435441
36.830509	-87.437524
36.83058	-87.437632
36.832061	-87.439922
36.832491	-87.440594
36.832711	-87.440939
36.832943	-87.441322
36.833215	-87.441797
36.83352	-87.442364
36.833719	-87.442761
36.833913	-87.443173
36.834098	-87.443586
36.83435	-87.444187
36.834782	-87.445263
36.834874	-87.445494
36.835324	-87.44662
36.835585	-87.447275
36.836386	-87.44928
36.836437	-87.449407
36.836916	-87.450606
36.837102	-87.451071
36.837247	-87.451436
36.837265	-87.45148
36.83745	-87.451915
36.837619	-87.452297
36.837891	-87.452879
36.83832	-87.45373
36.83854	-87.45414
36.838834	-87.454654
36.83897	-87.454883
36.83926	-87.455353
36.839569	-87.45583
36.839698	-87.456021
36.839765	-87.456117
36.840072	-87.456557
36.840469	-87.457091
36.84097	-87.45775
36.841962	-87.459055
36.842875	-87.460252
36.842957	-87.460361
36.843388	-87.460801
36.843636	-87.461129
36.843957	-87.461554
36.843998	-87.461608
36.844525	-87.462306
36.844646	-87.462466
36.84477	-87.46263
36.844779	-87.462642
36.845379	-87.463426
36.84556	-87.463662
36.846129	-87.464401
36.846229	-87.464657
36.847269	-87.466035
36.847631	-87.466532
36.848374	-87.467579
36.848886	-87.468301
36.848886	-87.468301
36.849111	-87.468617
36.849298	-87.468889
36.849387	-87.46879
36.849468	-87.468707
36.849555	-87.468616
36.849627	-87.468571
36.849757	-87.468534
36.849918	-87.46849
36.850085	-87.468468
36.85027	-87.468493
36.850453	-87.468563
36.850632	-87.46869
36.850937	-87.469026
36.850937	-87.469026
36.851084	-87.469188
36.851192	-87.469308
36.85133	-87.469416
36.851633	-87.469562
36.851771	-87.469629
36.851872	-87.469732
36.851993	-87.469894
36.851935	-87.46996
36.851704	-87.470144
36.851469	-87.470288
36.851391	-87.470369
36.851391	-87.470369
36.851277	-87.470489
36.850995	-87.470808
36.850931	-87.470872
36.850798	-87.471005
36.850917	-87.471174
36.851103	-87.471438
36.851128	-87.471474
36.851331	-87.471762
36.851525	-87.472037
36.851622	-87.472174
36.851622	-87.472174
36.852522	-87.473422
36.853696	-87.474995
36.854212	-87.475677
36.854453	-87.475991
36.854553	-87.476111
36.85476	-87.476393
36.855041	-87.476746
36.855255	-87.477003
36.855464	-87.477212
36.855747	-87.47747
36.856176	-87.477827
36.85699	-87.478433
36.857103	-87.478529
36.857196	-87.478572
36.857511	-87.478747
36.85769	-87.478832
36.858047	-87.478983
36.858278	-87.479081
36.858603	-87.479208
36.859284	-87.479489
36.85934	-87.479512
36.859764	-87.479698
36.860488	-87.480044
36.860606	-87.480067
36.860863	-87.480161
36.860937	-87.480191
36.861331	-87.480379
36.861419	-87.480426
36.861575	-87.480514
36.86177	-87.480645
36.861856	-87.480718
36.861936	-87.4808
36.862005	-87.480895
36.862062	-87.481025
36.862425	-87.48183
36.86248	-87.481953
36.862554	-87.482122
36.862679	-87.482403
36.862818	-87.482719
36.863016	-87.483192
36.863414	-87.484088
36.86383	-87.485053
36.864258	-87.486008
36.864671	-87.486947
36.865093	-87.487905
36.865535	-87.488879
36.865972	-87.489851
36.866007	-87.489941
36.866232	-87.490508
36.866237	-87.490521
36.866338	-87.490776
36.866696	-87.49168
36.867388	-87.493291
36.867446	-87.493364
36.867502	-87.4934
36.867573	-87.493425
36.867654	-87.493424
36.868019	-87.493343
36.868116	-87.493343
36.868167	-87.493377
36.868244	-87.493469
36.868464	-87.493928
36.86864	-87.494342
36.868882	-87.494874
36.869331	-87.495881
36.869447	-87.496137
36.869629	-87.49653
36.869878	-87.49704
36.870196	-87.49764
36.870386	-87.497984
36.870735	-87.498603
36.871237	-87.499495
36.871302	-87.499613
36.871444	-87.499847
36.87152	-87.499957
36.871723	-87.500221
36.871862	-87.500389
36.872212	-87.500779
36.872336	-87.500911
36.872385	-87.500955
36.872473	-87.501047
36.872656	-87.501227
36.873002	-87.501534
36.87323	-87.501738
36.873553	-87.502029
36.873961	-87.502395
36.874548	-87.502921
36.874835	-87.503173
36.875054	-87.503382
36.875291	-87.503631
36.875575	-87.503978
36.876002	-87.504586
36.876244	-87.504908
36.876555	-87.505339
36.87672	-87.505568
36.877101	-87.506096
36.877423	-87.506554
36.877924	-87.507349
36.878076	-87.507603
36.878315	-87.508044
36.878488	-87.508378
36.878764	-87.50895
36.878969	-87.509419
36.879049	-87.509623
36.87921	-87.510018
36.879565	-87.510943
36.879711	-87.511323
36.879807	-87.511598
36.879869	-87.51184
36.8799	-87.512028
36.879913	-87.512166
36.879917	-87.512319
36.87991	-87.512523
36.879884	-87.512737
36.879837	-87.512948
36.879807	-87.513053
36.879673	-87.513479
36.879064	-87.515337
36.878558	-87.516882
36.878441	-87.517246
36.878036	-87.518505
36.87788	-87.518972
36.877823	-87.519142
36.877668	-87.519623
36.877025	-87.521635
36.876809	-87.522283
36.876638	-87.52277
36.876479	-87.523158
36.876259	-87.523641
36.871954	-87.53265
36.871819	-87.532952
36.871739	-87.533159
36.871672	-87.533373
36.871597	-87.533701
36.87156	-87.533922
36.871547	-87.53403
36.871529	-87.534248
36.871521	-87.534463
36.871529	-87.534783
36.87155	-87.535002
36.871581	-87.535219
36.871623	-87.535437
36.872745	-87.540565
36.872909	-87.541278
36.87305	-87.541862
36.873221	-87.542532
36.873377	-87.543121
36.87347	-87.543465
36.873668	-87.544073
36.873728	-87.544323
36.87383	-87.544748
36.873982	-87.545397
36.874132	-87.546171
36.874156	-87.546298
36.874207	-87.54653
36.874942	-87.550719
36.875645	-87.55473
36.875698	-87.555012
36.875803	-87.55553
36.875916	-87.556046
36.875976	-87.556302
36.876106	-87.556804
36.876376	-87.557784
36.876522	-87.558266
36.87676	-87.558983
36.877701	-87.561709
36.878188	-87.563131
36.878334	-87.563615
36.878456	-87.5641
36.878514	-87.564354
36.87861	-87.564857
36.87865	-87.565109
36.878684	-87.565361
36.878713	-87.565611
36.878735	-87.565859
36.878837	-87.567663
36.879057	-87.571732
36.87929	-87.576008
36.879544	-87.580605
36.879908	-87.58726
36.880028	-87.589433
36.88003	-87.589474
36.880087	-87.590335
36.880162	-87.591193
36.880219	-87.591764
36.880244	-87.591976
36.88032	-87.592618
36.880474	-87.59376
36.880914	-87.596847
36.881355	-87.599986
36.881423	-87.600545
36.881453	-87.600827
36.881476	-87.60111
36.881494	-87.60139
36.881507	-87.60167
36.88153	-87.602769
36.881573	-87.606269
36.881581	-87.606835
36.881594	-87.607392
36.881606	-87.607674
36.881623	-87.607957
36.881646	-87.608241
36.881676	-87.608525
36.88175	-87.609085
36.881789	-87.609333
36.882212	-87.612041
36.882257	-87.612288
36.882508	-87.613851
36.882588	-87.614381
36.882657	-87.614913
36.882686	-87.615179
36.882708	-87.615447
36.882742	-87.616072
36.882756	-87.616519
36.88276	-87.616787
36.882759	-87.617056
36.882739	-87.617591
36.882723	-87.617857
36.882702	-87.618123
36.882647	-87.61865
36.882616	-87.618911
36.88254	-87.619426
36.88245	-87.619927
36.882345	-87.620415
36.882223	-87.620897
36.882087	-87.62137
36.881939	-87.621846
36.881149	-87.624267
36.880826	-87.625251
36.880432	-87.626449
36.879905	-87.628056
36.879619	-87.628925
36.879082	-87.630476
36.878915	-87.630959
36.878629	-87.631835
36.878309	-87.632913
36.878193	-87.633278
36.878038	-87.633818
36.877943	-87.634182
36.877859	-87.634556
36.877786	-87.634935
36.877754	-87.635126
36.87768	-87.635705
36.87767	-87.635807
36.877642	-87.636094
36.877616	-87.636492
36.877605	-87.636903
36.877612	-87.637318
36.877619	-87.637526
36.877648	-87.637941
36.877689	-87.638355
36.877837	-87.639606
36.877954	-87.640537
36.878173	-87.642294
36.878232	-87.642716
36.878304	-87.643143
36.878392	-87.643566
36.878492	-87.643985
36.878548	-87.644191
36.878797	-87.644998
36.879369	-87.646742
36.881012	-87.651766
36.8813	-87.652658
36.881488	-87.653265
36.881604	-87.653678
36.88171	-87.654098
36.881859	-87.654732
36.881903	-87.654946
36.881977	-87.655378
36.882076	-87.656032
36.882106	-87.656251
36.882153	-87.656687
36.882188	-87.657118
36.882229	-87.657754
36.882246	-87.658202
36.882251	-87.65859
36.882244	-87.659227
36.882213	-87.659881
36.882141	-87.660779
36.881896	-87.663572
36.88161	-87.666897
36.881435	-87.668873
36.881308	-87.670382
36.881263	-87.670886
36.881199	-87.671608
36.881098	-87.672716
36.881063	-87.673102
36.880966	-87.674303
36.880941	-87.674726
36.880937	-87.674811
36.880911	-87.675379
36.880895	-87.675821
36.880884	-87.676272
36.880879	-87.676728
36.880881	-87.677243
36.880869	-87.67808
36.880877	-87.678593
36.880881	-87.678915
36.880908	-87.679608
36.880932	-87.680331
36.880975	-87.680951
36.881045	-87.681868
36.881221	-87.683533
36.881396	-87.685061
36.88174	-87.687878
36.88222	-87.69252
36.882482	-87.694927
36.882787	-87.697778
36.882912	-87.69893
36.883419	-87.703827
36.883564	-87.705218
36.883642	-87.705916
36.883763	-87.706931
36.883856	-87.707556
36.88397	-87.708357
36.884071	-87.708855
36.884126	-87.709226
36.884227	-87.709719
36.884309	-87.710134
36.884528	-87.711125
36.885047	-87.713268
36.886715	-87.719932
36.886883	-87.720581
36.887066	-87.721264
36.887222	-87.721923
36.887524	-87.723207
36.887599	-87.723715
36.887629	-87.723971
36.88765	-87.724227
36.887658	-87.724387
36.887663	-87.724484
36.887668	-87.724741
36.887665	-87.724997
36.887654	-87.725252
36.887636	-87.725507
36.887604	-87.725806
36.887534	-87.726255
36.887485	-87.726499
36.887431	-87.72674
36.88737	-87.726978
36.887301	-87.727211
36.887284	-87.727262
36.887225	-87.727439
36.887142	-87.727663
36.887054	-87.727883
36.886958	-87.728097
36.886745	-87.728514
36.88663	-87.728717
36.886509	-87.728914
36.886381	-87.729102
36.886008	-87.729466
36.885557	-87.73009
36.88384	-87.732431
36.882549	-87.734251
36.881342	-87.735972
36.881187	-87.736189
36.880305	-87.737429
36.880175	-87.737606
36.879854	-87.738014
36.879114	-87.738915
36.878393	-87.739793
36.878108	-87.74015
36.877945	-87.740365
36.877828	-87.740535
36.877716	-87.74071
36.877579	-87.740945
36.877432	-87.741226
36.877331	-87.741456
36.877222	-87.741746
36.877209	-87.741902
36.87719	-87.742049
36.87717	-87.74217
36.877125	-87.742358
36.877058	-87.742711
36.877019	-87.742985
36.876975	-87.743441
36.87694	-87.744041
36.87681	-87.74651
36.87681	-87.746515
36.876746	-87.747712
36.876719	-87.748227
36.876622	-87.749853
36.876599	-87.750127
36.876568	-87.750397
36.876528	-87.750662
36.876495	-87.750845
36.876482	-87.750921
36.876429	-87.751174
36.876372	-87.751413
36.876303	-87.751659
36.876153	-87.752122
36.875992	-87.752582
36.875455	-87.754012
36.875013	-87.755189
36.873849	-87.758304
36.872861	-87.760949
36.872696	-87.761391
36.872398	-87.762185
36.872209	-87.762691
36.871962	-87.76338
36.871884	-87.76361
36.871583	-87.764536
36.871387	-87.765183
36.871339	-87.765346
36.871232	-87.765713
36.871096	-87.766199
36.870176	-87.769649
36.869303	-87.772919
36.869015	-87.774016
36.868899	-87.774439
36.868329	-87.776555
36.868141	-87.777285
36.868031	-87.777773
36.867985	-87.778018
36.867934	-87.778341
36.867909	-87.778515
36.867874	-87.778757
36.867846	-87.779006
36.867822	-87.779261
36.867806	-87.77952
36.867787	-87.780054
36.867784	-87.781169
36.867787	-87.783472
36.867787	-87.783615
36.86779	-87.786633
36.867791	-87.78805
36.867795	-87.791378
36.867795	-87.791782
36.867785	-87.792342
36.867764	-87.792743
36.867742	-87.792974
36.867711	-87.793203
36.867672	-87.793426
36.867626	-87.793646
36.867571	-87.793863
36.867508	-87.794075
36.867437	-87.794284
36.867359	-87.794487
36.867276	-87.794686
36.867186	-87.79488
36.867089	-87.795068
36.866987	-87.795249
36.866879	-87.795424
36.866832	-87.795491
36.866754	-87.795589
36.866642	-87.795743
36.866517	-87.795892
36.866388	-87.796037
36.866279	-87.79615
36.866113	-87.796311
36.865966	-87.79644
36.865812	-87.79656
36.865651	-87.796671
36.865487	-87.796774
36.865318	-87.796872
36.864971	-87.797052
36.863863	-87.79758
36.863727	-87.797645
36.863567	-87.797726
36.863299	-87.79787
36.863117	-87.797981
36.862863	-87.798156
36.862676	-87.798302
36.862481	-87.798478
36.862352	-87.798589
36.862215	-87.798727
36.862083	-87.798887
36.862051	-87.798928
36.861958	-87.799047
36.86185	-87.7992
36.861721	-87.799399
36.86162	-87.799567
36.861513	-87.799742
36.861421	-87.799927
36.861303	-87.800206
36.861204	-87.80048
36.861102	-87.800832
36.861035	-87.801107
36.860991	-87.801314
36.86093	-87.801666
36.86088	-87.802042
36.860594	-87.804633
36.860225	-87.807987
36.860163	-87.808514
36.860131	-87.808744
36.860066	-87.809148
36.860016	-87.809394
36.859959	-87.809639
36.859895	-87.809882
36.859824	-87.810121
36.859703	-87.810472
36.859563	-87.810815
36.859528	-87.810893
36.85946	-87.811044
36.859347	-87.811275
36.859223	-87.811504
36.859087	-87.81173
36.858945	-87.811949
36.858794	-87.812162
36.858636	-87.812366
36.858472	-87.81256
36.858215	-87.812834
36.858128	-87.812921
36.857948	-87.813087
36.857491	-87.813473
36.856069	-87.814625
36.853568	-87.81665
36.852937	-87.817155
36.852062	-87.817859
36.850066	-87.819497
36.846571	-87.822362
36.846135	-87.82272
36.845699	-87.823098
36.84548	-87.823307
36.84482	-87.824027
36.844704	-87.824154
36.844547	-87.82437
36.844247	-87.824794
36.844002	-87.825188
36.843981	-87.825226
36.843665	-87.825805
36.843518	-87.826111
36.843372	-87.826458
36.843297	-87.826657
36.843044	-87.827334
36.842915	-87.827758
36.842804	-87.828212
36.842644	-87.828941
36.842577	-87.829297
36.84235	-87.830522
36.842074	-87.832146
36.841811	-87.833392
36.841561	-87.834507
36.841505	-87.834813
36.841445	-87.835133
36.841335	-87.835592
36.841229	-87.835969
36.841104	-87.836325
36.839772	-87.840129
36.839614	-87.840596
36.839503	-87.840949
36.839367	-87.841425
36.839275	-87.841784
36.839191	-87.842143
36.839141	-87.842384
36.839029	-87.842962
36.838664	-87.844931
36.838505	-87.845825
36.838455	-87.846173
36.838412	-87.846527
36.83838	-87.846887
36.838371	-87.847071
36.838355	-87.847375
36.838347	-87.847866
36.838356	-87.848231
36.838368	-87.848477
36.838386	-87.848724
36.838429	-87.849219
36.838634	-87.851253
36.838743	-87.852337
36.838819	-87.852955
36.838962	-87.853896
36.839234	-87.855539
36.839307	-87.856012
36.839357	-87.856366
36.839384	-87.856602
36.839406	-87.856838
36.839422	-87.857073
36.839432	-87.857304
36.839431	-87.857644
36.839416	-87.857974
36.839386	-87.858293
36.839329	-87.858712
36.839254	-87.85913
36.839208	-87.859336
36.839156	-87.859541
36.838953	-87.860218
36.838782	-87.860672
36.838573	-87.861087
36.838307	-87.861542
36.838111	-87.861843
36.837897	-87.862144
36.837617	-87.862485
36.837331	-87.862746
36.83696	-87.863046
36.836427	-87.863391
36.835187	-87.864104
36.834962	-87.864233
36.8335	-87.864992
36.833295	-87.865115
36.832967	-87.865314
36.832315	-87.865743
36.830294	-87.867266
36.827935	-87.86894
36.825378	-87.87086
36.824586	-87.87145
36.823624	-87.87218
36.823211	-87.872502
36.822916	-87.872785
36.822491	-87.873245
36.821998	-87.873875
36.821488	-87.87459
36.820702	-87.87599
36.819794	-87.877613
36.819233	-87.878575
36.818666	-87.879559
36.818168	-87.880338
36.817652	-87.881053
36.816683	-87.882199
36.816218	-87.882752
36.815708	-87.883382
36.815238	-87.884004
36.814768	-87.884833
36.814377	-87.885647
36.814059	-87.886439
36.813776	-87.887338
36.81356	-87.888216
36.813424	-87.889009
36.813339	-87.889894
36.813334	-87.89121
36.813361	-87.892099
36.813419	-87.893284
36.813532	-87.894204
36.813702	-87.895592
36.813779	-87.896529
36.813794	-87.896955
36.813798	-87.897317
36.81379	-87.897658
36.813766	-87.897974
36.813735	-87.898236
36.81368	-87.898588
36.813601	-87.898961
36.813498	-87.899294
36.813249	-87.899994
36.813043	-87.900609
36.812642	-87.901254
36.812206	-87.90192
36.811226	-87.903102
36.810249	-87.904316
36.81016	-87.904426
36.808624	-87.90633
36.807525	-87.90771
36.80732	-87.908009
36.806907	-87.908609
36.806436	-87.909555
36.806037	-87.910627
36.805846	-87.911292
36.805717	-87.911917
36.80559	-87.912737
36.805534	-87.913133
36.805228	-87.915373
36.805125	-87.916074
36.805026	-87.916806
36.804915	-87.917564
36.804799	-87.918484
36.804764	-87.918963
36.804752	-87.919329
36.804751	-87.919545
36.80476	-87.919809
36.804773	-87.920063
36.804804	-87.920355
36.804839	-87.920598
36.804896	-87.920929
36.804974	-87.921306
36.805077	-87.921721
36.805433	-87.923239
36.805532	-87.923765
36.805588	-87.924116
36.805616	-87.924352
36.805637	-87.924555
36.805638	-87.924822
36.80566	-87.925105
36.805672	-87.925362
36.805684	-87.925766
36.80568	-87.926218
36.805673	-87.926618
36.805667	-87.926755
36.805658	-87.92693
36.805649	-87.927057
36.805616	-87.927379
36.805541	-87.927977
36.805144	-87.930071
36.805031	-87.930625
36.804809	-87.93168
36.804536	-87.933043
36.804468	-87.93338
36.804376	-87.933798
36.804302	-87.93411
36.804224	-87.934364
36.804162	-87.934602
36.804069	-87.934866
36.803992	-87.935102
36.803804	-87.935591
36.803672	-87.935901
36.803501	-87.936266
36.803322	-87.936624
36.803087	-87.937099
36.802876	-87.937535
36.80216	-87.938875
36.801866	-87.939418
36.801522	-87.940096
36.80114	-87.940834
36.800886	-87.941344
36.800698	-87.941721
36.800481	-87.942138
36.800246	-87.942619
36.799961	-87.943177
36.799864	-87.943391
36.79972	-87.943737
36.799564	-87.944149
36.799381	-87.944678
36.799269	-87.945014
36.799191	-87.945299
36.799103	-87.945607
36.799026	-87.945911
36.798951	-87.946235
36.798856	-87.94666
36.798788	-87.947041
36.798735	-87.94733
36.798674	-87.947756
36.798605	-87.948304
36.798564	-87.948775
36.798536	-87.949099
36.798524	-87.949803
36.798514	-87.950172
36.798517	-87.950668
36.798535	-87.951232
36.799036	-87.957131
36.799125	-87.958286
36.799136	-87.958571
36.799158	-87.958934
36.799174	-87.959187
36.799198	-87.959496
36.79921	-87.959816
36.799209	-87.96009
36.7992	-87.960368
36.79918	-87.960645
36.799165	-87.960855
36.799076	-87.961358
36.798751	-87.962973
36.798696	-87.963271
36.798599	-87.963846
36.798538	-87.964325
36.798509	-87.964712
36.798459	-87.96535
36.798398	-87.966454
36.798327	-87.966974
36.798322	-87.967852
36.798337	-87.968247
36.79837	-87.968856
36.798432	-87.969641
36.798452	-87.969839
36.79849	-87.970158
36.798551	-87.970494
36.79861	-87.970773
36.798656	-87.970974
36.798718	-87.971212
36.801605	-87.982638
36.801813	-87.983401
36.802461	-87.986072
36.80265	-87.986703
36.802762	-87.987191
36.802858	-87.98772
36.802911	-87.988175
36.802946	-87.98861
36.802957	-87.989001
36.802954	-87.989298
36.802935	-87.989691
36.80292	-87.989899
36.802885	-87.99022
36.802828	-87.990596
36.802777	-87.990858
36.802668	-87.991309
36.802573	-87.991633
36.802437	-87.992048
36.80232	-87.992339
36.802181	-87.992662
36.802107	-87.992947
36.801991	-87.99316
36.801866	-87.993372
36.801736	-87.993579
36.801599	-87.993783
36.801385	-87.994084
36.800197	-87.995705
36.798183	-87.998371
36.796489	-88.00069
36.794863	-88.002919
36.793617	-88.004627
36.793225	-88.005165
36.793013	-88.005458
36.792652	-88.005964
36.792237	-88.00658
36.791918	-88.007086
36.791614	-88.007594
36.791355	-88.008034
36.791023	-88.008635
36.790724	-88.009207
36.790479	-88.009705
36.790061	-88.010615
36.789166	-88.012745
36.788544	-88.01422
36.787858	-88.015915
36.787155	-88.017754
36.786781	-88.018756
36.786624	-88.019205
36.786426	-88.01985
36.786225	-88.020618
36.78599	-88.021614
36.785794	-88.022473
36.785728	-88.022778
36.785709	-88.022936
36.785686	-88.023185
36.78567	-88.023441
36.785669	-88.023683
36.7857	-88.024054
36.785737	-88.024396
36.785798	-88.024672
36.785865	-88.024909
36.785933	-88.025133
36.78605	-88.02545
36.78605	-88.02545
36.786071	-88.025507
36.786371	-88.026228
36.786519	-88.026591
36.786605	-88.026819
36.786661	-88.026991
36.786715	-88.027182
36.78676	-88.027365
36.7868	-88.027576
36.786832	-88.027809
36.786849	-88.028003
36.786863	-88.028233
36.786864	-88.028485
36.786846	-88.028761
36.786824	-88.028947
36.786787	-88.029192
36.786738	-88.029429
36.78669	-88.029607
36.786627	-88.029819
36.78649	-88.030207
36.786326	-88.030671
36.786086	-88.031297
36.785783	-88.032119
36.785596	-88.032657
36.785421	-88.03322
36.785274	-88.033728
36.785195	-88.034021
36.785117	-88.034331
36.785055	-88.034591
36.78499	-88.034921
36.784939	-88.035225
36.784859	-88.035817
36.784801	-88.0363
36.784658	-88.037573
36.784605	-88.037957
36.784561	-88.038249
36.784514	-88.038496
36.784476	-88.038666
36.784393	-88.038962
36.784293	-88.039297
36.78409	-88.039968
36.783884	-88.040685
36.783791	-88.041007
36.783709	-88.041361
36.783663	-88.041587
36.783632	-88.041806
36.783593	-88.042187
36.783567	-88.04246
36.783517	-88.042905
36.783475	-88.043237
36.783402	-88.043679
36.783359	-88.043887
36.783272	-88.044296
36.783197	-88.044628
36.783096	-88.045031
36.782952	-88.045551
36.78257	-88.046918
36.782349	-88.04769
36.782115	-88.048514
36.781947	-88.049111
36.781813	-88.049613
36.781688	-88.050138
36.781599	-88.050548
36.781478	-88.051126
36.781413	-88.051455
36.781359	-88.051758
36.78126	-88.052423
36.78116	-88.053134
36.781083	-88.053758
36.780908	-88.05505
36.780788	-88.056078
36.780671	-88.057002
36.780569	-88.057804
36.78032	-88.059832
36.780238	-88.060676
36.780166	-88.061234
36.77996	-88.062922
36.779514	-88.066408
36.77944	-88.067035
36.779299	-88.068131
36.779199	-88.068932
36.779105	-88.069741
36.779082	-88.07003
36.779004	-88.070679
36.778968	-88.071108
36.778921	-88.071717
36.77888	-88.072491
36.778808	-88.073489
36.778752	-88.075079
36.778689	-88.077368
36.778666	-88.078175
36.778641	-88.079189
36.77863	-88.079995
36.778637	-88.080244
36.778646	-88.08045
36.77866	-88.08063
36.778683	-88.08079
36.77884	-88.081576
36.779149	-88.082937
36.77933	-88.083849
36.779525	-88.085016
36.779597	-88.085556
36.77964	-88.08605
36.779654	-88.0863
36.779673	-88.087052
36.779637	-88.087919
36.779506	-88.090253
36.779463	-88.090947
36.779369	-88.092096
36.779161	-88.094047
36.778829	-88.097018
36.7788	-88.097291
36.778729	-88.097771
36.778599	-88.098401
36.778465	-88.098899
36.778286	-88.099436
36.778113	-88.099875
36.777677	-88.100837
36.77679	-88.102744
36.776575	-88.103214
36.776278	-88.103864
36.775977	-88.104602
36.775732	-88.105237
36.775536	-88.105786
36.77541	-88.106154
36.775298	-88.106494
36.77518	-88.106872
36.775069	-88.107248
36.774971	-88.107604
36.774871	-88.107983
36.774766	-88.108392
36.77467	-88.108785
36.774582	-88.109175
36.774497	-88.109578
36.774375	-88.110232
36.774258	-88.110908
36.773699	-88.114418
36.771772	-88.12652
36.771644	-88.127327
36.77152	-88.12813
36.771404	-88.128936
36.7713	-88.129739
36.771219	-88.130431
36.77115	-88.13116
36.770987	-88.133156
36.77093	-88.133994
36.770889	-88.134499
36.770827	-88.135041
36.77079	-88.135292
36.770734	-88.135592
36.77063	-88.136061
36.770552	-88.13639
36.770465	-88.136694
36.770396	-88.136917
36.770495	-88.137012
36.770858	-88.137353
36.77111	-88.137589
36.771803	-88.138239
36.771829	-88.138264
36.771995	-88.138418
36.772052	-88.138472
36.77216	-88.138573
36.772485	-88.138882
36.77265	-88.139032
36.772809	-88.139184
36.772988	-88.139365
36.773118	-88.139494
36.773277	-88.139648
36.773438	-88.139797
36.773745	-88.140119
36.773892	-88.140284
36.774035	-88.140447
36.774201	-88.140645
36.774307	-88.140776
36.774438	-88.140945
36.774566	-88.141116
36.774691	-88.141293
36.774813	-88.141471
36.774843	-88.141517
36.774932	-88.141652
36.775047	-88.141833
36.77516	-88.142015
36.775496	-88.142562
36.775606	-88.142744
36.775945	-88.143292
36.776059	-88.143478
36.776172	-88.143667
36.776283	-88.143857
36.776391	-88.144048
36.776494	-88.144247
36.776591	-88.144452
36.77668	-88.144666
36.776762	-88.144887
36.776832	-88.145109
36.776835	-88.145115
36.7769	-88.145354
36.776959	-88.145604
36.777007	-88.145862
36.777044	-88.146125
36.777062	-88.146296
36.777072	-88.14639
36.777093	-88.146655
36.77711	-88.146919
36.777125	-88.147186
36.77715	-88.147722
36.777191	-88.148515
36.777202	-88.148772
36.77721	-88.149027
36.777214	-88.149281
36.777212	-88.149532
36.777203	-88.149786
36.777188	-88.150042
36.777166	-88.150303
36.777138	-88.150566
36.777107	-88.150829
36.77704	-88.151358
36.777005	-88.151621
36.776894	-88.152414
36.776859	-88.152677
36.776827	-88.152937
36.776797	-88.153195
36.776769	-88.15345
36.776744	-88.153703
36.776723	-88.15395
36.776705	-88.154195
36.776692	-88.154443
36.776685	-88.154695
36.776684	-88.154949
36.776685	-88.155468
36.776686	-88.155649
36.776688	-88.155989
36.776684	-88.156763
36.776684	-88.157021
36.776689	-88.157218
36.776693	-88.157538
36.776697	-88.157782
36.776713	-88.158026
36.77674	-88.158263
36.77678	-88.158492
36.776819	-88.158643
36.776836	-88.158713
36.776908	-88.158928
36.77699	-88.15914
36.777083	-88.159348
36.777196	-88.159565
36.777427	-88.15995
36.778374	-88.161417
36.778957	-88.162315
36.779548	-88.163285
36.780126	-88.164309
36.780404	-88.164835
36.780662	-88.165362
36.781031	-88.166157
36.781382	-88.166962
36.781605	-88.167502
36.781928	-88.168352
36.782107	-88.168847
36.782379	-88.169637
36.782702	-88.170678
36.782996	-88.171738
36.78319	-88.172558
36.783377	-88.173413
36.783491	-88.173998
36.784136	-88.177781
36.784346	-88.178946
36.784447	-88.179449
36.784656	-88.1804
36.784728	-88.180677
36.784887	-88.181236
36.785071	-88.181784
36.785171	-88.18206
36.785511	-88.18285
36.785754	-88.183358
36.786	-88.183828
36.78627	-88.18431
36.786818	-88.185234
36.788166	-88.187477
36.788967	-88.188797
36.789683	-88.189986
36.790094	-88.190652
36.790375	-88.191087
36.790664	-88.19151
36.790975	-88.191913
36.791312	-88.192296
36.791674	-88.192673
36.792138	-88.193108
36.792479	-88.193394
36.792688	-88.193558
36.793111	-88.193858
36.793708	-88.194252
36.794566	-88.194801
36.795733	-88.195569
36.795768	-88.195593
36.795964	-88.195723
36.796168	-88.195851
36.796963	-88.196371
36.797161	-88.196505
36.797359	-88.196631
36.797554	-88.196764
36.79796	-88.197024
36.798158	-88.197161
36.798359	-88.197293
36.79856	-88.197421
36.798761	-88.197553
36.79896	-88.197687
36.799161	-88.197819
36.799252	-88.19788
36.799362	-88.197952
36.799853	-88.198279
36.799971	-88.198357
36.800169	-88.198491
36.80038	-88.198625
36.800581	-88.19876
36.800583	-88.198763
36.800795	-88.198898
36.800905	-88.19897
36.801207	-88.199169
36.801411	-88.199305
36.801817	-88.199573
36.802022	-88.199704
36.802435	-88.199974
36.802642	-88.200108
36.802846	-88.200243
36.803255	-88.200511
36.803459	-88.200639
36.803665	-88.200762
36.803873	-88.20088
36.804048	-88.200973
36.804176	-88.201041
36.804496	-88.201165
36.804825	-88.201307
36.805227	-88.201451
36.805828	-88.201637
36.806614	-88.201824
36.807038	-88.201914
36.807583	-88.201969
36.80837	-88.202056
36.808863	-88.202082
36.809091	-88.202061
36.809318	-88.202037
36.809546	-88.202008
36.809773	-88.201971
36.809871	-88.201954
36.81	-88.201929
36.810227	-88.20188
36.810372	-88.201844
36.810453	-88.201825
36.810679	-88.201764
36.810903	-88.201693
36.811128	-88.201618
36.811358	-88.201536
36.81158	-88.201448
36.811801	-88.201351
36.812036	-88.201258
36.812246	-88.201149
36.812458	-88.201033
36.812673	-88.200914
36.812884	-88.200791
36.813094	-88.200661
36.813304	-88.200533
36.813515	-88.200403
36.813519	-88.200402
36.813935	-88.200143
36.814513	-88.199789
36.814563	-88.19976
36.814983	-88.199503
36.815414	-88.199238
36.816079	-88.198824
36.81617	-88.19877
36.816301	-88.198688
36.816524	-88.198553
36.816969	-88.198295
36.817189	-88.198174
36.817633	-88.197947
36.817854	-88.197846
36.818078	-88.197736
36.818307	-88.197644
36.81854	-88.197586
36.81877	-88.197517
36.819002	-88.197451
36.819233	-88.19739
36.819466	-88.197335
36.8197	-88.197287
36.819941	-88.197251
36.820182	-88.19722
36.820422	-88.197194
36.820568	-88.197184
36.820663	-88.197176
36.82068	-88.197176
36.820905	-88.197165
36.821145	-88.197157
36.821303	-88.197154
36.821383	-88.197153
36.82162	-88.197157
36.821853	-88.197168
36.822083	-88.19719
36.822311	-88.197216
36.82254	-88.197248
36.822768	-88.197288
36.822994	-88.197335
36.823218	-88.197387
36.823441	-88.197443
36.823602	-88.197488
36.823839	-88.197558
36.823888	-88.197571
36.82411	-88.197647
36.824332	-88.197726
36.824549	-88.197807
36.824645	-88.197844
36.824775	-88.197894
36.825	-88.197979
36.825197	-88.198055
36.825683	-88.198237
36.825758	-88.198267
36.825902	-88.198325
36.826131	-88.198415
36.826369	-88.198503
36.826601	-88.198592
36.826827	-88.198681
36.827269	-88.19887
36.827496	-88.198952
36.827709	-88.199045
36.827936	-88.199146
36.828157	-88.199249
36.828364	-88.199364
36.828595	-88.19947
36.828803	-88.199608
36.829022	-88.199748
36.829237	-88.19989
36.82945	-88.20004
36.829659	-88.200195
36.829864	-88.200355
36.830026	-88.200486
36.830267	-88.200684
36.830441	-88.200831
36.830464	-88.200852
36.83066	-88.201021
36.830767	-88.201114
36.831246	-88.20153
36.83163	-88.201869
36.831822	-88.202033
36.832018	-88.202191
36.832216	-88.202347
36.832416	-88.202495
36.832436	-88.202509
36.832618	-88.20264
36.832823	-88.202776
36.833031	-88.202908
36.833241	-88.203031
36.833456	-88.203145
36.833667	-88.203255
36.833895	-88.203349
36.834115	-88.203438
36.834334	-88.203517
36.834438	-88.20355
36.834552	-88.203588
36.834994	-88.203719
36.835406	-88.203838
36.835443	-88.203847
36.835671	-88.203915
36.83589	-88.203979
36.83589	-88.203979
36.836127	-88.204051
36.836575	-88.204192
36.836795	-88.20427
36.836853	-88.204294
36.837011	-88.204359
36.837223	-88.204462
36.837428	-88.204584
36.837629	-88.204721
36.837824	-88.204873
36.838014	-88.205036
36.838201	-88.205205
36.838387	-88.205378
36.838571	-88.205553
36.838753	-88.205732
36.838935	-88.205904
36.839293	-88.206247
36.83947	-88.206419
36.839647	-88.206593
36.839827	-88.206768
36.840011	-88.206936
36.840194	-88.207124
36.840381	-88.207303
36.840755	-88.207667
36.841315	-88.208205
36.841503	-88.208382
36.841691	-88.208557
36.841876	-88.208733
36.84206	-88.20891
36.842426	-88.209257
36.842607	-88.20943
36.842789	-88.209606
36.842971	-88.20978
36.843154	-88.209958
36.843334	-88.210137
36.843524	-88.210315
36.843707	-88.210492
36.843889	-88.210666
36.844245	-88.211012
36.844418	-88.211183
36.844581	-88.211363
36.844638	-88.211433
36.844733	-88.211555
36.844873	-88.211757
36.845	-88.21197
36.845114	-88.212196
36.845212	-88.212437
36.845294	-88.212688
36.845317	-88.212784
36.845357	-88.212948
36.845401	-88.213217
36.84543	-88.213489
36.845449	-88.213764
36.845462	-88.214039
36.845472	-88.214315
36.845484	-88.214692
36.845519	-88.215725
36.845528	-88.21601
36.845549	-88.216573
36.845561	-88.217044
36.84557	-88.217685
36.84557	-88.218201
36.845571	-88.21852
36.84557	-88.218794
36.84557	-88.219601
36.845568	-88.220345
36.845564	-88.221096
36.845563	-88.221586
36.845562	-88.221744
36.845561	-88.221988
36.845551	-88.224109
36.845549	-88.225548
36.84555	-88.225928
36.845549	-88.226457
36.845542	-88.227517
36.845542	-88.227773
36.84554	-88.228521
36.845538	-88.228766
36.845538	-88.229482
36.845534	-88.23077
36.845535	-88.230958
36.845538	-88.231137
36.845534	-88.231657
36.845532	-88.232037
36.84553	-88.232479
36.845531	-88.232652
36.845531	-88.232879
36.84553	-88.233207
36.845528	-88.233573
36.845528	-88.234463
36.845523	-88.235386
36.845523	-88.23562
36.845519	-88.236136
36.845527	-88.23695
36.845532	-88.237221
36.845547	-88.237495
36.845575	-88.237766
36.8456	-88.237904
36.845621	-88.238029
36.845682	-88.238284
36.845759	-88.238534
36.84585	-88.238772
36.845957	-88.239001
36.846076	-88.239218
36.846162	-88.239352
36.846208	-88.239422
36.846353	-88.23962
36.846654	-88.240005
36.847346	-88.240869
36.850508	-88.244726
36.850656	-88.244942
36.850795	-88.245168
36.850921	-88.245391
36.851045	-88.245641
36.851152	-88.245889
36.851247	-88.246143
36.851331	-88.246399
36.852685	-88.250924
36.852756	-88.251202
36.85278	-88.25132
36.852814	-88.251484
36.852845	-88.251781
36.852865	-88.252065
36.852873	-88.252355
36.852872	-88.25244
36.852868	-88.252642
36.852854	-88.252927
36.852656	-88.255768
36.85264	-88.25606
36.852627	-88.256351
36.852619	-88.256642
36.852616	-88.256928
36.852617	-88.257212
36.852624	-88.257494
36.852635	-88.257725
36.852662	-88.258047
36.852698	-88.258315
36.852746	-88.258582
36.852802	-88.258839
36.852867	-88.259091
36.852941	-88.259335
36.852965	-88.259403
36.853026	-88.259573
36.853122	-88.259806
36.853229	-88.260032
36.853348	-88.260255
36.853478	-88.260472
36.85358	-88.260626
36.853769	-88.26089
36.853932	-88.261085
36.854106	-88.261268
36.854292	-88.261442
36.854487	-88.261603
36.866142	-88.269592
36.871495	-88.273261
36.874857	-88.275566
36.874988	-88.275655
36.875384	-88.275921
36.876379	-88.276603
36.876581	-88.27674
36.876782	-88.276879
36.876985	-88.277017
36.877188	-88.277159
36.877598	-88.27744
36.877823	-88.277596
36.878218	-88.277866
36.878633	-88.278147
36.878679	-88.278179
36.87905	-88.278429
36.879114	-88.278474
36.879259	-88.278572
36.879468	-88.278716
36.879885	-88.279007
36.88009	-88.279155
36.88029	-88.279305
36.880488	-88.279458
36.880683	-88.279612
36.880876	-88.279769
36.881039	-88.279907
36.881067	-88.27993
36.881256	-88.280093
36.881442	-88.280261
36.881626	-88.280433
36.881807	-88.280609
36.881986	-88.280787
36.882161	-88.280965
36.882334	-88.281148
36.882504	-88.281332
36.88267	-88.28152
36.882834	-88.281709
36.882995	-88.2819
36.883152	-88.282092
36.883308	-88.282287
36.883461	-88.282486
36.883615	-88.282688
36.88377	-88.282895
36.883926	-88.283113
36.883956	-88.283157
36.88408	-88.283336
36.884237	-88.283568
36.884392	-88.283803
36.884544	-88.284044
36.884691	-88.284286
36.884734	-88.28436
36.884834	-88.28453
36.884974	-88.284775
36.88511	-88.28502
36.885242	-88.285267
36.88537	-88.285515
36.885494	-88.285766
36.885615	-88.286016
36.88571	-88.286221
36.885731	-88.286266
36.885959	-88.286772
36.886083	-88.287051
36.8863	-88.287536
36.886384	-88.287727
36.886865	-88.288804
36.887086	-88.289303
36.887757	-88.290827
36.888441	-88.292356
36.888556	-88.292615
36.888671	-88.292871
36.888782	-88.293124
36.888892	-88.293371
36.8891	-88.293845
36.8892	-88.294069
36.889384	-88.294486
36.889469	-88.294681
36.88955	-88.294859
36.889624	-88.295027
36.889657	-88.295098
36.88981	-88.295447
36.890158	-88.296227
36.890326	-88.296608
36.890701	-88.297466
36.890803	-88.297696
36.891017	-88.298168
36.891129	-88.29841
36.891243	-88.298649
36.891359	-88.298889
36.891597	-88.299371
36.891719	-88.299611
36.891843	-88.299849
36.891968	-88.300079
36.892096	-88.300305
36.892224	-88.300527
36.892354	-88.300747
36.892877	-88.301622
36.892887	-88.301637
36.893007	-88.301838
36.893273	-88.302273
36.893544	-88.302711
36.893558	-88.302735
36.893818	-88.303156
36.893954	-88.303382
36.89409	-88.303605
36.894224	-88.30383
36.8943	-88.303955
36.89436	-88.304055
36.894492	-88.304286
36.894622	-88.30452
36.894747	-88.304762
36.894868	-88.305009
36.894984	-88.305266
36.895092	-88.305527
36.895194	-88.305794
36.89529	-88.306063
36.895379	-88.306333
36.895463	-88.306603
36.895542	-88.306873
36.895697	-88.30742
36.896106	-88.308848
36.896271	-88.309436
36.896356	-88.309736
36.896621	-88.310654
36.896804	-88.311267
36.8969	-88.31157
36.896998	-88.31187
36.8971	-88.312167
36.897206	-88.312461
36.897316	-88.312751
36.89743	-88.313038
36.897547	-88.313322
36.898139	-88.314702
36.898183	-88.314802
36.898259	-88.314976
36.89838	-88.315248
36.898739	-88.316071
36.899096	-88.316897
36.899216	-88.317168
36.899294	-88.317347
36.899334	-88.317439
36.899572	-88.317969
36.899694	-88.318231
36.899818	-88.318487
36.899945	-88.318741
36.900075	-88.318993
36.900207	-88.319239
36.900341	-88.319481
36.900478	-88.319718
36.900616	-88.319952
36.900755	-88.320182
36.900874	-88.320379
36.90104	-88.320628
36.901186	-88.320848
36.901335	-88.321065
36.901488	-88.321279
36.901643	-88.321489
36.901799	-88.321697
36.901956	-88.321899
36.902116	-88.322099
36.902257	-88.322267
36.902351	-88.322378
36.902443	-88.322487
36.902778	-88.322864
36.902949	-88.323047
36.90312	-88.323225
36.903183	-88.323289
36.90329	-88.323397
36.903461	-88.323566
36.90363	-88.323729
36.903703	-88.323796
36.903797	-88.323883
36.903966	-88.324033
36.904142	-88.324186
36.904325	-88.32434
36.904512	-88.324494
36.904702	-88.324645
36.904895	-88.324794
36.905093	-88.324942
36.905292	-88.325086
36.905493	-88.325227
36.905697	-88.325364
36.905904	-88.325499
36.906113	-88.32563
36.906324	-88.325757
36.906536	-88.32588
36.906751	-88.326003
36.906963	-88.326122
36.907392	-88.32637
36.907606	-88.326495
36.907819	-88.326618
36.909049	-88.327337
36.909082	-88.327357
36.909433	-88.327558
36.909969	-88.327871
36.910139	-88.327969
36.910308	-88.328064
36.910641	-88.328258
36.910971	-88.328446
36.911137	-88.328542
36.911303	-88.32864
36.911467	-88.328735
36.91163	-88.328828
36.911947	-88.329012
36.912107	-88.329107
36.912266	-88.329203
36.912423	-88.329301
36.912575	-88.3294
36.912723	-88.3295
36.912868	-88.329603
36.91301	-88.329707
36.913149	-88.329811
36.913286	-88.329918
36.913363	-88.329982
36.913674	-88.330241
36.914137	-88.33064
36.914639	-88.331086
36.914768	-88.331205
36.914907	-88.331338
36.915032	-88.331459
36.915162	-88.33159
36.915289	-88.331723
36.915417	-88.331859
36.915544	-88.332001
36.915671	-88.332147
36.915797	-88.332299
36.915923	-88.332453
36.916048	-88.332612
36.916172	-88.332776
36.916294	-88.332941
36.916411	-88.333106
36.916524	-88.333273
36.916636	-88.333443
36.916747	-88.333619
36.916858	-88.333797
36.916966	-88.333978
36.917071	-88.334163
36.917173	-88.334347
36.917368	-88.334718
36.917463	-88.334904
36.918024	-88.335988
36.918207	-88.336337
36.918299	-88.336508
36.918394	-88.336674
36.918491	-88.336838
36.918591	-88.336994
36.918693	-88.337147
36.918797	-88.337294
36.918903	-88.337434
36.919011	-88.337569
36.919122	-88.337698
36.919236	-88.337823
36.919352	-88.33794
36.919466	-88.33805
36.919582	-88.338151
36.919818	-88.33827
36.920352	-88.33867
36.922368	-88.340136
36.923036	-88.340663
36.923442	-88.341035
36.923738	-88.341339
36.924263	-88.341945
36.924569	-88.342298
36.925209	-88.343054
36.925736	-88.343662
36.925899	-88.343861
36.926189	-88.344185
36.926517	-88.344562
36.926844	-88.34494
36.927179	-88.345327
36.92755	-88.345763
36.927926	-88.346185
36.928262	-88.346571
36.928642	-88.347039
36.929153	-88.347723
36.929408	-88.348086
36.929519	-88.348257
36.929804	-88.348742
36.929904	-88.348879
36.930821	-88.350138
36.931802	-88.351366
36.931853	-88.351425
36.932283	-88.351955
36.933382	-88.353303
36.934535	-88.354708
36.935163	-88.355415
36.935664	-88.355932
36.937981	-88.358136
36.94083	-88.360836
36.94159	-88.36156
36.942056	-88.361987
36.942136	-88.36206
36.942739	-88.362551
36.942971	-88.362719
36.94387	-88.363369
36.94452	-88.363847
36.944749	-88.364016
36.945066	-88.364249
36.946574	-88.365471
36.946731	-88.365594
36.949263	-88.367667
36.949397	-88.367764
36.950553	-88.368552
36.952881	-88.370123
36.953641	-88.370636
36.954898	-88.371486
36.955696	-88.37207
36.955991	-88.372291
36.956774	-88.372949
36.957794	-88.373938
36.958746	-88.374841
36.959298	-88.37529
36.960029	-88.375841
36.960571	-88.376258
36.961182	-88.376739
36.961407	-88.376932
36.961589	-88.37712
36.961741	-88.377304
36.961882	-88.377506
36.962418	-88.378502
36.963066	-88.379452
36.964725	-88.381393
36.965024	-88.381741
36.965372	-88.382146
36.965441	-88.382225
36.965948	-88.382815
36.966677	-88.383785
36.967994	-88.385569
36.968637	-88.386541
36.969233	-88.387551
36.970027	-88.38914
36.970891	-88.390937
36.9713	-88.391807
36.971648	-88.392645
36.971752	-88.392963
36.971841	-88.393268
36.971986	-88.393813
36.972198	-88.394679
36.972627	-88.396341
36.972677	-88.39654
36.9728	-88.397033
36.972877	-88.397399
36.973198	-88.398667
36.973409	-88.399512
36.973508	-88.400053
36.973513	-88.400591
36.973399	-88.401339
36.973361	-88.401557
36.972984	-88.403676
36.972606	-88.40582
36.972104	-88.408674
36.971773	-88.410533
36.971411	-88.412664
36.971358	-88.412952
36.970923	-88.415342
36.970759	-88.416055
36.970545	-88.416774
36.969865	-88.418722
36.969484	-88.420134
36.968537	-88.424993
36.968506	-88.425151
36.967674	-88.429561
36.967184	-88.433223
36.967094	-88.433751
36.966233	-88.437362
36.966119	-88.438185
36.966093	-88.438795
36.966135	-88.439704
36.966303	-88.441692
36.966682	-88.446125
36.967092	-88.450914
36.967265	-88.451941
36.967963	-88.455246
36.968035	-88.455609
36.968387	-88.457033
36.968761	-88.458099
36.968992	-88.458677
36.969548	-88.460063
36.971254	-88.463705
36.972795	-88.466995
36.972821	-88.467051
36.973716	-88.468955
36.97514	-88.472139
36.975504	-88.472966
36.975976	-88.474067
36.976705	-88.47582
36.976769	-88.475973
36.976991	-88.476492
36.977235	-88.477003
36.977494	-88.477498
36.977794	-88.478049
36.978448	-88.479258
36.978655	-88.479637
36.978743	-88.479798
36.979114	-88.480488
36.979242	-88.480744
36.979438	-88.481164
36.980505	-88.483695
36.980505	-88.483695
36.980805	-88.484405
36.981025	-88.484896
36.981083	-88.485061
36.981817	-88.486847
36.982444	-88.488398
36.983758	-88.491588
36.984029	-88.492256
36.984249	-88.492833
36.98446	-88.493419
36.985259	-88.495769
36.98555	-88.496597
36.985706	-88.497088
36.98627	-88.498754
36.986573	-88.499654
36.986857	-88.500485
36.987046	-88.501066
36.987502	-88.502393
36.987655	-88.502792
36.987693	-88.50288
36.987788	-88.503097
36.987822	-88.503174
36.987981	-88.50341
36.988081	-88.503578
36.988295	-88.503889
36.988527	-88.504173
36.988747	-88.504401
36.988844	-88.504487
36.98906	-88.504676
36.989364	-88.504895
36.989524	-88.504991
36.989689	-88.505078
36.990044	-88.505232
36.990191	-88.505285
36.990525	-88.50538
36.990863	-88.505442
36.99282	-88.50566
36.9935	-88.505738
36.993725	-88.505761
36.994472	-88.505857
36.995058	-88.505921
36.99512	-88.505928
36.996023	-88.50602
36.996187	-88.506026
36.99847	-88.50627
37.000286	-88.506495
37.001866	-88.506668
37.002297	-88.506686
37.002952	-88.50678
37.003376	-88.506856
37.003789	-88.506938
37.004305	-88.507058
37.007199	-88.507773
37.008165	-88.508017
37.0083	-88.508058
37.008437	-88.50808
37.008923	-88.50822
37.009068	-88.508269
37.009308	-88.508341
37.009462	-88.508389
37.009541	-88.509002
37.009563	-88.509173
37.009614	-88.509548
37.009757	-88.510639
37.009782	-88.510819
37.009902	-88.511755
37.009949	-88.512103
37.009983	-88.51232
37.010059	-88.512866
37.010089	-88.513119
37.010183	-88.513638
37.010283	-88.514157
37.010338	-88.514415
37.010397	-88.514672
37.010458	-88.514927
37.010521	-88.515183
37.010587	-88.51544
37.010656	-88.515696
37.010728	-88.515952
37.010803	-88.516206
37.010881	-88.516459
37.010968	-88.516714
37.011052	-88.516964
37.011138	-88.517211
37.011227	-88.517458
37.01132	-88.517704
37.011416	-88.517951
37.011505	-88.518193
37.011606	-88.518437
37.01171	-88.518679
37.011817	-88.518919
37.011884	-88.519064
37.011926	-88.519155
37.012038	-88.51939
37.012152	-88.519622
37.012197	-88.519711
37.012268	-88.519854
37.012317	-88.519949
37.012386	-88.520083
37.012488	-88.520273
37.012636	-88.520539
37.012742	-88.520719
37.013034	-88.521216
37.013128	-88.52137
37.013306	-88.521655
37.013446	-88.52187
37.01359	-88.52208
37.013736	-88.522288
37.013884	-88.522494
37.014033	-88.522696
37.014154	-88.522856
37.014337	-88.523094
37.014491	-88.52329
37.014648	-88.523483
37.014808	-88.523673
37.01497	-88.523862
37.015135	-88.524049
37.015143	-88.524057
37.015305	-88.524232
37.015477	-88.524413
37.015651	-88.524593
37.015826	-88.52477
37.016005	-88.524943
37.016187	-88.525114
37.01637	-88.525282
37.016555	-88.525447
37.016702	-88.525573
37.016741	-88.525607
37.016798	-88.525655
37.016929	-88.525765
37.017121	-88.525918
37.017409	-88.52614
37.017704	-88.526365
37.017903	-88.526511
37.018111	-88.526657
37.018316	-88.526794
37.018524	-88.526927
37.018731	-88.527055
37.018938	-88.527176
37.019114	-88.527276
37.019148	-88.527296
37.019572	-88.527523
37.019646	-88.52756
37.019785	-88.527631
37.020211	-88.527839
37.020423	-88.527944
37.020637	-88.528048
37.021926	-88.528688
37.022089	-88.528769
37.024698	-88.530084
37.025022	-88.530247
37.025676	-88.530566
37.026382	-88.530902
37.02752	-88.531455
37.027822	-88.531604
37.027822	-88.531604
37.02818	-88.53178
37.028281	-88.53183
37.02911	-88.532243
37.029755	-88.532559
37.030186	-88.532764
37.030765	-88.533039
37.031413	-88.533354
37.032328	-88.533793
37.032534	-88.533875
37.032722	-88.533934
37.032852	-88.533975
37.03324	-88.534055
37.0334	-88.534088
37.033588	-88.534113
37.033807	-88.534131
37.034194	-88.534155
37.034534	-88.534211
37.034764	-88.534266
37.035014	-88.534356
37.035269	-88.534471
37.035506	-88.534587
37.0356	-88.534645
37.035713	-88.534715
37.035823	-88.534794
37.035926	-88.534868
37.036153	-88.53504
37.036321	-88.535202
37.036507	-88.535393
37.036689	-88.535602
37.0369	-88.535887
37.037055	-88.536125
37.03719	-88.536369
37.037296	-88.536574
37.037457	-88.536946
37.037731	-88.537616
37.037942	-88.538132
37.038075	-88.538454
37.038345	-88.539123
37.038502	-88.5395
37.038626	-88.53971
37.038876	-88.540244
37.039534	-88.541369
37.039815	-88.541801
37.041362	-88.544169
37.043029	-88.546753
37.043889	-88.548055
37.044285	-88.548655
37.04493	-88.549835
37.045428	-88.551136
37.045739	-88.552307
37.045796	-88.552549
37.046031	-88.553556
37.046669	-88.55632
37.04728	-88.558942
37.047542	-88.560091
37.047644	-88.560536
37.048067	-88.562276
37.048162	-88.562669
37.048466	-88.56357
37.048557	-88.563775
37.048726	-88.564156
37.048776	-88.564268
37.049106	-88.564917
37.049283	-88.565263
37.049401	-88.565448
37.049623	-88.565798
37.049718	-88.565938
37.049801	-88.56606
37.049881	-88.566174
37.049893	-88.566194
37.049947	-88.56626
37.049986	-88.566314
37.050087	-88.56643
37.050198	-88.566545
37.050217	-88.566563
37.050299	-88.566661
37.050386	-88.566759
37.050408	-88.566784
37.050512	-88.5669
37.050613	-88.567002
37.050793	-88.567205
37.050869	-88.567313
37.051132	-88.567534
37.051469	-88.567818
37.051523	-88.567863
37.051725	-88.568028
37.052357	-88.568545
37.052394	-88.568575
37.052434	-88.568608
37.053571	-88.569538
37.053867	-88.569799
37.054174	-88.570106
37.054236	-88.570174
37.0544	-88.570367
37.054575	-88.570592
37.054775	-88.570891
37.054931	-88.57115
37.055145	-88.571533
37.05546	-88.572145
37.056053	-88.573336
37.05654	-88.574249
37.057045	-88.575256
37.057228	-88.575614
37.057343	-88.57584
37.057515	-88.576176
37.057733	-88.5766
37.058032	-88.577196
37.058135	-88.577416
37.05823	-88.57764
37.058315	-88.577866
37.058448	-88.578319
37.0585	-88.578548
37.058543	-88.578795
37.058582	-88.579132
37.058599	-88.579495
37.058584	-88.579988
37.058566	-88.580174
37.058526	-88.580473
37.058482	-88.580708
37.058395	-88.581049
37.058294	-88.581369
37.058131	-88.581773
37.05778	-88.582462
37.057327	-88.583477
37.05714	-88.583959
37.057079	-88.584164
37.05703	-88.584378
37.056994	-88.584593
37.056969	-88.584812
37.05695	-88.585141
37.056961	-88.585475
37.056984	-88.585693
37.05704	-88.586014
37.05709	-88.586222
37.057185	-88.586524
37.057311	-88.586852
37.057449	-88.587172
37.057995	-88.58843
37.05911	-88.591013
37.060102	-88.593312
37.060612	-88.594496
37.060867	-88.595048
37.06108	-88.595476
37.0613	-88.595837
37.061542	-88.596166
37.06167	-88.596318
37.061803	-88.59646
37.062077	-88.59672
37.062362	-88.596945
37.062653	-88.597145
37.063613	-88.597777
37.064099	-88.598095
37.064915	-88.598633
37.065463	-88.598992
37.066964	-88.599975
37.06724	-88.60017
37.067372	-88.600282
37.067496	-88.600404
37.067611	-88.600541
37.067717	-88.600693
37.06781	-88.600856
37.067891	-88.601026
37.067959	-88.601202
37.068016	-88.601379
37.068064	-88.60156
37.068122	-88.601812
37.068407	-88.603053
37.068467	-88.603336
37.068491	-88.60345
37.068525	-88.603655
37.068551	-88.603868
37.068567	-88.604086
37.068569	-88.604307
37.06855	-88.604639
37.068506	-88.604961
37.068373	-88.605616
37.068077	-88.606982
37.068036	-88.607197
37.068005	-88.607412
37.067972	-88.607735
37.067957	-88.608059
37.067962	-88.608333
37.067965	-88.60849
37.067994	-88.608835
37.068028	-88.609094
37.068028	-88.609094
37.068029	-88.609102
37.06806	-88.60931
37.068122	-88.6096
37.068195	-88.609877
37.068697	-88.611459
37.069044	-88.612511
37.069053	-88.612535
37.069101	-88.612525
37.069804	-88.612434
37.070164	-88.612378
37.070368	-88.612338
37.070568	-88.612294
37.070892	-88.612205
37.071256	-88.612079
37.071784	-88.611845
37.072003	-88.611754
37.072149	-88.611693
37.072624	-88.611481
37.072717	-88.611448
37.072803	-88.611435
37.072892	-88.611441
37.072982	-88.611467
37.073074	-88.611513
37.07327	-88.611635
37.073478	-88.611769
37.073684	-88.611899
37.074067	-88.612146
37.074189	-88.612245
37.074255	-88.6123
37.074346	-88.612355
37.074761	-88.612604
37.075109	-88.612832
37.076003	-88.613393
37.076243	-88.613545
37.076485	-88.613694
37.076537	-88.613743
37.076759	-88.613877
37.077307	-88.614207
37.077421	-88.61428
37.077593	-88.614387
37.078363	-88.614863
37.07847	-88.614925
37.078573	-88.614977
37.078612	-88.614994
37.078674	-88.615019
37.078991	-88.61521
37.078991	-88.61521
37.079649	-88.615605
37.07983	-88.615153
37.080881	-88.612542
37.081125	-88.611937
37.081125	-88.611937
37.081372	-88.611325
37.082084	-88.60955
37.082916	-88.607471
37.083006	-88.60726
37.083495	-88.606044
37.083643	-88.605674
37.083695	-88.605546
37.084203	-88.604283
37.084702	-88.603043
37.085205	-88.601791
37.085692	-88.600582
37.086196	-88.599328
37.086693	-88.598092
37.086909	-88.597555
37.086909	-88.597555
37.087222	-88.596778
37.087649	-88.595724
37.087732	-88.595517
37.087752	-88.595468
37.087899	-88.595102
37.087989	-88.59488
37.0881	-88.594603
37.088238	-88.594318
37.088267	-88.59426
37.088341	-88.594265
37.08862	-88.594438
37.08862	-88.594438
37.088885	-88.594605
37.089086	-88.594728
37.089162	-88.594788
37.089192	-88.59485
37.089213	-88.594894
37.089219	-88.594959
37.08921	-88.595018
37.089168	-88.59514
37.08885	-88.595928
37.08885	-88.595928
37.088754	-88.596167
37.089758	-88.596802
37.089823	-88.596642
