38.578426	-92.173523
38.578384	-92.173397
38.578357	-92.173261
38.578347	-92.173109
38.578348	-92.172996
38.578358	-92.172889
38.578392	-92.172761
38.578433	-92.172659
38.578478	-92.17256
38.578517	-92.172482
38.578556	-92.172345
38.578562	-92.172284
38.578567	-92.172236
38.578579	-92.172149
38.578615	-92.172095
38.578663	-92.172061
38.578712	-92.172077
38.578723	-92.172076
38.578779	-92.172069
38.578851	-92.172048
38.578985	-92.171976
38.57905	-92.171954
38.579135	-92.171924
38.579202	-92.171908
38.579202	-92.171908
38.579329	-92.171888
38.579442	-92.171899
38.579576	-92.171939
38.57963	-92.171961
38.579698	-92.171998
38.579783	-92.172082
38.579863	-92.172186
38.579962	-92.172349
38.579996	-92.172439
38.580022	-92.172533
38.580047	-92.1727
38.580055	-92.172835
38.580047	-92.172979
38.580027	-92.173096
38.580006	-92.173202
38.57998	-92.173391
38.579978	-92.173562
38.579968	-92.173734
38.579973	-92.173836
38.579974	-92.173863
38.580009	-92.173986
38.580078	-92.174094
38.580348	-92.174462
38.580348	-92.174462
38.580528	-92.174708
38.580799	-92.175085
38.580864	-92.175175
38.581704	-92.17635
38.581738	-92.176398
38.581812	-92.1765
38.582051	-92.176828
38.58261	-92.177623
38.582686	-92.177737
38.583488	-92.17884
38.583558	-92.179028
38.584472	-92.180312
38.584609	-92.180497
38.584768	-92.180705
38.585243	-92.181362
38.585353	-92.181524
38.5854	-92.181588
38.586089	-92.18257
38.586154	-92.18272
38.586173	-92.182838
38.586172	-92.182972
38.586133	-92.183109
38.586092	-92.18322
38.586061	-92.183335
38.586044	-92.183464
38.58604	-92.183605
38.586061	-92.183747
38.586098	-92.183827
38.586146	-92.183926
38.586146	-92.183926
38.58627	-92.184184
38.586575	-92.184806
38.586603	-92.184866
38.58696	-92.185592
38.586984	-92.185641
38.587306	-92.186296
38.587655	-92.187007
38.587929	-92.187558
38.588005	-92.187723
38.588038	-92.187817
38.588061	-92.187948
38.588073	-92.188074
38.588077	-92.188224
38.588082	-92.188867
38.58809	-92.189645
38.58813	-92.189979
38.588298	-92.191585
38.588402	-92.192598
38.588443	-92.193126
38.588442	-92.193184
38.588417	-92.194854
38.588408	-92.195206
38.588408	-92.195227
38.58837	-92.196431
38.588334	-92.197444
38.588344	-92.197858
38.588368	-92.198244
38.588383	-92.198381
38.588412	-92.198518
38.588453	-92.198645
38.588493	-92.198745
38.588546	-92.198847
38.588629	-92.198996
38.5888	-92.199256
38.589469	-92.200223
38.589607	-92.20043
38.589841	-92.200781
38.590063	-92.201153
38.590212	-92.201493
38.590372	-92.201857
38.590464	-92.202083
38.59063	-92.202792
38.59072	-92.20315
38.590756	-92.203293
38.590924	-92.204015
38.59113	-92.204871
38.591417	-92.206205
38.591623	-92.206994
38.591771	-92.207562
38.592107	-92.20885
38.592252	-92.209416
38.59228	-92.209525
38.592351	-92.209745
38.592351	-92.209745
38.592483	-92.210154
38.59257	-92.210398
38.592711	-92.210792
38.592835	-92.21113
38.592999	-92.211574
38.593265	-92.212298
38.593737	-92.213562
38.593797	-92.213718
38.594009	-92.21427
38.594212	-92.214632
38.594439	-92.215036
38.594552	-92.215222
38.594672	-92.215409
38.595138	-92.216223
38.595292	-92.216523
38.595383	-92.216887
38.595439	-92.217503
38.595504	-92.218337
38.595598	-92.218898
38.595636	-92.219185
38.595703	-92.219705
38.595761	-92.220155
38.595855	-92.220882
38.595876	-92.221043
38.59592	-92.221529
38.595928	-92.221624
38.595925	-92.222168
38.595888	-92.222604
38.595804	-92.222947
38.595768	-92.223096
38.595756	-92.223148
38.595673	-92.223366
38.595563	-92.22366
38.595425	-92.224026
38.595342	-92.224352
38.595324	-92.224526
38.595324	-92.224548
38.595327	-92.224685
38.595525	-92.225685
38.596213	-92.225321
38.597246	-92.224737
38.597608	-92.224568
38.597971	-92.224493
38.5983	-92.224457
38.5983	-92.224457
38.598466	-92.224439
38.59935	-92.224351
38.600005	-92.22431
38.601544	-92.224213
38.603801	-92.224135
38.604132	-92.224119
38.604666	-92.224093
38.604936	-92.22408
38.605964	-92.224029
38.606914	-92.223958
38.607937	-92.223925
38.608811	-92.223892
38.609125	-92.223906
38.609447	-92.22394
38.609717	-92.223997
38.610033	-92.224076
38.610037	-92.224077
38.610298	-92.224147
38.610728	-92.224375
38.611145	-92.224619
38.611478	-92.22486
38.611851	-92.225158
38.612086	-92.225388
38.612898	-92.226164
38.613313	-92.22654
38.613709	-92.226925
38.613789	-92.227015
38.613927	-92.227132
38.61396	-92.227165
38.614197	-92.227383
38.614372	-92.227564
38.61449	-92.227718
38.614573	-92.227815
38.614758	-92.22804
38.614963	-92.228368
38.615107	-92.22869
38.615212	-92.228933
38.615264	-92.229096
38.615476	-92.229781
38.615608	-92.230132
38.61573	-92.2304
38.615855	-92.230665
38.616022	-92.230939
38.616196	-92.23121
38.616438	-92.231523
38.616669	-92.231828
38.616804	-92.232008
38.616927	-92.232193
38.617071	-92.232496
38.617297	-92.233048
38.617463	-92.233532
38.617734	-92.234285
38.618151	-92.235491
38.618515	-92.236542
38.619157	-92.238396
38.619235	-92.238609
38.619436	-92.239152
38.619465	-92.23923
38.619498	-92.239303
38.619639	-92.239614
38.619799	-92.239882
38.619826	-92.239925
38.620105	-92.24036
38.620574	-92.24103
38.620587	-92.241049
38.620913	-92.241529
38.621127	-92.241873
38.621291	-92.242216
38.621496	-92.242769
38.621689	-92.243334
38.622421	-92.245435
38.623617	-92.248886
38.62375	-92.249224
38.623889	-92.249535
38.624096	-92.24988
38.624236	-92.250062
38.624277	-92.250115
38.624511	-92.25037
38.624692	-92.250514
38.624872	-92.250641
38.624923	-92.250677
38.62519	-92.250825
38.625459	-92.250935
38.625898	-92.251041
38.626206	-92.251117
38.626449	-92.251208
38.626731	-92.251375
38.626997	-92.251572
38.627205	-92.251781
38.627347	-92.251985
38.627472	-92.25221
38.62759	-92.252463
38.627709	-92.252816
38.6278	-92.253218
38.627833	-92.253635
38.627878	-92.254902
38.62796	-92.255643
38.62801	-92.255916
38.628069	-92.256187
38.628161	-92.256541
38.628266	-92.256886
38.628273	-92.256907
38.628429	-92.257392
38.628458	-92.257482
38.629374	-92.260308
38.62959	-92.260911
38.629739	-92.261233
38.629943	-92.261624
38.630222	-92.262018
38.631285	-92.263376
38.631516	-92.263672
38.631801	-92.26411
38.632575	-92.265415
38.63274	-92.26569
38.633443	-92.266878
38.633647	-92.267276
38.633813	-92.267701
38.633923	-92.268122
38.633979	-92.268456
38.633982	-92.268488
38.634026	-92.268896
38.634044	-92.269313
38.634091	-92.271429
38.63416	-92.272036
38.634269	-92.272662
38.634414	-92.273243
38.634631	-92.273868
38.634915	-92.274585
38.635102	-92.275063
38.635217	-92.275469
38.635342	-92.276152
38.635349	-92.27621
38.635478	-92.277207
38.635558	-92.277874
38.635659	-92.278398
38.635754	-92.278815
38.635851	-92.279164
38.636014	-92.279661
38.636192	-92.280074
38.636343	-92.2804
38.636616	-92.280878
38.637875	-92.283105
38.639194	-92.285411
38.6409	-92.288415
38.641015	-92.288617
38.641015	-92.288617
38.642435	-92.291101
38.643499	-92.292983
38.644323	-92.294425
38.645001	-92.295634
38.645021	-92.295675
38.645184	-92.295998
38.645312	-92.296377
38.645398	-92.296795
38.645433	-92.297003
38.645463	-92.297413
38.645442	-92.297861
38.645392	-92.298247
38.645306	-92.298631
38.645146	-92.299165
38.644927	-92.299761
38.644799	-92.300152
38.644746	-92.300429
38.644707	-92.300743
38.644681	-92.301081
38.644695	-92.301415
38.644725	-92.301722
38.644775	-92.302026
38.644864	-92.302333
38.644941	-92.302576
38.645075	-92.302909
38.645201	-92.303137
38.645223	-92.303175
38.646248	-92.304802
38.646412	-92.305065
38.647531	-92.306854
38.647714	-92.307234
38.647848	-92.307628
38.647934	-92.307856
38.64804	-92.308284
38.648123	-92.308804
38.648171	-92.309309
38.648257	-92.310691
38.648273	-92.310953
38.648476	-92.314281
38.648505	-92.314604
38.648563	-92.314893
38.64865	-92.315135
38.648793	-92.315435
38.648964	-92.315677
38.649151	-92.31589
38.649326	-92.31603
38.649494	-92.316136
38.649518	-92.316151
38.649846	-92.316391
38.650155	-92.316618
38.650269	-92.316735
38.650339	-92.316808
38.650526	-92.317009
38.651675	-92.318447
38.651791	-92.318591
38.65194	-92.318768
38.652297	-92.31919
38.653334	-92.320445
38.653649	-92.320833
38.654252	-92.321576
38.654544	-92.321941
38.65483	-92.322372
38.65513	-92.322862
38.655301	-92.323188
38.655505	-92.323613
38.65571	-92.324068
38.655985	-92.324785
38.656581	-92.32629
38.657746	-92.329236
38.657746	-92.329236
38.657773	-92.329304
38.657795	-92.329359
38.657807	-92.329394
38.658136	-92.330346
38.658408	-92.331267
38.658627	-92.332163
38.658761	-92.3328
38.658962	-92.333896
38.659244	-92.335756
38.659471	-92.337076
38.65988	-92.339727
38.660258	-92.342179
38.660265	-92.342225
38.660538	-92.34411
38.660546	-92.344167
38.660668	-92.345205
38.660753	-92.34626
38.660805	-92.346734
38.660844	-92.347009
38.660932	-92.347338
38.661038	-92.347546
38.661529	-92.348234
38.661817	-92.348553
38.662308	-92.349098
38.662509	-92.349365
38.662764	-92.349695
38.663111	-92.350226
38.663419	-92.350696
38.663573	-92.35095
38.664058	-92.351713
38.66426	-92.351944
38.664446	-92.352111
38.664654	-92.352225
38.66487	-92.352301
38.665139	-92.352361
38.665536	-92.35246
38.665756	-92.352547
38.666013	-92.352687
38.666212	-92.352843
38.666413	-92.353029
38.666573	-92.353234
38.666748	-92.353522
38.666997	-92.353992
38.668299	-92.356483
38.668701	-92.357253
38.669144	-92.357956
38.66936	-92.358199
38.669855	-92.358722
38.669926	-92.358791
38.670009	-92.358874
38.670115	-92.35895
38.670222	-92.358988
38.67037	-92.358988
38.670479	-92.358954
38.670734	-92.358859
38.670941	-92.358817
38.671104	-92.35881
38.671338	-92.358829
38.671501	-92.358848
38.671653	-92.3589
38.671784	-92.358948
38.671936	-92.359031
38.67206	-92.359119
38.672289	-92.359301
38.672483	-92.359513
38.672653	-92.359746
38.672767	-92.359959
38.672899	-92.360282
38.672974	-92.360543
38.673024	-92.360808
38.673059	-92.361127
38.673079	-92.361436
38.673157	-92.364744
38.673186	-92.365946
38.673223	-92.369541
38.673223	-92.370731
38.673253	-92.371139
38.673313	-92.371493
38.673395	-92.371806
38.673532	-92.37215
38.673711	-92.372479
38.67396	-92.372804
38.674204	-92.373047
38.674451	-92.373251
38.674717	-92.373382
38.674891	-92.373448
38.675126	-92.373519
38.675325	-92.37356
38.676662	-92.373771
38.676866	-92.37379
38.677098	-92.373774
38.677287	-92.373736
38.677616	-92.373646
38.678091	-92.373506
38.678343	-92.37341
38.678535	-92.373299
38.678697	-92.373174
38.678851	-92.373021
38.679	-92.372846
38.67914	-92.372632
38.679508	-92.37188
38.680285	-92.370294
38.681174	-92.368466
38.681909	-92.36691
38.682245	-92.366234
38.682389	-92.366007
38.682506	-92.365825
38.682671	-92.365634
38.682825	-92.365494
38.682977	-92.365404
38.683151	-92.365312
38.68332	-92.365258
38.683515	-92.365226
38.68361	-92.365226
38.68361	-92.365226
38.683686	-92.365226
38.683828	-92.365238
38.683988	-92.36527
38.684247	-92.365363
38.684829	-92.365576
38.685021	-92.365618
38.6852	-92.36564
38.685377	-92.365628
38.686911	-92.365337
38.687205	-92.365293
38.687444	-92.36527
38.687742	-92.365286
38.687966	-92.365334
38.688238	-92.365388
38.688489	-92.365474
38.688676	-92.365541
38.689072	-92.36573
38.689348	-92.365822
38.68963	-92.365899
38.690538	-92.366135
38.691278	-92.366328
38.69138	-92.366355
38.691582	-92.366444
38.691848	-92.366581
38.692062	-92.366715
38.69253	-92.367041
38.69285	-92.36728
38.693523	-92.367784
38.693869	-92.368033
38.694089	-92.368262
38.694779	-92.369015
38.694893	-92.369139
38.695174	-92.369388
38.695366	-92.369519
38.69564	-92.369656
38.695893	-92.369752
38.69724	-92.370227
38.697564	-92.370284
38.69777	-92.370294
38.697972	-92.370269
38.698365	-92.370214
38.698527	-92.370214
38.698749	-92.370249
38.698916	-92.370297
38.69908	-92.370371
38.699212	-92.37046
38.699346	-92.370568
38.701077	-92.372433
38.701087	-92.372444
38.701428	-92.372813
38.701428	-92.372813
38.702036	-92.373473
38.702887	-92.374412
38.703523	-92.375152
38.703832	-92.375538
38.703854	-92.375567
38.704096	-92.375809
38.70432	-92.375997
38.704504	-92.376112
38.704885	-92.376323
38.705094	-92.376463
38.705246	-92.376594
38.705365	-92.376728
38.705557	-92.376961
38.706276	-92.377937
38.706448	-92.378179
38.70656	-92.378412
38.706647	-92.37867
38.706682	-92.378925
38.706727	-92.379244
38.706814	-92.379522
38.706894	-92.379713
38.707013	-92.379905
38.707118	-92.380058
38.70779	-92.38096
38.708539	-92.381965
38.708668	-92.382157
38.708872	-92.382517
38.709017	-92.38281
38.709119	-92.383126
38.709226	-92.383557
38.709278	-92.383853
38.709313	-92.384179
38.709395	-92.38488
38.709659	-92.387152
38.709729	-92.387531
38.709806	-92.387885
38.709945	-92.388392
38.710087	-92.388813
38.710231	-92.389171
38.710371	-92.389477
38.710555	-92.389821
38.710849	-92.390303
38.711122	-92.390689
38.711344	-92.390957
38.711583	-92.391215
38.71213	-92.391687
38.713977	-92.392989
38.716926	-92.39504
38.717693	-92.395595
38.718253	-92.395978
38.720219	-92.397349
38.72072	-92.397706
38.721598	-92.398322
38.723822	-92.399875
38.724624	-92.400443
38.725191	-92.400839
38.725408	-92.400989
38.727826	-92.40267
38.728315	-92.403024
38.728315	-92.403024
38.728524	-92.403175
38.72857	-92.403209
38.730347	-92.404449
38.731362	-92.405177
38.732019	-92.405626
38.732932	-92.406236
38.733223	-92.406417
38.733507	-92.406577
38.733845	-92.406711
38.734154	-92.4068
38.734408	-92.406845
38.734726	-92.406883
38.734985	-92.406886
38.735438	-92.406848
38.735998	-92.406801
38.737344	-92.406671
38.739237	-92.406519
38.739496	-92.40651
38.739541	-92.406514
38.739799	-92.406539
38.740036	-92.406567
38.74029	-92.406644
38.740996	-92.406861
38.742845	-92.407543
38.743138	-92.407623
38.743546	-92.407732
38.744253	-92.407818
38.745	-92.40791
38.745564	-92.40798
38.745944	-92.408057
38.74627	-92.408137
38.746439	-92.40818
38.746569	-92.408213
38.747101	-92.408378
38.748392	-92.40878
38.748417	-92.408787
38.7488	-92.408966
38.749042	-92.4091
38.749069	-92.409113
38.74942	-92.409279
38.749626	-92.409368
38.749927	-92.409454
38.750293	-92.409518
38.750813	-92.409633
38.751156	-92.409719
38.751346	-92.409797
38.751346	-92.409797
38.751427	-92.40983
38.751636	-92.409961
38.751798	-92.410092
38.751925	-92.410216
38.752086	-92.410417
38.752917	-92.411572
38.753071	-92.411821
38.753158	-92.412025
38.753243	-92.412213
38.753469	-92.412848
38.753982	-92.414286
38.755064	-92.417352
38.755599	-92.418943
38.755698	-92.419297
38.755755	-92.41962
38.75579	-92.41999
38.755824	-92.42043
38.755875	-92.421262
38.755872	-92.421559
38.755832	-92.421817
38.755773	-92.422082
38.755621	-92.422758
38.755564	-92.423096
38.755517	-92.423422
38.755469	-92.423926
38.754984	-92.429319
38.754875	-92.430694
38.75486	-92.431045
38.754862	-92.431205
38.754882	-92.431473
38.754942	-92.431753
38.755007	-92.43197
38.755101	-92.432184
38.755245	-92.432461
38.755397	-92.432758
38.755487	-92.433004
38.755544	-92.433262
38.755576	-92.433511
38.755576	-92.433731
38.755559	-92.433909
38.755532	-92.434098
38.755462	-92.434346
38.755377	-92.434576
38.754925	-92.435632
38.754805	-92.435906
38.754731	-92.436161
38.754673	-92.436429
38.754658	-92.436688
38.754671	-92.436895
38.754683	-92.437061
38.754723	-92.437265
38.754773	-92.437431
38.75488	-92.43767
38.754979	-92.437874
38.755151	-92.438142
38.755333	-92.438432
38.755447	-92.438592
38.755533	-92.438668
38.755666	-92.438783
38.75587	-92.438914
38.756004	-92.438977
38.756285	-92.439109
38.757454	-92.439613
38.757967	-92.43989
38.758382	-92.440136
38.759071	-92.440608
38.75931	-92.440802
38.759511	-92.440994
38.759656	-92.441166
38.759899	-92.441469
38.760391	-92.442118
38.760391	-92.442118
38.761051	-92.442987
38.761228	-92.443266
38.761347	-92.443501
38.761444	-92.44381
38.761516	-92.444069
38.761727	-92.444994
38.761827	-92.44529
38.761954	-92.445571
38.762086	-92.44581
38.762727	-92.446825
38.762899	-92.447147
38.763018	-92.447459
38.763116	-92.447938
38.76313	-92.448139
38.763128	-92.448359
38.76311	-92.448665
38.762926	-92.450352
38.762464	-92.454792
38.762217	-92.456917
38.76219	-92.457316
38.762175	-92.457628
38.762173	-92.457673
38.762175	-92.458078
38.762178	-92.458441
38.76219	-92.458926
38.762222	-92.459408
38.762277	-92.459864
38.762322	-92.460148
38.762442	-92.46078
38.762476	-92.460963
38.762593	-92.46158
38.763364	-92.465641
38.763527	-92.466539
38.764012	-92.469055
38.764179	-92.469923
38.764241	-92.470312
38.764281	-92.470656
38.76435	-92.471473
38.764474	-92.472782
38.764536	-92.473435
38.764596	-92.474069
38.764651	-92.474494
38.764726	-92.474832
38.764862	-92.47527
38.764912	-92.475443
38.76496	-92.475628
38.765007	-92.475974
38.765062	-92.476472
38.765115	-92.477077
38.765145	-92.477424
38.765396	-92.480303
38.765423	-92.48052
38.765463	-92.48063
38.765513	-92.480746
38.765622	-92.481017
38.765674	-92.481212
38.765714	-92.481454
38.765778	-92.482129
38.765853	-92.482797
38.765893	-92.483199
38.765895	-92.483391
38.765884	-92.483474
38.765853	-92.483652
38.765798	-92.483825
38.765752	-92.483956
38.765073	-92.486003
38.765067	-92.486019
38.764871	-92.486666
38.764045	-92.489381
38.764004	-92.489558
38.763963	-92.489735
38.763906	-92.490003
38.763791	-92.490538
38.763682	-92.491087
38.763575	-92.491674
38.763513	-92.492015
38.763583	-92.492246
38.76367	-92.492459
38.763753	-92.492632
38.763862	-92.492823
38.763973	-92.493014
38.76415	-92.493234
38.764378	-92.49346
38.764607	-92.493658
38.764993	-92.493887
38.765306	-92.494015
38.765672	-92.494092
38.765955	-92.494114
38.766301	-92.494104
38.768977	-92.494009
38.768977	-92.494009
38.771754	-92.49391
38.772637	-92.49391
38.772932	-92.493951
38.773266	-92.494027
38.773657	-92.494158
38.773878	-92.494239
38.775127	-92.494794
38.778292	-92.496233
38.779231	-92.496675
38.781031	-92.497485
38.781056	-92.497496
38.782452	-92.498141
38.78312	-92.498453
38.78345	-92.498633
38.783742	-92.498809
38.784016	-92.498971
38.785411	-92.499846
38.788922	-92.502034
38.790353	-92.502918
38.791857	-92.503843
38.792968	-92.504533
38.79454	-92.505503
38.796667	-92.506806
38.800427	-92.509179
38.800486	-92.509215
38.804014	-92.511385
38.804031	-92.511396
38.806666	-92.513039
38.806924	-92.513207
38.807415	-92.512272
38.807598	-92.512006
38.807697	-92.511874
38.807809	-92.511756
38.807994	-92.511611
38.808065	-92.511567
38.808204	-92.511494
38.808348	-92.511437
38.808501	-92.5114
38.808664	-92.511375
38.808997	-92.511348
38.812529	-92.51126
38.81368	-92.511247
38.81368	-92.511247
38.814011	-92.511243
38.815223	-92.511221
38.817294	-92.511189
38.818733	-92.511166
38.820801	-92.511141
38.82099	-92.511132
38.821171	-92.511116
38.821237	-92.511103
38.821342	-92.511082
38.821499	-92.511031
38.821643	-92.510963
38.821782	-92.510876
38.821904	-92.510775
38.82202	-92.510664
38.822123	-92.510545
38.822213	-92.510416
38.822293	-92.510279
38.82236	-92.510133
38.822414	-92.509981
38.822458	-92.509823
38.822494	-92.50966
38.822516	-92.509498
38.822519	-92.509177
38.822489	-92.508519
38.822678	-92.508529
38.827672	-92.509867
38.828808	-92.51018
38.828993	-92.51022
38.829178	-92.510244
38.829367	-92.510251
38.829552	-92.51024
38.829737	-92.510203
38.829917	-92.510145
38.830092	-92.510068
38.830258	-92.509966
38.830416	-92.509851
38.830573	-92.509728
38.832476	-92.508059
38.832638	-92.507922
38.83279	-92.507783
38.832897	-92.507693
38.83297	-92.507631
38.833563	-92.507118
38.833706	-92.506981
38.833845	-92.506835
38.83398	-92.506676
38.83411	-92.506505
38.834231	-92.506322
38.834342	-92.506123
38.834544	-92.505726
38.834655	-92.50555
38.834767	-92.505343
38.834879	-92.505168
38.835005	-92.505012
38.835135	-92.504874
38.835283	-92.504739
38.835427	-92.504628
38.835579	-92.504533
38.835737	-92.504449
38.835894	-92.504381
38.836056	-92.504331
38.836227	-92.504294
38.836394	-92.504279
38.836574	-92.504272
38.836804	-92.504303
38.83693	-92.504326
38.837463	-92.504499
38.837815	-92.504637
38.838167	-92.504798
38.838338	-92.504895
38.838501	-92.505002
38.838664	-92.505119
38.838817	-92.505247
38.838967	-92.50538
38.839103	-92.505523
38.839234	-92.50567
38.839361	-92.505822
38.839596	-92.506133
38.839705	-92.506295
38.8398	-92.506461
38.839873	-92.50663
38.839932	-92.506802
38.839978	-92.506974
38.84002	-92.507171
38.840065	-92.507341
38.84012	-92.507512
38.840184	-92.507685
38.840266	-92.507859
38.840361	-92.50802
38.84047	-92.508164
38.840583	-92.508301
38.840705	-92.508422
38.840986	-92.508643
38.841127	-92.508749
38.84142	-92.508969
38.84156	-92.509079
38.841709	-92.509176
38.841849	-92.509288
38.84226	-92.509596
38.842391	-92.509708
38.842527	-92.509811
38.842667	-92.509908
38.842794	-92.510014
38.843164	-92.510295
38.843255	-92.510358
38.843381	-92.510445
38.843806	-92.510766
38.843865	-92.510816
38.843891	-92.510834
38.843928	-92.510859
38.843973	-92.510896
38.844028	-92.510932
38.844344	-92.511178
38.844719	-92.511459
38.845008	-92.511656
38.84523	-92.511794
38.845356	-92.511861
38.845618	-92.511975
38.845762	-92.512026
38.846056	-92.51211
38.847111	-92.512383
38.84726	-92.512432
38.8474	-92.512493
38.847535	-92.512564
38.847797	-92.512741
38.848042	-92.512957
38.848793	-92.51367
38.849277	-92.514147
38.849399	-92.514259
38.849621	-92.514479
38.849729	-92.514598
38.849842	-92.514705
38.84996	-92.5148
38.850177	-92.515007
38.850276	-92.515114
38.85039	-92.515213
38.850819	-92.515645
38.850933	-92.51577
38.851064	-92.515884
38.851313	-92.516129
38.85157	-92.516367
38.851932	-92.516724
38.852063	-92.516842
38.854462	-92.519372
38.854765	-92.519677
38.854901	-92.519838
38.85505	-92.519991
38.855204	-92.520139
38.855367	-92.520278
38.855534	-92.520401
38.855706	-92.520536
38.85623	-92.520897
38.856578	-92.521127
38.856912	-92.52137
38.857075	-92.521501
38.857238	-92.521642
38.857396	-92.521798
38.857704	-92.522127
38.857853	-92.5223
38.857994	-92.522476
38.858401	-92.523032
38.859611	-92.524717
38.859874	-92.525094
38.860001	-92.525287
38.860036	-92.525349
38.860115	-92.525488
38.860215	-92.525706
38.860288	-92.525932
38.860338	-92.526162
38.860371	-92.526394
38.860394	-92.526627
38.860409	-92.52686
38.860455	-92.527298
38.86047	-92.52739
38.86047	-92.52739
38.860488	-92.527499
38.860538	-92.527695
38.860597	-92.527885
38.860679	-92.528061
38.860779	-92.528224
38.860888	-92.528372
38.86101	-92.528501
38.861141	-92.528604
38.861286	-92.528681
38.861421	-92.528743
38.861565	-92.528781
38.86171	-92.528799
38.861854	-92.528808
38.862291	-92.528807
38.863561	-92.528778
38.864408	-92.528772
38.865483	-92.528817
38.866187	-92.528855
38.866497	-92.528855
38.86671	-92.528833
38.866917	-92.528785
38.86703	-92.528747
38.867296	-92.528604
38.868428	-92.527969
38.868732	-92.527829
38.869019	-92.527748
38.869255	-92.527719
38.869502	-92.527704
38.872007	-92.527778
38.872231	-92.52777
38.872593	-92.527733
38.874322	-92.52746
38.87454	-92.527453
38.874787	-92.527475
38.874994	-92.527512
38.875241	-92.527601
38.875488	-92.527741
38.876373	-92.528464
38.87662	-92.528634
38.876821	-92.528693
38.877033	-92.528744
38.87728	-92.52873
38.877539	-92.528663
38.87774	-92.528589
38.877941	-92.528442
38.878113	-92.528287
38.878257	-92.52811
38.878349	-92.527962
38.878405	-92.527871
38.878531	-92.52751
38.878613	-92.527077
38.878797	-92.526199
38.878872	-92.525962
38.878964	-92.525734
38.879067	-92.525549
38.87917	-92.525416
38.879343	-92.525291
38.87967	-92.525165
38.881164	-92.524605
38.881359	-92.52456
38.881554	-92.524531
38.883817	-92.524617
38.883977	-92.524648
38.884161	-92.524706
38.884239	-92.524732
38.884598	-92.524892
38.88484	-92.524988
38.885041	-92.525018
38.885236	-92.524981
38.8855	-92.52487
38.885742	-92.524693
38.886126	-92.524427
38.886186	-92.524386
38.88635	-92.52431
38.886534	-92.524258
38.886775	-92.524226
38.88817	-92.524189
38.88827	-92.524186
38.88875	-92.524115
38.890403	-92.523231
38.890763	-92.523148
38.89118	-92.523155
38.89122	-92.523168
38.891607	-92.523296
38.894146	-92.524846
38.895697	-92.524879
38.895945	-92.5249
38.896125	-92.524952
38.896176	-92.524966
38.896391	-92.525064
38.896595	-92.525171
38.897392	-92.525617
38.897584	-92.525699
38.897747	-92.525745
38.897919	-92.525766
38.898099	-92.525751
38.898318	-92.52572
38.898975	-92.525516
38.900703	-92.524981
38.901592	-92.524697
38.903301	-92.524166
38.904026	-92.523888
38.904805	-92.523655
38.904861	-92.523638
38.905223	-92.523538
38.905223	-92.523538
38.905779	-92.523383
38.905975	-92.523318
38.906202	-92.52323
38.906379	-92.523154
38.90655	-92.523077
38.907123	-92.52283
38.90715	-92.522818
38.907151	-92.522824
38.907173	-92.522919
38.907208	-92.52303
38.907283	-92.523248
38.907365	-92.523473
38.907567	-92.523986
38.907971	-92.525033
38.908005	-92.525113
38.908067	-92.52524
38.908123	-92.52535
38.90821	-92.525494
38.908298	-92.525625
38.908535	-92.52595
38.908787	-92.526272
38.909466	-92.526984
38.909466	-92.526984
38.910142	-92.527694
38.911338	-92.528909
38.911404	-92.528976
38.912225	-92.529911
38.912438	-92.530171
38.912724	-92.530532
38.912964	-92.530943
38.913038	-92.531093
38.913112	-92.531243
38.913322	-92.531681
38.913504	-92.532238
38.913658	-92.532779
38.914383	-92.535804
38.914601	-92.536791
38.914832	-92.537834
38.91542	-92.540496
38.91549	-92.540759
38.915534	-92.540926
38.915783	-92.541659
38.915954	-92.542063
38.916184	-92.542516
38.916528	-92.54306
38.916903	-92.543544
38.917507	-92.544186
38.917812	-92.544536
38.917929	-92.544704
38.918252	-92.545164
38.918433	-92.545507
38.91848	-92.54561
38.918549	-92.545764
38.918786	-92.546405
38.918838	-92.546586
38.918854	-92.546663
38.918952	-92.547134
38.919003	-92.547607
38.919032	-92.548053
38.919031	-92.548512
38.919014	-92.548731
38.918987	-92.549072
38.918952	-92.54946
38.918891	-92.549722
38.918782	-92.551294
38.91883	-92.552337
38.918992	-92.553465
38.919239	-92.554385
38.919301	-92.554615
38.919511	-92.555164
38.920856	-92.557871
38.92098	-92.558121
38.922472	-92.561045
38.922539	-92.561159
38.922767	-92.561657
38.923083	-92.562598
38.923099	-92.562675
38.923265	-92.563456
38.924027	-92.567311
38.924254	-92.568444
38.924281	-92.568721
38.924434	-92.570281
38.924413	-92.570933
38.924291	-92.571894
38.923909	-92.573944
38.923795	-92.574552
38.923728	-92.574908
38.923647	-92.575624
38.923642	-92.576521
38.923783	-92.577697
38.923915	-92.578234
38.92396	-92.578433
38.924505	-92.579875
38.92497	-92.580836
38.92497	-92.580836
38.925664	-92.582271
38.925713	-92.582373
38.926161	-92.583141
38.926184	-92.583179
38.92671	-92.583809
38.92677	-92.583881
38.927381	-92.584432
38.92802	-92.584923
38.928697	-92.585443
38.9294	-92.586007
38.929792	-92.586416
38.929968	-92.5866
38.930429	-92.587223
38.931007	-92.588264
38.931038	-92.588324
38.932664	-92.591444
38.932839	-92.591781
38.933726	-92.593201
38.934185	-92.593732
38.934843	-92.594264
38.936739	-92.595348
38.937999	-92.59603
38.938165	-92.596119
38.938645	-92.596379
38.939127	-92.59662
38.939305	-92.596718
38.939466	-92.596806
38.93991	-92.597049
38.940017	-92.597111
38.9402	-92.597216
38.940294	-92.597269
38.940451	-92.597356
38.941188	-92.597766
38.941161	-92.597907
38.941124	-92.598175
38.941094	-92.598491
38.941089	-92.598854
38.941144	-92.600152
38.941145	-92.600216
38.941156	-92.600602
38.941191	-92.60102
38.9412	-92.601076
38.941253	-92.601419
38.941367	-92.601939
38.941471	-92.602309
38.941811	-92.603671
38.941848	-92.60384
38.941967	-92.604382
38.941974	-92.604414
38.942094	-92.605009
38.942134	-92.605205
38.942304	-92.606319
38.942363	-92.606301
38.942363	-92.606301
38.942304	-92.606319
38.94246	-92.607341
38.942895	-92.610074
38.943051	-92.611113
38.94321	-92.61216
38.943389	-92.613319
38.943475	-92.613873
38.943532	-92.614269
38.943572	-92.614623
38.943592	-92.614955
38.943614	-92.618479
38.943624	-92.619988
38.943656	-92.621471
38.943738	-92.622789
38.943763	-92.623063
38.94384	-92.623363
38.943951	-92.62357
38.944078	-92.623704
38.944274	-92.62379
38.944413	-92.623819
38.945527	-92.623825
38.945733	-92.623876
38.945924	-92.623969
38.946028	-92.624048
38.946152	-92.624217
38.946261	-92.624444
38.946781	-92.626265
38.946798	-92.626324
38.946976	-92.626933
38.947165	-92.627583
38.947284	-92.627991
38.947371	-92.628262
38.94747	-92.628485
38.948046	-92.629634
38.948206	-92.630089
38.948564	-92.63113
38.948644	-92.631413
38.948708	-92.631681
38.948765	-92.632
38.948808	-92.632456
38.948862	-92.633751
38.948894	-92.635008
38.948964	-92.638657
38.949065	-92.641662
38.949077	-92.641924
38.949083	-92.642051
38.949123	-92.642657
38.94915	-92.643097
38.949202	-92.64356
38.949294	-92.644255
38.949351	-92.644797
38.949521	-92.646394
38.949636	-92.647482
38.94972	-92.648271
38.949892	-92.650051
38.949986	-92.651352
38.950155	-92.653397
38.950157	-92.653422
38.950284	-92.654941
38.950415	-92.656749
38.95047	-92.65754
38.950599	-92.658867
38.950648	-92.65924
38.950728	-92.65969
38.950839	-92.660235
38.950926	-92.660507
38.950998	-92.660765
38.951107	-92.661001
38.951256	-92.661279
38.952231	-92.662956
38.952397	-92.663279
38.952536	-92.663613
38.952652	-92.663939
38.952754	-92.664255
38.952829	-92.664526
38.953032	-92.665572
38.953218	-92.666669
38.953224	-92.66672
38.953238	-92.666838
38.953258	-92.667036
38.95326	-92.667186
38.953263	-92.667329
38.953266	-92.667665
38.953283	-92.669234
38.953384	-92.675815
38.953384	-92.675815
38.953414	-92.677753
38.953416	-92.677954
38.953434	-92.678168
38.953464	-92.67835
38.953473	-92.678377
38.953513	-92.67849
38.953583	-92.678643
38.953694	-92.678777
38.953841	-92.678876
38.954019	-92.678966
38.955899	-92.679556
38.956068	-92.679623
38.956224	-92.679693
38.956529	-92.679887
38.956701	-92.679983
38.956854	-92.68005
38.957058	-92.680082
38.957231	-92.680082
38.958457	-92.680034
38.958598	-92.680037
38.958769	-92.680069
38.958893	-92.680129
38.958982	-92.680184
38.959047	-92.680238
38.95913	-92.680372
38.959173	-92.680528
38.959178	-92.680698
38.959177	-92.681073
38.959176	-92.681492
38.959172	-92.682542
38.959172	-92.682542
38.959166	-92.684487
38.959166	-92.684516
38.959157	-92.685257
38.959155	-92.685464
38.959191	-92.688402
38.959219	-92.688998
38.959258	-92.689848
38.95928	-92.691596
38.959283	-92.692943
38.95926	-92.693345
38.959208	-92.693836
38.959204	-92.693867
38.959164	-92.694161
38.959157	-92.694195
38.959121	-92.694385
38.959054	-92.694678
38.95896	-92.694981
38.958945	-92.69502
38.958901	-92.69514
38.958796	-92.695399
38.95871	-92.6956
38.958683	-92.695651
38.958194	-92.696582
38.957597	-92.697684
38.957488	-92.697924
38.957374	-92.698239
38.957285	-92.698576
38.957203	-92.698971
38.957176	-92.699289
38.957173	-92.699329
38.957117	-92.700105
38.957114	-92.700141
38.957093	-92.700393
38.957091	-92.700704
38.957105	-92.701011
38.957293	-92.703279
38.957442	-92.705082
38.957447	-92.705149
38.957736	-92.708446
38.95774	-92.708494
38.95779	-92.709212
38.957801	-92.709614
38.957798	-92.710005
38.957739	-92.710663
38.957697	-92.711115
38.957693	-92.711165
38.957598	-92.712251
38.957591	-92.712319
38.957581	-92.71242
38.957541	-92.71264
38.957489	-92.712844
38.957417	-92.713051
38.957335	-92.713224
38.957226	-92.713409
38.957075	-92.713625
38.956863	-92.71387
38.956235	-92.714594
38.956607	-92.715116
38.956607	-92.715116
38.956871	-92.715561
38.957101	-92.71595
38.957501	-92.71678
38.957632	-92.71714
38.957858	-92.717764
38.958619	-92.72053
38.958943	-92.721706
38.960056	-92.725753
38.960405	-92.72665
38.960505	-92.726857
38.960728	-92.727318
38.96131	-92.728391
38.96154	-92.72878
38.961666	-92.728993
38.96209	-92.729711
38.96209	-92.729711
38.962246	-92.729975
38.963437	-92.73199
38.963517	-92.732124
38.965057	-92.734848
38.965378	-92.735404
38.965614	-92.73597
38.965652	-92.73606
38.965814	-92.736483
38.965923	-92.736875
38.966116	-92.737714
38.966283	-92.738794
38.96637	-92.739425
38.966503	-92.741075
38.967075	-92.74125
38.968051	-92.74154
38.967998	-92.741837
38.967974	-92.741973
38.967927	-92.742239
38.967909	-92.742338
38.967876	-92.742523
38.967776	-92.743088
38.967497	-92.744659
38.967359	-92.74543
38.967071	-92.747007
38.967066	-92.747033
38.966948	-92.747675
38.966859	-92.748226
38.966673	-92.74923
38.966534	-92.749788
38.966449	-92.750069
38.966404	-92.750217
38.966152	-92.750727
38.966039	-92.750956
38.966001	-92.751033
38.965784	-92.751358
38.965548	-92.751683
38.964844	-92.752507
38.964844	-92.752507
38.964683	-92.752695
38.963424	-92.754219
38.963377	-92.754277
38.962581	-92.755181
38.961666	-92.756183
38.961197	-92.756709
38.961108	-92.756809
38.960254	-92.757701
38.959961	-92.758007
38.959322	-92.758648
38.958916	-92.758923
38.957876	-92.759439
38.95787	-92.759442
38.95746	-92.759703
38.957369	-92.759786
38.956955	-92.760164
38.956015	-92.761209
38.955439	-92.761851
38.953912	-92.763549
38.953116	-92.764445
38.952687	-92.764929
38.952049	-92.765646
38.950826	-92.767021
38.950131	-92.767787
38.949664	-92.768302
38.949611	-92.768361
38.949004	-92.768924
38.94916	-92.769484
38.949181	-92.76965
38.949196	-92.769844
38.949195	-92.770044
38.949172	-92.770223
38.949128	-92.770404
38.949012	-92.770742
38.94892	-92.770965
38.948702	-92.771495
38.948426	-92.772184
38.948303	-92.772551
38.948218	-92.772941
38.948171	-92.773277
38.948156	-92.773482
38.948152	-92.773774
38.948159	-92.773919
38.948196	-92.774302
38.948228	-92.77451
38.948316	-92.775096
38.948439	-92.775895
38.948477	-92.776219
38.948498	-92.776585
38.948491	-92.776865
38.948469	-92.777147
38.948441	-92.777416
38.948413	-92.777564
38.948358	-92.777857
38.948321	-92.777981
38.948253	-92.778212
38.948234	-92.77826
38.94806	-92.778711
38.947937	-92.779003
38.947843	-92.779225
38.947229	-92.780642
38.947	-92.781172
38.946482	-92.782369
38.946399	-92.78256
38.945871	-92.78378
38.945757	-92.784052
38.945441	-92.785061
38.945391	-92.785225
38.945364	-92.785379
38.945343	-92.785496
38.945231	-92.786133
38.945265	-92.788785
38.945236	-92.789177
38.945176	-92.78955
38.944999	-92.790233
38.944865	-92.790617
38.94455	-92.791305
38.944375	-92.791619
38.944366	-92.791635
38.943881	-92.792249
38.943107	-92.793183
38.941949	-92.794554
38.941756	-92.794792
38.941361	-92.795279
38.940401	-92.796463
38.940344	-92.796534
38.940287	-92.796604
38.93956	-92.797499
38.939062	-92.79812
38.938137	-92.799276
38.937845	-92.799641
38.937806	-92.79968
38.937587	-92.799969
38.937236	-92.800394
38.937061	-92.800606
38.936649	-92.8012
38.936371	-92.80171
38.936132	-92.802319
38.935938	-92.802887
38.935822	-92.803835
38.935742	-92.807024
38.935742	-92.807024
38.93566	-92.810266
38.935628	-92.811532
38.935653	-92.812073
38.935738	-92.813905
38.935604	-92.815302
38.935554	-92.815829
38.935586	-92.817524
38.935723	-92.824639
38.935789	-92.83095
38.935592	-92.83788
38.935525	-92.840251
38.935524	-92.840375
38.935523	-92.840499
38.935522	-92.840615
38.935478	-92.841777
38.935481	-92.842332
38.935516	-92.842823
38.935585	-92.843325
38.936064	-92.84586
38.936102	-92.846287
38.936103	-92.846622
38.936103	-92.84663
38.936083	-92.847079
38.935979	-92.848004
38.935819	-92.848678
38.93556	-92.850122
38.93546	-92.851021
38.935461	-92.851861
38.935481	-92.852903
38.935466	-92.858302
38.935458	-92.861272
38.935451	-92.863778
38.935449	-92.864724
38.935449	-92.865539
38.935557	-92.866247
38.935766	-92.866891
38.935991	-92.867331
38.936183	-92.867599
38.936392	-92.867867
38.936767	-92.868157
38.93721	-92.868414
38.937744	-92.868822
38.938236	-92.869283
38.938679	-92.870024
38.939289	-92.871042
38.940072	-92.871708
38.94089	-92.872341
38.941714	-92.872949
38.942158	-92.873139
38.943035	-92.873409
38.945765	-92.874359
38.946661	-92.874702
38.946769	-92.874729
38.94681	-92.874738
38.947951	-92.875191
38.949	-92.875586
38.949387	-92.875771
38.949727	-92.876028
38.950023	-92.876361
38.95024	-92.876618
38.950492	-92.877169
38.950677	-92.877705
38.950779	-92.878274
38.951401	-92.88562
38.951523	-92.886472
38.951658	-92.887087
38.951854	-92.887638
38.952058	-92.88816
38.952304	-92.888689
38.952748	-92.889383
38.953749	-92.890503
38.955566	-92.892151
38.95627	-92.892811
38.956859	-92.893312
38.958567	-92.894899
38.958894	-92.89527
38.959135	-92.89558
38.959413	-92.896074
38.95963	-92.896539
38.960718	-92.899733
38.961393	-92.901738
38.962327	-92.904477
38.962327	-92.904477
38.963023	-92.906521
38.963764	-92.908707
38.964413	-92.910642
38.965613	-92.914187
38.966345	-92.916354
38.966914	-92.917984
38.967064	-92.918475
38.968604	-92.923061
38.969254	-92.924933
38.969434	-92.925268
38.969638	-92.925658
38.97005	-92.926189
38.970364	-92.926459
38.970594	-92.926636
38.97066	-92.926672
38.970867	-92.926785
38.971324	-92.92699
38.974467	-92.927699
38.975272	-92.927995
38.975419	-92.928064
38.976162	-92.928414
38.976389	-92.92856
38.977047	-92.928983
38.977636	-92.929432
38.978111	-92.929865
38.980246	-92.932003
38.980572	-92.932326
38.980988	-92.932735
38.981705	-92.933473
38.982316	-92.934229
38.982799	-92.934995
38.983188	-92.935734
38.983637	-92.936783
38.984401	-92.939159
38.984713	-92.94017
38.985005	-92.941042
38.985159	-92.941516
38.985397	-92.94211
38.985658	-92.942514
38.98592	-92.942855
38.986809	-92.943649
38.987045	-92.94386
38.988205	-92.944897
38.988847	-92.945448
38.988922	-92.945512
38.989547	-92.946048
38.990308	-92.946716
38.990712	-92.947086
38.990971	-92.947292
38.991438	-92.947701
38.991902	-92.948104
38.992472	-92.948619
38.992872	-92.948916
38.993174	-92.949087
38.993563	-92.949234
38.993708	-92.949269
38.993965	-92.949331
38.99504	-92.949318
38.995857	-92.949298
38.999328	-92.949151
39.000119	-92.949118
39.001491	-92.949066
39.001972	-92.949048
39.002307	-92.949035
39.0054	-92.948912
39.005887	-92.948892
39.006795	-92.948842
39.007254	-92.94877
39.007703	-92.948646
39.008759	-92.948196
39.01033	-92.947521
39.010707	-92.947388
39.011093	-92.947312
39.011342	-92.947297
39.011648	-92.947322
39.012249	-92.947405
39.013655	-92.947635
39.014597	-92.947796
39.014877	-92.94786
39.01531	-92.947919
39.016223	-92.948075
39.017553	-92.948289
39.017735	-92.948313
39.018094	-92.948359
39.018499	-92.948396
39.018911	-92.948407
39.020445	-92.948413
39.023417	-92.9484
39.023529	-92.948399
39.027599	-92.948268
39.029446	-92.948219
39.030848	-92.948201
39.032838	-92.948147
39.036143	-92.94803
39.036427	-92.948015
39.042878	-92.947669
39.045625	-92.947466
39.048837	-92.947292
39.049432	-92.94726
39.049496	-92.947256
39.054748	-92.946834
39.055042	-92.946811
39.055586	-92.946763
39.057317	-92.946634
39.057925	-92.946567
39.058204	-92.946486
39.05856	-92.946363
39.058612	-92.946345
39.059259	-92.946076
39.060357	-92.945639
39.060455	-92.945599
39.060725	-92.945539
39.060916	-92.945512
39.061225	-92.945505
39.061455	-92.945538
39.061637	-92.945578
39.061858	-92.945658
39.062073	-92.945745
39.063197	-92.946429
39.06324	-92.94646
39.064173	-92.947132
39.065223	-92.947763
39.065718	-92.948147
39.066052	-92.948436
39.066373	-92.948799
39.066563	-92.94901
39.067141	-92.949694
39.06749	-92.950076
39.067527	-92.950113
39.067657	-92.950243
39.067858	-92.950418
39.068039	-92.950552
39.068216	-92.950672
39.068399	-92.950779
39.068786	-92.950996
39.068957	-92.951098
39.068995	-92.951121
39.069156	-92.951239
39.069196	-92.951269
39.069427	-92.95147
39.069487	-92.951538
39.069599	-92.951664
39.069771	-92.951881
39.069796	-92.951912
39.069958	-92.952167
39.070085	-92.952435
39.070104	-92.952483
39.070198	-92.952718
39.070246	-92.952856
39.070576	-92.953812
39.070624	-92.953951
39.070782	-92.954408
39.071155	-92.955535
39.071312	-92.955951
39.07142	-92.956212
39.071548	-92.956481
39.0717	-92.956742
39.071877	-92.95701
39.072078	-92.957272
39.072392	-92.957634
39.072963	-92.958222
39.073604	-92.958869
39.074065	-92.959324
39.074123	-92.959376
39.074492	-92.959707
39.074727	-92.959881
39.074967	-92.960035
39.075163	-92.960136
39.075374	-92.96023
39.07555	-92.960288
39.075855	-92.960383
39.075924	-92.960394
39.076758	-92.960531
39.077229	-92.960617
39.077508	-92.960691
39.077739	-92.960778
39.078121	-92.960959
39.078352	-92.961114
39.07843	-92.961167
39.078754	-92.961415
39.079097	-92.961744
39.079426	-92.962159
39.079437	-92.962178
39.079656	-92.962515
39.079877	-92.962917
39.080035	-92.963273
39.080142	-92.963541
39.080246	-92.963871
39.080334	-92.964213
39.080393	-92.964542
39.080437	-92.964985
39.080562	-92.966828
39.080599	-92.967649
39.080659	-92.968763
39.080807	-92.971802
39.080935	-92.974104
39.080999	-92.975118
39.081068	-92.976399
39.081137	-92.977828
39.081166	-92.978325
39.08121	-92.978734
39.081294	-92.97913
39.081402	-92.979593
39.081505	-92.979882
39.081622	-92.980171
39.081789	-92.980513
39.082963	-92.982656
39.08497	-92.986318
39.085326	-92.986966
39.086626	-92.989336
39.087156	-92.990283
39.088068	-92.991932
39.088392	-92.992517
39.088921	-92.993497
39.089117	-92.99394
39.089245	-92.994295
39.089343	-92.994651
39.089426	-92.995081
39.08948	-92.995463
39.089505	-92.995806
39.089515	-92.996242
39.089515	-92.996509
39.089503	-92.999275
39.089503	-92.999275
39.0895	-93.000014
39.089475	-93.000981
39.08947	-93.001999
39.089453	-93.003447
39.089448	-93.005124
39.089435	-93.006594
39.089418	-93.007937
39.089413	-93.008803
39.089422	-93.009446
39.089444	-93.009804
39.08947	-93.010084
39.089511	-93.01036
39.089518	-93.010408
39.089579	-93.010687
39.089648	-93.010961
39.089762	-93.011353
39.090062	-93.012426
39.090408	-93.013595
39.090441	-93.013706
39.0912	-93.016318
39.091265	-93.016553
39.091352	-93.016922
39.091409	-93.017218
39.091456	-93.017593
39.091469	-93.017973
39.091491	-93.019326
39.0915	-93.019723
39.091513	-93.020271
39.091539	-93.021731
39.091551	-93.022636
39.091564	-93.023374
39.091587	-93.024531
39.091595	-93.024957
39.091634	-93.025449
39.091695	-93.025829
39.091756	-93.026115
39.091838	-93.026439
39.091934	-93.02673
39.092056	-93.027043
39.092165	-93.027283
39.09227	-93.027496
39.092387	-93.027703
39.09257	-93.028005
39.092914	-93.028542
39.093161	-93.028938
39.09423	-93.030649
39.094704	-93.031402
39.094932	-93.031764
39.095406	-93.032535
39.096154	-93.033732
39.096583	-93.034426
39.097158	-93.035326
39.097442	-93.035813
39.097776	-93.036321
39.098181	-93.036964
39.098442	-93.037401
39.098691	-93.037882
39.098908	-93.038351
39.099096	-93.038805
39.099266	-93.039252
39.099431	-93.039778
39.099622	-93.040527
39.101041	-93.046293
39.101302	-93.047384
39.101664	-93.04881
39.102038	-93.050342
39.102693	-93.052995
39.103437	-93.056013
39.103761	-93.057328
39.103864	-93.057732
39.104304	-93.059454
39.104485	-93.060196
39.104712	-93.061121
39.105057	-93.062524
39.1051	-93.062711
39.105204	-93.063159
39.105354	-93.063727
39.105427	-93.064004
39.105717	-93.065215
39.105823	-93.065637
39.106186	-93.067134
39.1062	-93.067191
39.106864	-93.06987
39.107283	-93.07163
39.10758	-93.072827
39.107621	-93.073016
39.107621	-93.073016
39.107682	-93.073293
39.107841	-93.073859
39.10798	-93.074282
39.108098	-93.074617
39.108372	-93.075201
39.108596	-93.075589
39.108762	-93.075859
39.108975	-93.076164
39.109219	-93.076473
39.109581	-93.076869
39.109879	-93.077149
39.11033	-93.077559
39.110767	-93.077981
39.111576	-93.078722
39.11183	-93.078966
39.112135	-93.079241
39.112318	-93.079433
39.112501	-93.079603
39.112653	-93.079781
39.112751	-93.079903
39.11286	-93.080052
39.113012	-93.080309
39.113178	-93.08068
39.113242	-93.08088
39.11327	-93.080979
39.113306	-93.081111
39.113374	-93.081516
39.113441	-93.082186
39.113525	-93.083153
39.113576	-93.083651
39.113593	-93.083815
39.113677	-93.084777
39.113808	-93.086115
39.113879	-93.086811
39.113922	-93.087225
39.11399	-93.087817
39.114096	-93.088871
39.114352	-93.091558
39.114411	-93.092123
39.114449	-93.092516
39.114537	-93.093095
39.114638	-93.093583
39.114736	-93.093984
39.114888	-93.094546
39.115057	-93.095112
39.115175	-93.09546
39.115338	-93.095914
39.115466	-93.096223
39.115852	-93.097055
39.11636	-93.09806
39.116394	-93.098128
39.1166	-93.098554
39.117098	-93.099534
39.117253	-93.09984
39.117799	-93.100947
39.118146	-93.101653
39.118454	-93.102258
39.119092	-93.103539
39.120284	-93.10598
39.120538	-93.106511
39.12088	-93.10717
39.121055	-93.107506
39.121228	-93.107859
39.121417	-93.108281
39.121497	-93.108471
39.121651	-93.108839
39.121911	-93.109488
39.122218	-93.11024
39.122382	-93.110643
39.122473	-93.110865
39.122736	-93.111536
39.122986	-93.11215
39.123605	-93.113728
39.123896	-93.114508
39.123996	-93.11479
39.124511	-93.116247
39.124629	-93.116535
39.124765	-93.116818
39.124863	-93.116992
39.124983	-93.117176
39.125214	-93.117489
39.125392	-93.117691
39.125623	-93.117915
39.125893	-93.118128
39.126255	-93.118375
39.126019	-93.119062
39.125896	-93.1197
39.125843	-93.120276
39.125831	-93.120944
39.125854	-93.121399
39.125919	-93.121991
39.126074	-93.122893
39.127084	-93.128773
39.127585	-93.131451
39.127761	-93.132407
39.12781	-93.132793
39.12781	-93.132793
39.128091	-93.135017
39.128157	-93.13564
39.128291	-93.137162
39.12908	-93.146153
39.12934	-93.14926
39.129573	-93.151802
39.129904	-93.155684
39.129944	-93.156182
39.130009	-93.156734
39.130082	-93.157445
39.13033	-93.160041
39.130381	-93.160803
39.130485	-93.162608
39.130549	-93.163591
39.130624	-93.164452
39.130677	-93.165037
39.130785	-93.166135
39.130904	-93.166784
39.131261	-93.168354
39.131443	-93.169076
39.131776	-93.170015
39.132583	-93.172315
39.134366	-93.177325
39.134603	-93.178011
39.134786	-93.17888
39.134961	-93.179975
39.134998	-93.18051
39.135023	-93.18138
39.135007	-93.182045
39.134939	-93.182818
39.134858	-93.183413
39.134627	-93.184576
39.134256	-93.186144
39.133915	-93.187658
39.133523	-93.189601
39.132994	-93.192069
39.132529	-93.194356
39.13108	-93.201384
39.130884	-93.202356
39.130732	-93.203281
39.130603	-93.204338
39.130529	-93.205169
39.130476	-93.205992
39.130429	-93.206978
39.130383	-93.208332
39.130351	-93.211536
39.130338	-93.215623
39.130336	-93.216836
39.130301	-93.217352
39.130248	-93.217838
39.130099	-93.218526
39.12991	-93.219079
39.132513	-93.221547
39.133021	-93.222025
39.134978	-93.223919
39.135282	-93.224267
39.135504	-93.224598
39.135682	-93.224957
39.136561	-93.226801
39.137882	-93.229576
39.139564	-93.233105
39.139564	-93.233105
39.139703	-93.233397
39.140041	-93.233995
39.140236	-93.2343
39.140838	-93.235051
39.142934	-93.237679
39.145094	-93.240306
39.14889	-93.245976
39.153445	-93.252736
39.153863	-93.253403
39.154042	-93.25389
39.158708	-93.266368
39.161442	-93.273669
39.163123	-93.278902
39.16368	-93.280313
39.163988	-93.280929
39.164793	-93.282199
39.166474	-93.28461
39.167558	-93.286213
39.169559	-93.289031
39.170671	-93.290651
39.170979	-93.29119
39.171208	-93.291729
39.173241	-93.29719
39.174323	-93.300056
39.174617	-93.300601
39.174823	-93.300981
39.175638	-93.301997
39.176152	-93.302514
39.17894	-93.305085
39.182184	-93.308128
39.187745	-93.312544
39.189172	-93.313761
39.189838	-93.314505
39.190345	-93.315198
39.190878	-93.316138
39.19125	-93.317289
39.191538	-93.318674
39.191558	-93.31988
39.191611	-93.321179
39.191611	-93.321179
39.191845	-93.326874
39.192355	-93.339383
39.192622	-93.345488
39.192698	-93.347241
39.192701	-93.347316
39.192998	-93.353915
39.193233	-93.359137
39.19326	-93.359815
39.193311	-93.361216
39.193318	-93.361364
39.193381	-93.362909
39.193478	-93.365977
39.193548	-93.367643
39.193582	-93.368308
39.193977	-93.374699
39.194445	-93.384037
39.194447	-93.384092
39.194735	-93.389889
39.19524	-93.403495
39.1952	-93.404072
39.195082	-93.404659
39.194136	-93.407885
39.194	-93.408625
39.193959	-93.40951
39.194077	-93.412591
39.194136	-93.413445
39.194278	-93.414368
39.195815	-93.420043
39.195921	-93.420683
39.196107	-93.426411
39.196134	-93.427108
39.196288	-93.427822
39.196619	-93.428699
39.197529	-93.430499
39.200021	-93.435672
39.202904	-93.441639
39.203529	-93.442933
39.203813	-93.443631
39.203925	-93.444209
39.20397	-93.444932
39.203975	-93.4456
39.20401	-93.451576
39.203988	-93.452068
39.203771	-93.452783
39.20286	-93.454543
39.202569	-93.455195
39.20245	-93.455749
39.202429	-93.456184
39.20252	-93.458841
39.202679	-93.463713
39.202996	-93.473363
39.203143	-93.477879
39.203146	-93.479666
39.203019	-93.480899
39.202837	-93.482296
39.200847	-93.493325
39.200763	-93.494259
39.200763	-93.494547
39.200763	-93.494547
39.200763	-93.49532
39.200883	-93.496155
39.201101	-93.497098
39.201375	-93.497842
39.201761	-93.498586
39.202436	-93.499601
39.204737	-93.502694
39.204884	-93.502892
39.204694	-93.503129
39.202764	-93.505531
39.20303	-93.506099
39.203808	-93.507599
39.203921	-93.507821
39.203921	-93.507821
39.204221	-93.508412
39.204315	-93.508587
39.204523	-93.508976
39.204704	-93.509277
39.204877	-93.509536
39.205222	-93.509978
39.205479	-93.510287
39.205913	-93.510802
39.206361	-93.511328
39.206747	-93.511781
39.206958	-93.512068
39.207059	-93.512249
39.20713	-93.512404
39.207243	-93.51277
39.207302	-93.513064
39.207335	-93.513419
39.207354	-93.513792
39.207366	-93.514353
39.20739	-93.514962
39.207426	-93.516177
39.207504	-93.517524
39.207507	-93.518192
39.207505	-93.51871
39.207504	-93.518831
39.20747	-93.519662
39.207439	-93.52
39.207385	-93.520615
39.207329	-93.521139
39.207286	-93.521527
39.207263	-93.521741
39.207161	-93.522665
39.20712	-93.523031
39.207029	-93.523916
39.207006	-93.524145
39.206949	-93.524853
39.206933	-93.524982
39.206905	-93.525222
39.206878	-93.526062
39.206874	-93.526176
39.20683	-93.527558
39.206815	-93.527639
39.206731	-93.527984
39.206579	-93.528529
39.206422	-93.52892
39.206074	-93.529616
39.20532	-93.530979
39.204967	-93.531627
39.20459	-93.53232
39.204389	-93.532679
39.204239	-93.532947
39.204043	-93.533298
39.203373	-93.534524
39.20277	-93.535674
39.201051	-93.538783
39.20043	-93.539948
39.200152	-93.540554
39.199994	-93.541092
39.19989	-93.541599
39.199816	-93.542098
39.199801	-93.542537
39.199822	-93.543189
39.199829	-93.544197
39.199854	-93.54526
39.199854	-93.54526
39.199851	-93.545635
39.19985	-93.545838
39.199845	-93.546442
39.199843	-93.546757
39.199865	-93.547219
39.199928	-93.547812
39.20008	-93.548421
39.200287	-93.548923
39.200507	-93.549286
39.200745	-93.549558
39.201084	-93.549891
39.201421	-93.550197
39.20176	-93.550554
39.201938	-93.550817
39.20214	-93.551211
39.202276	-93.551581
39.202393	-93.552021
39.202451	-93.552545
39.202449	-93.552968
39.202408	-93.553866
39.202375	-93.554735
39.202349	-93.555319
39.20223	-93.557643
39.202103	-93.560297
39.202048	-93.561782
39.201966	-93.563514
39.201868	-93.565588
39.201822	-93.56695
39.201794	-93.567484
39.201747	-93.568339
39.201573	-93.571864
39.201511	-93.57361
39.201507	-93.573965
39.201499	-93.574672
39.201611	-93.577743
39.201665	-93.578829
39.20169	-93.57988
39.201705	-93.580515
39.201716	-93.580794
39.201737	-93.581323
39.201751	-93.582039
39.201725	-93.582447
39.201687	-93.582901
39.201634	-93.583799
39.201606	-93.584499
39.201541	-93.585668
39.201406	-93.587468
39.201252	-93.589589
39.201107	-93.591809
39.201019	-93.593051
39.200748	-93.59724
39.200678	-93.598363
39.200676	-93.598402
39.2006	-93.599294
39.200513	-93.599832
39.200366	-93.600415
39.20025	-93.600791
39.200117	-93.601198
39.200014	-93.601451
39.199832	-93.601834
39.199192	-93.603014
39.19909	-93.603198
39.198203	-93.604811
39.197695	-93.605692
39.196796	-93.607308
39.195662	-93.609388
39.195168	-93.610247
39.194761	-93.610983
39.194249	-93.611908
39.194024	-93.612419
39.194	-93.612521
39.193836	-93.613066
39.193737	-93.613604
39.193693	-93.61395
39.193685	-93.61435
39.193639	-93.615884
39.193588	-93.617618
39.193499	-93.621699
39.19345	-93.62317
39.193447	-93.623909
39.193461	-93.624594
39.193494	-93.625064
39.193695	-93.626573
39.193892	-93.627921
39.194077	-93.629254
39.194365	-93.631252
39.194764	-93.634084
39.194917	-93.63511
39.195022	-93.635814
39.195245	-93.637296
39.195365	-93.638251
39.19548	-93.639129
39.195575	-93.640346
39.19559	-93.64076
39.195602	-93.641074
39.195617	-93.6417
39.195626	-93.642059
39.195637	-93.643306
39.1957	-93.647037
39.19572	-93.648921
39.195769	-93.653649
39.195809	-93.656488
39.195845	-93.657558
39.195871	-93.659404
39.19587	-93.65972
39.195867	-93.660335
39.195868	-93.660912
39.195915	-93.663152
39.19594	-93.664068
39.19594	-93.665241
39.195942	-93.665868
39.195964	-93.66713
39.195949	-93.668287
39.195933	-93.669546
39.195936	-93.669813
39.195941	-93.670231
39.195986	-93.671754
39.19598	-93.672724
39.195991	-93.673986
39.195973	-93.674453
39.195963	-93.674724
39.195954	-93.674818
39.195905	-93.67534
39.195831	-93.675754
39.195733	-93.676138
39.195623	-93.676484
39.195435	-93.676967
39.195102	-93.677874
39.195013	-93.678117
39.194666	-93.679075
39.194435	-93.679834
39.194209	-93.680632
39.194	-93.681446
39.193792	-93.682291
39.193656	-93.682997
39.193563	-93.68355
39.193406	-93.684548
39.193307	-93.685337
39.193289	-93.685516
39.193229	-93.686178
39.19317	-93.686977
39.193129	-93.687793
39.19312	-93.688351
39.193104	-93.688849
39.193089	-93.689478
39.193074	-93.690208
39.193048	-93.691362
39.193005	-93.692604
39.192979	-93.693543
39.19294	-93.694462
39.192939	-93.694538
39.192929	-93.695216
39.192896	-93.69577
39.192808	-93.696446
39.192722	-93.696899
39.192597	-93.697413
39.192432	-93.698027
39.192315	-93.698549
39.192162	-93.699147
39.191991	-93.699715
39.191905	-93.700068
39.191807	-93.700514
39.191666	-93.701112
39.191545	-93.701534
39.191545	-93.701534
39.191501	-93.701688
39.191397	-93.702118
39.191171	-93.703246
39.191037	-93.70376
39.190884	-93.704266
39.190673	-93.705154
39.190638	-93.705303
39.190498	-93.70585
39.190301	-93.706623
39.190117	-93.707414
39.190025	-93.707828
39.189956	-93.708312
39.189784	-93.709725
39.189715	-93.710379
39.189656	-93.711094
39.18938	-93.713661
39.189301	-93.714461
39.18925	-93.714953
39.189229	-93.715368
39.189206	-93.716052
39.189196	-93.716744
39.189228	-93.718217
39.189248	-93.719103
39.189295	-93.720931
39.189332	-93.722201
39.189335	-93.722316
39.189371	-93.723224
39.189374	-93.723717
39.189376	-93.72419
39.18941	-93.726018
39.189427	-93.726561
39.189464	-93.727788
39.189505	-93.728903
39.189536	-93.729619
39.189599	-93.730143
39.189621	-93.730302
39.189626	-93.73034
39.189667	-93.730644
39.189851	-93.7319
39.18996	-93.732679
39.190065	-93.733473
39.190115	-93.73431
39.190123	-93.735126
39.190073	-93.735855
39.190036	-93.736429
39.18996	-93.737266
39.189865	-93.738323
39.189791	-93.739149
39.189707	-93.739771
39.189606	-93.740392
39.189513	-93.740907
39.189412	-93.741328
39.189266	-93.741827
39.188996	-93.742816
39.188761	-93.743644
39.188525	-93.744443
39.188194	-93.74564
39.187505	-93.748063
39.186954	-93.749973
39.186349	-93.75213
39.185974	-93.753467
39.185726	-93.754375
39.185304	-93.755825
39.18519	-93.75623
39.184751	-93.757793
39.184387	-93.758977
39.184015	-93.760455
39.183592	-93.761998
39.18252	-93.765718
39.182422	-93.766065
39.182176	-93.76694
39.181304	-93.770042
39.180922	-93.771375
39.180622	-93.772401
39.18045	-93.773001
39.179584	-93.776029
39.179308	-93.776995
39.179041	-93.777958
39.178922	-93.778383
39.178804	-93.77894
39.178735	-93.779393
39.178684	-93.779878
39.178675	-93.780339
39.178702	-93.780732
39.178735	-93.781117
39.178797	-93.781741
39.179179	-93.784806
39.179269	-93.785661
39.179294	-93.78585
39.179331	-93.786131
39.179444	-93.78714
39.179507	-93.787626
39.179625	-93.788727
39.179655	-93.789107
39.179673	-93.789551
39.179676	-93.791841
39.179687	-93.792896
39.179694	-93.793634
39.179692	-93.795618
39.179698	-93.796556
39.179691	-93.797595
39.179709	-93.798334
39.17976	-93.798765
39.179812	-93.799081
39.179887	-93.799366
39.179899	-93.799413
39.180005	-93.799714
39.180117	-93.799977
39.180681	-93.801143
39.181244	-93.802266
39.181508	-93.802791
39.181802	-93.803425
39.18202	-93.803905
39.182226	-93.804469
39.182366	-93.804924
39.182371	-93.804945
39.182486	-93.805428
39.18252	-93.80557
39.1826	-93.806048
39.182674	-93.806626
39.182706	-93.80715
39.182704	-93.807534
39.182694	-93.808011
39.182661	-93.808457
39.182584	-93.809226
39.182513	-93.810017
39.182448	-93.810809
39.182401	-93.811491
39.182372	-93.812122
39.182235	-93.813859
39.182137	-93.814997
39.182001	-93.816385
39.181967	-93.816954
39.181939	-93.817531
39.181936	-93.817947
39.181964	-93.818278
39.181998	-93.818547
39.182038	-93.818771
39.182115	-93.819044
39.182243	-93.819538
39.18236	-93.819939
39.182477	-93.820364
39.182612	-93.820773
39.182845	-93.821576
39.183131	-93.822587
39.183247	-93.823066
39.183294	-93.823228
39.18331	-93.82329
39.183428	-93.823745
39.183726	-93.824772
39.183916	-93.825396
39.184096	-93.826121
39.184347	-93.827001
39.184611	-93.827874
39.184785	-93.828599
39.184941	-93.829317
39.185038	-93.830265
39.185066	-93.83054
39.185109	-93.831172
39.185155	-93.832303
39.185189	-93.833312
39.185187	-93.833604
39.185185	-93.833906
39.185183	-93.834095
39.185174	-93.834689
39.185189	-93.835051
39.185252	-93.836227
39.185254	-93.836349
39.185273	-93.837435
39.185305	-93.839246
39.185311	-93.839427
39.185289	-93.840064
39.185263	-93.840505
39.185212	-93.840912
39.185144	-93.841296
39.185046	-93.841641
39.184884	-93.842216
39.184707	-93.842685
39.183645	-93.845319
39.183536	-93.845592
39.183519	-93.84563
39.183493	-93.84569
39.183363	-93.846007
39.182981	-93.846945
39.182408	-93.848374
39.182406	-93.848378
39.182073	-93.849213
39.181952	-93.849517
39.181946	-93.849533
39.181919	-93.849601
39.181769	-93.849985
39.181249	-93.851325
39.180798	-93.852236
39.180591	-93.852587
39.180354	-93.85299
39.179693	-93.853856
39.174428	-93.859774
39.173799	-93.860613
39.173295	-93.86147
39.172734	-93.862615
39.170414	-93.868426
39.169454	-93.870573
39.169025	-93.871552
39.168507	-93.87231
39.165943	-93.875429
39.165084	-93.87662
39.164666	-93.877401
39.164113	-93.87882
39.163804	-93.879836
39.163738	-93.880052
39.163388	-93.881202
39.162237	-93.884987
39.160637	-93.890404
39.160544	-93.890688
39.159878	-93.892726
39.159258	-93.89431
39.157932	-93.898711
39.15747	-93.900036
39.156337	-93.902021
39.154706	-93.905009
39.15386	-93.90664
39.153334	-93.908116
39.152454	-93.911076
39.151522	-93.914379
39.151241	-93.915375
39.151148	-93.915707
39.150781	-93.916945
39.150227	-93.919114
39.14998	-93.919803
39.149599	-93.921162
39.14904	-93.923159
39.147931	-93.927079
39.147542	-93.928236
39.14671	-93.931275
39.146595	-93.93166
39.146162	-93.933052
39.145734	-93.934339
39.145081	-93.935564
39.144281	-93.936639
39.143409	-93.937554
39.138936	-93.94156
39.138283	-93.942186
39.135314	-93.944788
39.133899	-93.946319
39.130603	-93.950696
39.128861	-93.9531
39.128544	-93.953712
39.128084	-93.95477
39.126746	-93.960075
39.126256	-93.962691
39.126071	-93.964017
39.125717	-93.970621
39.125619	-93.971623
39.125427	-93.972683
39.124932	-93.974495
39.124482	-93.975879
39.12253	-93.981737
39.122473	-93.982052
39.122452	-93.982191
39.122429	-93.982369
39.12242	-93.982463
39.122425	-93.982561
39.122452	-93.982675
39.122501	-93.982798
39.122527	-93.982828
39.122561	-93.982891
39.122579	-93.982964
39.122578	-93.98304
39.12256	-93.983113
39.122534	-93.983162
39.122501	-93.983202
39.122442	-93.983292
39.122333	-93.98355
39.122238	-93.983823
39.122179	-93.984046
39.122126	-93.984304
39.122086	-93.984485
39.122079	-93.984788
39.122079	-93.986311
39.122075	-93.991041
39.122046	-93.997046
39.122009	-94.000161
39.122	-94.001931
39.121759	-94.003551
39.121384	-94.004914
39.119784	-94.009557
39.119197	-94.011233
39.116715	-94.018322
39.114768	-94.023884
39.114509	-94.02522
39.114422	-94.026565
39.114434	-94.030266
39.114683	-94.042463
39.114736	-94.04517
39.114791	-94.046778
39.11489	-94.048105
39.115212	-94.050539
39.116404	-94.059033
39.116701	-94.060819
39.116934	-94.062363
39.117033	-94.063171
39.117033	-94.063171
39.117137	-94.064028
39.11747	-94.066185
39.117961	-94.068867
39.11895	-94.073043
39.120259	-94.078695
39.120633	-94.080079
39.122357	-94.087194
39.122922	-94.089735
39.124137	-94.095249
39.124338	-94.096122
39.124912	-94.09863
39.125995	-94.103492
39.126273	-94.104544
39.126991	-94.107668
39.127238	-94.108871
39.127363	-94.109472
39.127585	-94.110432
39.128539	-94.114781
39.129469	-94.119264
39.132126	-94.131692
39.132441	-94.133118
39.134404	-94.141851
39.135145	-94.14514
39.135353	-94.146064
39.135475	-94.146607
39.136197	-94.149809
39.136583	-94.151573
39.136677	-94.152436
39.136653	-94.15318
39.136517	-94.154672
39.136431	-94.155559
39.135997	-94.160091
39.134894	-94.170821
39.134337	-94.176607
39.134275	-94.177291
39.134369	-94.17812
39.134499	-94.178929
39.134823	-94.17987
39.135546	-94.181205
39.135888	-94.181843
39.136806	-94.183603
39.137171	-94.184475
39.137465	-94.185484
39.137542	-94.186091
39.137635	-94.186903
39.137608	-94.187924
39.137616	-94.188149
39.137665	-94.189517
39.137724	-94.190842
39.137745	-94.191409
39.137763	-94.191866
39.137795	-94.192715
39.13781	-94.193107
39.137815	-94.193256
39.137833	-94.193733
39.137855	-94.194357
39.137865	-94.194609
39.13789	-94.195297
39.137923	-94.196211
39.13796	-94.196934
39.137965	-94.197059
39.137982	-94.197494
39.137994	-94.197786
39.137999	-94.197906
39.138034	-94.198759
39.138054	-94.199293
39.13808	-94.199972
39.138047	-94.201024
39.138118	-94.201706
39.138164	-94.202821
39.138176	-94.203165
39.138237	-94.204876
39.138289	-94.206351
39.138298	-94.206637
39.138409	-94.209786
39.138421	-94.210142
39.138442	-94.210682
39.138514	-94.212484
39.138535	-94.212985
39.138651	-94.215909
39.138953	-94.225291
39.139104	-94.229951
39.139216	-94.23406
39.139216	-94.23406
39.139243	-94.235053
39.139291	-94.238006
39.139382	-94.243586
39.139515	-94.248706
39.139671	-94.254757
39.139748	-94.25785
39.139712	-94.258533
39.139612	-94.259064
39.139471	-94.25961
39.139077	-94.260619
39.138309	-94.262733
39.136717	-94.267052
39.136541	-94.267826
39.136464	-94.268562
39.136476	-94.269313
39.136558	-94.272743
39.13668	-94.279558
39.136736	-94.28197
39.13679	-94.285132
39.13679	-94.285655
39.136735	-94.286599
39.136641	-94.287452
39.136301	-94.291079
39.136279	-94.291309
39.13624	-94.291728
39.136181	-94.292838
39.13622	-94.295096
39.136445	-94.303527
39.136592	-94.308406
39.136626	-94.309662
39.136591	-94.311827
39.136577	-94.312135
39.136626	-94.313343
39.136661	-94.314317
39.136731	-94.316699
39.136751	-94.317727
39.136741	-94.317913
39.13673	-94.318058
39.13672	-94.318204
39.136709	-94.318353
39.136695	-94.318489
39.136678	-94.318624
39.136662	-94.318768
39.136646	-94.318913
39.136629	-94.319052
39.136608	-94.319183
39.136587	-94.319319
39.136561	-94.319461
39.136538	-94.319596
39.136512	-94.31974
39.136454	-94.320011
39.136389	-94.320286
39.136325	-94.320548
39.136249	-94.320816
39.136167	-94.321078
39.13608	-94.321353
39.135987	-94.321612
39.135888	-94.32187
39.135821	-94.322035
39.135736	-94.322246
39.135641	-94.322492
39.13554	-94.322745
39.135438	-94.323003
39.13534	-94.32325
39.135241	-94.323512
39.134753	-94.324765
39.134613	-94.325126
39.134525	-94.325365
39.134484	-94.325487
39.134445	-94.325608
39.134409	-94.325734
39.134375	-94.325862
39.134343	-94.325989
39.13431	-94.32612
39.134284	-94.326249
39.134255	-94.326381
39.134233	-94.326505
39.134211	-94.326629
39.13419	-94.326763
39.134168	-94.326918
39.134159	-94.327016
39.134136	-94.327242
39.134126	-94.327365
39.134116	-94.327502
39.134111	-94.327639
39.134107	-94.32777
39.134106	-94.327905
39.134106	-94.328037
39.134105	-94.328172
39.13411	-94.328302
39.134115	-94.328436
39.134124	-94.328573
39.134134	-94.328701
39.134206	-94.329669
39.134339	-94.331468
39.134366	-94.331873
39.134397	-94.332268
39.134428	-94.33271
39.134462	-94.333203
39.13449	-94.333594
39.134513	-94.333992
39.134535	-94.334393
39.134548	-94.334656
39.13456	-94.334922
39.134571	-94.335185
39.134579	-94.335466
39.13459	-94.335728
39.134594	-94.336033
39.134607	-94.33652
39.134616	-94.33679
39.134623	-94.337319
39.134628	-94.338378
39.134621	-94.338806
39.134617	-94.339373
39.134612	-94.339619
39.134602	-94.340073
39.134593	-94.340495
39.134592	-94.34057
39.13459	-94.340729
39.134569	-94.341278
39.134541	-94.341986
39.134459	-94.344377
39.13445	-94.344522
39.134441	-94.34467
39.13443	-94.344812
39.134419	-94.344957
39.134401	-94.345091
39.134383	-94.345233
39.134361	-94.345377
39.134334	-94.345512
39.134307	-94.345651
39.134276	-94.345781
39.134238	-94.345917
39.1342	-94.346054
39.134159	-94.346182
39.134115	-94.346314
39.13407	-94.346442
39.134015	-94.346573
39.13396	-94.346699
39.13393	-94.34674
39.133888	-94.346785
39.133831	-94.346839
39.133774	-94.346956
39.13372	-94.347061
39.133658	-94.347175
39.13359	-94.347294
39.133529	-94.347403
39.133439	-94.347549
39.133302	-94.347767
39.132968	-94.348319
39.132868	-94.348484
39.132773	-94.348638
39.132689	-94.348785
39.132416	-94.349229
39.132309	-94.349402
39.131605	-94.350561
39.131597	-94.350574
39.131552	-94.350647
39.131552	-94.350647
39.131184	-94.351243
39.130832	-94.351831
39.130493	-94.352394
39.129184	-94.354531
39.128664	-94.355388
39.128388	-94.355842
39.128037	-94.356412
39.127844	-94.356725
39.127733	-94.356891
39.127624	-94.35709
39.127445	-94.357393
39.127257	-94.357704
39.126758	-94.358519
39.126347	-94.359194
39.126098	-94.359602
39.125845	-94.360017
39.125287	-94.360933
39.124984	-94.361446
39.12481	-94.361698
39.124561	-94.362124
39.124416	-94.362373
39.12424	-94.362675
39.124063	-94.362977
39.12398	-94.36313
39.12371	-94.363629
39.123699	-94.363649
39.123379	-94.364248
39.123219	-94.364568
39.122936	-94.365136
39.122923	-94.365162
39.122524	-94.365986
39.122518	-94.365998
39.122201	-94.366695
39.12219	-94.36672
39.121943	-94.367289
39.12191	-94.367365
39.12181	-94.367607
39.121699	-94.367878
39.121688	-94.367906
39.121559	-94.36822
39.121467	-94.36845
39.121403	-94.36861
39.121336	-94.368772
39.121265	-94.368978
39.121183	-94.369198
39.121071	-94.369496
39.121046	-94.369561
39.120885	-94.36999
39.120705	-94.370514
39.120587	-94.370872
39.120515	-94.371088
39.12047	-94.371233
39.120403	-94.37145
39.120364	-94.371573
39.120296	-94.371793
39.120112	-94.37242
39.119971	-94.372902
39.119943	-94.372997
39.119874	-94.373234
39.119738	-94.373735
39.119702	-94.373874
39.119647	-94.37409
39.119582	-94.374321
39.119513	-94.374568
39.119466	-94.374748
39.119449	-94.374813
39.119396	-94.375018
39.119351	-94.375194
39.119318	-94.375321
39.119282	-94.375459
39.119222	-94.375664
39.119101	-94.376084
39.118827	-94.377156
39.118684	-94.377689
39.11865	-94.377805
39.118615	-94.37794
39.118578	-94.378091
39.118565	-94.378153
39.118552	-94.378217
39.118518	-94.378356
39.118478	-94.378604
39.118454	-94.37875
39.118436	-94.378882
39.118419	-94.379004
39.118384	-94.379246
39.118329	-94.37973
39.118294	-94.380026
39.118222	-94.380686
39.118121	-94.381557
39.118112	-94.381624
39.118093	-94.381767
39.118072	-94.381898
39.11805	-94.382017
39.118025	-94.382146
39.118031	-94.38217
39.117974	-94.382406
39.117938	-94.382548
39.117909	-94.382672
39.117897	-94.382724
39.117883	-94.382784
39.117835	-94.382967
39.117841	-94.383047
39.117835	-94.383142
39.117808	-94.383265
39.117732	-94.383538
39.117657	-94.383796
39.117604	-94.383968
39.117528	-94.384172
39.117497	-94.38425
39.117438	-94.384383
39.117384	-94.384511
39.117329	-94.384629
39.117269	-94.38475
39.117208	-94.384869
39.117142	-94.384983
39.117068	-94.385105
39.117031	-94.385171
39.116934	-94.385329
39.116819	-94.385496
39.11675	-94.385598
39.116672	-94.385694
39.116589	-94.385801
39.11652	-94.385885
39.11643	-94.385988
39.116345	-94.386093
39.11628	-94.386168
39.116239	-94.386216
39.116198	-94.386237
39.116144	-94.386252
39.115938	-94.386518
39.115735	-94.38678
39.115574	-94.386988
39.115358	-94.387257
39.115284	-94.387349
39.115187	-94.387473
39.114955	-94.387771
39.114843	-94.387916
39.114815	-94.387952
39.114678	-94.388129
39.114455	-94.388421
39.114363	-94.388541
39.114135	-94.388843
39.113975	-94.389049
39.113863	-94.389189
39.113817	-94.389248
39.11375	-94.389324
39.113666	-94.389421
39.113571	-94.389517
39.11349	-94.389599
39.113382	-94.389701
39.113309	-94.389769
39.113185	-94.38987
39.113116	-94.389926
39.112919	-94.390063
39.112818	-94.390125
39.11279	-94.390142
39.112732	-94.390178
39.112518	-94.390296
39.112473	-94.390316
39.11232	-94.390384
39.112098	-94.390468
39.111836	-94.390565
39.111793	-94.390581
39.111478	-94.390693
39.111263	-94.390768
39.111122	-94.390825
39.110843	-94.390921
39.110631	-94.390999
39.11041	-94.391084
39.110215	-94.391153
39.110004	-94.391228
39.109925	-94.391257
39.109794	-94.391305
39.109776	-94.391312
39.109672	-94.391349
39.109589	-94.39138
39.109368	-94.391459
39.109162	-94.391537
39.108947	-94.391612
39.10875	-94.391688
39.108672	-94.391714
39.108576	-94.391745
39.108553	-94.391754
39.108553	-94.391754
39.1083	-94.391849
39.108117	-94.391914
39.107954	-94.391973
39.107664	-94.392077
39.107565	-94.39211
39.107456	-94.392155
39.107227	-94.392241
39.10708	-94.392297
39.106995	-94.392335
39.10682	-94.392415
39.106795	-94.392428
39.106694	-94.392478
39.106597	-94.39253
39.106506	-94.392591
39.106412	-94.392647
39.106311	-94.392719
39.106221	-94.392788
39.106116	-94.392878
39.105979	-94.392998
39.105921	-94.393053
39.105831	-94.393137
39.105681	-94.393288
39.105623	-94.393355
39.105544	-94.393446
39.105445	-94.393566
39.105276	-94.3938
39.105153	-94.393969
39.105085	-94.394057
39.105024	-94.394137
39.104865	-94.394362
39.104432	-94.394975
39.104161	-94.395353
39.103727	-94.395959
39.103487	-94.396292
39.103402	-94.396417
39.10333	-94.39653
39.103282	-94.396611
39.103223	-94.396723
39.103189	-94.39679
39.103161	-94.396842
39.103114	-94.396953
39.103063	-94.397082
39.103022	-94.397207
39.102982	-94.397342
39.102949	-94.397476
39.102923	-94.397609
39.102899	-94.397739
39.102879	-94.397884
39.102863	-94.398022
39.102858	-94.398058
39.102831	-94.398262
39.102796	-94.398535
39.102792	-94.398567
39.102777	-94.3987
39.10276	-94.398832
39.102734	-94.399053
39.102692	-94.399406
39.102673	-94.399566
39.10262	-94.400014
39.102591	-94.400256
39.102581	-94.400339
39.102524	-94.400803
39.102489	-94.401088
39.102376	-94.402016
39.102337	-94.402354
39.102304	-94.402638
39.102285	-94.402759
39.102281	-94.402785
39.102264	-94.402901
39.102259	-94.402934
39.102227	-94.403069
39.102194	-94.403202
39.102154	-94.403364
39.101845	-94.404355
39.101791	-94.404524
39.101723	-94.404743
39.101655	-94.404979
39.10155	-94.405313
39.101442	-94.405666
39.101363	-94.405917
39.101282	-94.406175
39.101247	-94.406308
39.101207	-94.406443
39.101171	-94.406572
39.101145	-94.406712
39.101106	-94.4069
39.10109	-94.406974
39.101073	-94.407124
39.10106	-94.40726
39.101046	-94.407386
39.101039	-94.407535
39.10104	-94.40767
39.101042	-94.407812
39.101048	-94.408031
39.101099	-94.409307
39.101131	-94.410081
39.101169	-94.410876
39.101173	-94.410969
39.1012	-94.411512
39.101231	-94.412204
39.101236	-94.412324
39.101247	-94.412599
39.101251	-94.412692
39.101257	-94.412844
39.101285	-94.413403
39.101323	-94.413926
39.101346	-94.414425
39.101351	-94.414591
39.10137	-94.41509
39.101378	-94.415295
39.101399	-94.416002
39.101415	-94.416343
39.101432	-94.416695
39.101435	-94.416784
39.10145	-94.417189
39.10147	-94.417756
39.101484	-94.418069
39.101487	-94.418154
39.101518	-94.41899
39.101532	-94.419258
39.101538	-94.419375
39.101541	-94.419485
39.101559	-94.419962
39.101578	-94.420463
39.101645	-94.420618
39.101669	-94.42071
39.101693	-94.420803
39.101718	-94.420975
39.101839	-94.421859
39.101965	-94.422792
39.10199	-94.423036
39.10199	-94.423036
39.102018	-94.423265
39.102034	-94.423458
39.101936	-94.423462
39.101783	-94.423467
39.101603	-94.423473
39.101586	-94.423474
39.101429	-94.42347
39.101342	-94.423525
39.101246	-94.423518
39.10115	-94.423511
39.101003	-94.423452
39.100871	-94.423366
39.100781	-94.423288
39.100684	-94.423178
39.100622	-94.423097
39.100622	-94.423097
39.100563	-94.42302
39.100497	-94.422874
39.100414	-94.422741
39.100167	-94.422466
39.100047	-94.422375
39.099924	-94.422312
39.099458	-94.422202
39.099276	-94.422127
39.099118	-94.422036
39.09895	-94.421902
39.098844	-94.421792
39.098815	-94.421761
39.098785	-94.42172
39.098721	-94.421634
39.098695	-94.4216
39.098622	-94.421476
39.098577	-94.4214
39.098461	-94.42113
39.09831	-94.420621
39.098171	-94.42034
39.098075	-94.420217
39.097962	-94.420122
39.097836	-94.420059
39.097756	-94.420035
39.097722	-94.420015
39.09767	-94.420005
39.097584	-94.419954
39.097548	-94.419906
39.097528	-94.419818
39.097365	-94.419721
39.097088	-94.419685
39.097004	-94.419679
39.096624	-94.419697
39.096495	-94.419704
39.096435	-94.419707
39.095818	-94.419737
39.095751	-94.41974
39.095692	-94.419743
39.094746	-94.419789
39.094714	-94.419791
39.094619	-94.419781
39.094606	-94.419781
39.094014	-94.419797
39.093941	-94.419796
39.093937	-94.419678
39.093925	-94.419341
39.093896	-94.418528
39.093892	-94.418425
39.093888	-94.418315
39.093866	-94.417689
39.09385	-94.417235
39.09385	-94.417235
39.093846	-94.417124
39.093843	-94.417023
39.093759	-94.417027
39.0937591	-94.4170235
39.0936534	-94.4170334
