39.093507	-94.418442
39.093351	-94.418446
39.093193	-94.41845
39.092908	-94.418458
39.092829	-94.41846
39.092825	-94.41835
39.092807	-94.417789
39.092786	-94.417164
39.092766	-94.417054
39.092762	-94.416961
39.092732	-94.415897
39.092732	-94.415897
39.092729	-94.415788
39.092742	-94.415678
39.092835	-94.41567
39.093281	-94.415647
39.093285	-94.415647
39.093411	-94.415646
39.093497	-94.415644
39.093497	-94.415644
39.093691	-94.415638
39.093784	-94.415636
39.093788	-94.415731
39.093809	-94.416223
39.093839	-94.416925
39.093843	-94.417023
39.093846	-94.417124
39.093866	-94.417689
39.093888	-94.418315
39.093892	-94.418425
39.093896	-94.418528
39.09392	-94.419204
39.09392	-94.419204
39.093925	-94.419341
39.093937	-94.419678
39.093941	-94.419796
39.094014	-94.419797
39.094606	-94.419781
39.094619	-94.419781
39.094714	-94.419791
39.094746	-94.419789
39.095692	-94.419743
39.095751	-94.41974
39.095818	-94.419737
39.096435	-94.419707
39.096495	-94.419704
39.096624	-94.419697
39.097004	-94.419679
39.097088	-94.419685
39.097186	-94.419648
39.097212	-94.419638
39.097365	-94.419628
39.097606	-94.419611
39.097671	-94.419608
39.097732	-94.419623
39.097799	-94.41967
39.097947	-94.419872
39.098058	-94.420018
39.098073	-94.420032
39.098182	-94.42013
39.098182	-94.42013
39.098262	-94.420203
39.098389	-94.420378
39.09848	-94.420553
39.098653	-94.421041
39.09876	-94.421243
39.098806	-94.421311
39.098857	-94.421386
39.098952	-94.421494
39.099165	-94.42167
39.099415	-94.42178
39.099724	-94.421854
39.099899	-94.421918
39.100105	-94.422041
39.100268	-94.42218
39.100409	-94.422339
39.100508	-94.422493
39.100524	-94.422525
39.100586	-94.422652
39.100705	-94.422957
39.100813	-94.423138
39.100932	-94.423263
39.101066	-94.423361
39.101206	-94.423413
39.10135	-94.423405
39.101429	-94.42347
39.101586	-94.423474
39.101603	-94.423473
39.101783	-94.423467
39.101936	-94.423462
39.102034	-94.423458
39.10203	-94.423558
39.102027	-94.423603
39.102018	-94.423741
39.102016	-94.423795
39.102016	-94.423795
39.101997	-94.424388
39.101893	-94.426089
39.10187	-94.426284
39.10184	-94.426394
39.101812	-94.426521
39.101828	-94.426864
39.101831	-94.426925
39.101838	-94.427098
39.101841	-94.427152
39.101846	-94.427254
39.10185	-94.427355
39.101862	-94.427657
39.101871	-94.42792
39.10188	-94.428148
39.101882	-94.428214
39.101896	-94.428721
39.101908	-94.429091
39.101923	-94.429505
39.101995	-94.431441
39.102046	-94.43283
39.102072	-94.433594
39.102107	-94.434671
39.102114	-94.434962
39.102127	-94.435264
39.102132	-94.435505
39.102132	-94.435524
39.102141	-94.435762
39.102145	-94.435863
39.102157	-94.436177
39.102168	-94.436419
39.102183	-94.436777
39.1022	-94.437175
39.10221	-94.437389
39.102231	-94.437823
39.10224	-94.438164
39.102247	-94.438387
39.102264	-94.438912
39.102274	-94.439247
39.102278	-94.43937
39.102289	-94.439703
39.102297	-94.439975
39.102307	-94.440275
39.102308	-94.440299
39.102338	-94.441235
39.102338	-94.441235
39.10239	-94.442818
39.102394	-94.443015
39.102403	-94.443356
39.102408	-94.44351
39.102424	-94.443978
39.102426	-94.444042
39.102432	-94.444232
39.102439	-94.444452
39.102453	-94.444872
39.102463	-94.445156
39.102466	-94.445268
39.102491	-94.446028
39.102496	-94.446166
39.10251	-94.4466
39.102533	-94.447289
39.102578	-94.44868
39.102604	-94.449526
39.10261	-94.449696
39.102611	-94.449738
39.10262	-94.449995
39.10262	-94.450051
39.102632	-94.45024
39.102642	-94.450547
39.102655	-94.451093
39.10266	-94.451228
39.102668	-94.451433
39.10268	-94.45163
39.102687	-94.451752
39.10269	-94.451809
39.102691	-94.451824
39.102693	-94.451867
39.102709	-94.452151
39.102722	-94.452381
39.102735	-94.452653
39.102738	-94.452716
39.102744	-94.452843
39.102779	-94.452932
39.102796	-94.453
39.102803	-94.453056
39.102808	-94.453199
39.102814	-94.453385
39.102833	-94.453982
39.10285	-94.454501
39.102864	-94.454966
39.102875	-94.455337
39.102887	-94.455648
39.102916	-94.456415
39.102922	-94.456694
39.102927	-94.456825
39.102931	-94.456907
39.102933	-94.456953
39.102939	-94.457086
39.102944	-94.457231
39.102947	-94.45737
39.102951	-94.457617
39.102953	-94.457799
39.102951	-94.457935
39.102945	-94.458008
39.102928	-94.458074
39.102901	-94.458129
39.102894	-94.458243
39.102882	-94.458385
39.102864	-94.4585
39.102841	-94.458632
39.102811	-94.458802
39.102783	-94.458942
39.102753	-94.459076
39.102723	-94.459211
39.102685	-94.459357
39.102649	-94.459487
39.102613	-94.459624
39.102578	-94.459752
39.10253	-94.459886
39.102489	-94.460014
39.102442	-94.460137
39.102397	-94.460261
39.102344	-94.460394
39.102222	-94.460702
39.102114	-94.46097
39.101936	-94.4614
39.101833	-94.461647
39.101784	-94.461773
39.101746	-94.461854
39.101717	-94.461915
39.101665	-94.462024
39.101604	-94.462141
39.101543	-94.462254
39.10153	-94.462276
39.10153	-94.462276
39.10147	-94.462376
39.10121	-94.462809
39.101125	-94.46295
39.101011	-94.463158
39.100955	-94.463277
39.100908	-94.463404
39.100869	-94.463528
39.100835	-94.463656
39.10081	-94.463774
39.100798	-94.463833
39.100785	-94.463942
39.100775	-94.46406
39.10077	-94.464189
39.100775	-94.464339
39.100785	-94.464482
39.100803	-94.464613
39.100828	-94.464752
39.100857	-94.464879
39.100896	-94.465008
39.100942	-94.465141
39.100994	-94.465258
39.101055	-94.465379
39.101125	-94.465491
39.101191	-94.465595
39.10126	-94.465697
39.101415	-94.465923
39.101563	-94.466143
39.1017	-94.466345
39.101851	-94.46657
39.102054	-94.46687
39.102134	-94.466998
39.102194	-94.467088
39.102249	-94.467179
39.102326	-94.467304
39.102363	-94.467313
39.102407	-94.467338
39.102457	-94.467402
39.102596	-94.467618
39.102712	-94.467797
39.102992	-94.468244
39.103073	-94.468374
39.10316	-94.468515
39.103264	-94.468683
39.103441	-94.468987
39.103458	-94.469013
39.103565	-94.469186
39.103726	-94.469426
39.103873	-94.469644
39.103899	-94.469695
39.103911	-94.469776
39.103943	-94.469823
39.10397	-94.469863
39.103991	-94.469894
39.104082	-94.470009
39.104082	-94.470009
39.104233	-94.470199
39.10434	-94.470328
39.104498	-94.470516
39.104655	-94.470691
39.104832	-94.470876
39.105002	-94.471057
39.105175	-94.471237
39.105341	-94.471413
39.105528	-94.471601
39.105704	-94.471792
39.105968	-94.472059
39.106446	-94.472574
39.106607	-94.472781
39.106752	-94.472987
39.106917	-94.473245
39.107053	-94.473463
39.107176	-94.473691
39.107301	-94.473937
39.107403	-94.474163
39.107494	-94.474399
39.107607	-94.474692
39.107698	-94.474946
39.107724	-94.475033
39.107815	-94.475383
39.10788	-94.475656
39.107934	-94.475931
39.107983	-94.476213
39.108021	-94.4765
39.108043	-94.476779
39.108061	-94.477063
39.108067	-94.477348
39.108058	-94.477634
39.108039	-94.477915
39.108005	-94.478193
39.107962	-94.478472
39.107915	-94.478734
39.107874	-94.478938
39.107779	-94.479378
39.107736	-94.479585
39.107677	-94.479831
39.107145	-94.482217
39.107102	-94.48243
39.1071	-94.482442
39.107075	-94.482578
39.10705	-94.482715
39.107024	-94.48285
39.107001	-94.482994
39.106981	-94.483145
39.106966	-94.483251
39.106969	-94.48331
39.106976	-94.483393
39.10694	-94.483674
39.106903	-94.483955
39.106868	-94.484235
39.106855	-94.484423
39.10682	-94.484798
39.106794	-94.485147
39.106786	-94.485246
39.106778	-94.485396
39.106765	-94.485683
39.106758	-94.485881
39.106735	-94.486578
39.106727	-94.486817
39.106718	-94.487101
39.106706	-94.487242
39.106695	-94.487383
39.106679	-94.487529
39.106644	-94.487765
39.106617	-94.487905
39.106566	-94.488176
39.106534	-94.488313
39.106503	-94.488449
39.106468	-94.488583
39.106427	-94.488717
39.106399	-94.488808
39.106372	-94.488893
39.106331	-94.488967
39.106282	-94.489052
39.106072	-94.489739
39.106043	-94.489833
39.106043	-94.489833
39.105962	-94.490101
39.105783	-94.490708
39.105749	-94.490827
39.105614	-94.491305
39.105602	-94.491344
39.105577	-94.491428
39.105411	-94.491968
39.105065	-94.493098
39.104966	-94.493441
39.104827	-94.493914
39.104745	-94.494253
39.104701	-94.494471
39.104651	-94.494749
39.104605	-94.495031
39.104563	-94.495304
39.104528	-94.49559
39.104498	-94.49589
39.104479	-94.496077
39.104462	-94.496377
39.104453	-94.49665
39.104441	-94.496921
39.104442	-94.497059
39.104441	-94.497203
39.104444	-94.497352
39.104451	-94.497496
39.104459	-94.49763
39.104465	-94.497817
39.104479	-94.498252
39.104532	-94.499853
39.104533	-94.499884
39.104533	-94.499884
39.104554	-94.500411
39.104569	-94.50069
39.104577	-94.501001
39.10464	-94.502624
39.104641	-94.502723
39.104642	-94.502791
39.104643	-94.502867
39.104657	-94.503939
39.104674	-94.504411
39.1047	-94.505078
39.1047	-94.505089
39.104705	-94.505183
39.104706	-94.505199
39.104737	-94.506247
39.104747	-94.506489
39.104781	-94.507301
39.104784	-94.507372
39.104794	-94.507613
39.104803	-94.507826
39.104811	-94.508028
39.104823	-94.508328
39.10483	-94.508527
39.104839	-94.508768
39.104855	-94.509233
39.10487	-94.509646
39.104882	-94.509994
39.104888	-94.510154
39.104897	-94.51041
39.104902	-94.510543
39.104906	-94.510643
39.104926	-94.511209
39.104935	-94.511454
39.10495	-94.511901
39.104956	-94.512065
39.104964	-94.512284
39.10498	-94.51275
39.105041	-94.514452
39.105047	-94.514574
39.10507	-94.515036
39.105075	-94.515127
39.105086	-94.51543
39.105093	-94.515636
39.10511	-94.51605
39.105133	-94.516785
39.105139	-94.516989
39.105145	-94.517124
39.105148	-94.517189
39.10518	-94.517919
39.105182	-94.517966
39.105189	-94.518277
39.105197	-94.518575
39.105209	-94.519018
39.105212	-94.519111
39.105222	-94.519214
39.105226	-94.519326
39.105243	-94.519839
39.105249	-94.520052
39.105254	-94.520303
39.105264	-94.520501
39.105269	-94.520604
39.105289	-94.521022
39.105287	-94.521114
39.105295	-94.521303
39.105301	-94.521455
39.105334	-94.522299
39.105346	-94.522615
39.105353	-94.522788
39.105377	-94.523377
39.105379	-94.523432
39.105381	-94.523511
39.105422	-94.524914
39.105442	-94.525709
39.105443	-94.525745
39.105456	-94.526111
39.105461	-94.526238
39.1055	-94.527243
39.105508	-94.527446
39.10553	-94.528009
39.105546	-94.528405
39.105577	-94.529178
39.105588	-94.529498
39.105591	-94.529566
39.105593	-94.529647
39.105613	-94.53035
39.105623	-94.530728
39.105646	-94.531517
39.105657	-94.531904
39.105684	-94.532538
39.105706	-94.533051
39.105745	-94.534121
39.105748	-94.534177
39.10575	-94.534262
39.105772	-94.534848
39.105787	-94.535252
39.105791	-94.535362
39.10584	-94.536879
39.105852	-94.537243
39.105857	-94.537477
39.105862	-94.537614
39.105864	-94.537685
39.105867	-94.537783
39.105891	-94.538491
39.105903	-94.538768
39.105918	-94.539088
39.10596	-94.540493
39.105984	-94.541111
39.105991	-94.541272
39.106013	-94.541841
39.106028	-94.542302
39.106065	-94.543544
39.106065	-94.543544
39.106067	-94.543608
39.106074	-94.543839
39.106079	-94.543987
39.106084	-94.544123
39.106098	-94.54434
39.106107	-94.544587
39.106112	-94.544721
39.106119	-94.544937
39.10612	-94.544968
39.106129	-94.545247
39.106148	-94.545798
39.106153	-94.545946
39.106156	-94.546024
39.10616	-94.546169
39.106167	-94.54637
39.106174	-94.546559
39.106187	-94.546941
39.106223	-94.547998
39.106228	-94.548165
39.106232	-94.548269
39.106235	-94.54837
39.106239	-94.548495
39.106245	-94.548717
39.106251	-94.548963
39.106253	-94.54903
39.106258	-94.549217
39.10626	-94.54932
39.106272	-94.549681
39.106283	-94.550005
39.106287	-94.550088
39.106297	-94.550398
39.106311	-94.550868
39.106316	-94.550952
39.10632	-94.551084
39.106335	-94.551547
39.106347	-94.55191
39.106364	-94.5524
39.106376	-94.552645
39.106398	-94.553258
39.106416	-94.553736
39.106423	-94.553944
39.106442	-94.554422
39.106445	-94.554509
39.106447	-94.554579
39.106469	-94.555205
39.106484	-94.555622
39.106487	-94.555689
39.106489	-94.55576
39.106509	-94.556286
39.106516	-94.556462
39.10654	-94.557087
39.106543	-94.557145
39.106573	-94.557876
39.106577	-94.557974
39.106592	-94.558337
39.1066	-94.558519
39.106604	-94.558616
39.106606	-94.558696
39.106612	-94.558895
39.106632	-94.559637
39.106642	-94.56
39.106646	-94.560147
39.106652	-94.560315
39.106663	-94.560607
39.106668	-94.560743
39.106677	-94.560979
39.106688	-94.561262
39.106694	-94.561422
39.106743	-94.562788
39.106765	-94.563309
39.10677	-94.563448
39.106789	-94.563916
39.106798	-94.564124
39.106817	-94.564818
39.106817	-94.564818
39.106819	-94.56491
39.106843	-94.565646
39.106852	-94.565904
39.106864	-94.566253
39.106877	-94.566652
39.106907	-94.567554
39.10693	-94.568229
39.106934	-94.568375
39.106948	-94.568791
39.106954	-94.568975
39.106983	-94.570055
39.106985	-94.570106
39.107001	-94.570548
39.107017	-94.571048
39.107042	-94.571702
39.107066	-94.572353
39.107091	-94.573058
39.107107	-94.573487
39.107111	-94.57361
39.107114	-94.573711
39.10712	-94.573901
39.10714	-94.574495
39.107171	-94.574752
39.107242	-94.574954
39.107288	-94.575068
39.107369	-94.575178
39.10851	-94.576366
39.108603	-94.576465
39.108793	-94.576602
39.108826	-94.576613
39.108826	-94.576613
39.109464	-94.57682
39.109523	-94.576839
39.109578	-94.576856
39.109699	-94.576896
39.110459	-94.577136
39.11108	-94.577341
39.111316	-94.57739
39.111722	-94.577528
39.111786	-94.577546
39.111786	-94.577546
39.112984	-94.577884
39.113576	-94.578099
39.119915	-94.579419
39.121513	-94.579747
39.122664	-94.57999
39.123798	-94.580215
39.124328	-94.580305
39.124952	-94.580381
39.12577	-94.580503
39.126103	-94.580534
39.12668	-94.580539
39.126779	-94.58054
39.126826	-94.58054
39.126931	-94.580542
39.127045	-94.58054
39.12719	-94.580538
39.127636	-94.580532
39.12798	-94.580528
39.128324	-94.580523
39.128811	-94.580516
39.129298	-94.58051
39.129509	-94.580507
39.129872	-94.580502
39.130068	-94.580499
39.130419	-94.580495
39.130549	-94.580493
39.130633	-94.580491
39.130945	-94.580486
39.130945	-94.580486
39.131701	-94.580473
39.131966	-94.580468
39.13237	-94.580461
39.133803	-94.580437
39.134074	-94.580432
39.134197	-94.58043
39.134312	-94.580428
39.134659	-94.580423
39.134737	-94.580422
39.135239	-94.580415
39.135634	-94.580409
39.136036	-94.580403
39.137585	-94.580382
39.137713	-94.58038
39.137842	-94.580378
39.137946	-94.580377
39.139081	-94.580362
39.139382	-94.580358
39.139829	-94.580352
39.140264	-94.580347
39.141115	-94.580346
39.141326	-94.58034
39.141467	-94.580341
39.14156	-94.58034
39.141731	-94.580337
39.142676	-94.580304
39.142994	-94.580297
39.143581	-94.580283
39.143873	-94.580276
39.144451	-94.580269
39.144607	-94.580267
39.145017	-94.580262
39.145169	-94.580261
39.145234	-94.58026
39.14591	-94.580248
39.146082	-94.580245
39.14694	-94.58023
39.147542	-94.58022
39.147579	-94.580219
39.147664	-94.580218
39.148533	-94.580205
39.148862	-94.580203
39.149049	-94.580201
39.149331	-94.580243
39.149789	-94.580243
39.150487	-94.58022
39.150549	-94.580225
39.15071	-94.580236
39.150837	-94.580266
39.15111	-94.580365
39.151387	-94.580532
39.151754	-94.580869
39.151966	-94.581173
39.152059	-94.581362
39.152153	-94.581554
39.152214	-94.581696
39.152307	-94.581981
39.152336	-94.582092
39.152336	-94.582092
39.152609	-94.583143
39.152749	-94.583483
39.152905	-94.58382
39.153169	-94.584222
39.153513	-94.584662
39.153828	-94.584948
39.154205	-94.585194
39.154952	-94.585566
39.15566	-94.585918
39.155828	-94.586002
39.158408	-94.587285
39.159423	-94.587773
39.160362	-94.588574
39.160774	-94.589075
39.16104	-94.589533
39.161442	-94.590235
39.162087	-94.591361
39.162385	-94.591882
39.162385	-94.591882
39.163909	-94.594549
39.16412	-94.594946
39.165379	-94.598545
39.16556	-94.599048
39.165701	-94.599478
39.165701	-94.599478
39.166059	-94.600569
39.166236	-94.601253
39.166347	-94.601718
39.166462	-94.602538
39.166535	-94.603541
39.166619	-94.611958
39.166639	-94.61237
39.166712	-94.612871
39.166814	-94.613394
39.166954	-94.613982
39.167112	-94.614449
39.16757	-94.615409
39.168033	-94.616223
39.168189	-94.616501
39.168651	-94.617265
39.169003	-94.617865
39.169302	-94.618304
39.169704	-94.618817
39.171051	-94.620311
39.17173	-94.621012
39.172883	-94.62236
39.17304	-94.622617
39.17307	-94.622691
39.173154	-94.622896
39.173246	-94.623122
39.17328	-94.623269
39.173331	-94.623491
39.173348	-94.623564
39.17339	-94.624106
39.173372	-94.624561
39.173347	-94.624794
39.173347	-94.624794
39.173316	-94.625089
39.173274	-94.625612
39.173133	-94.626813
39.173045	-94.627654
39.173026	-94.628384
39.173091	-94.629264
39.173155	-94.629636
39.173236	-94.62999
39.173574	-94.631133
39.173616	-94.631287
39.174723	-94.635371
39.175543	-94.638966
39.175559	-94.639039
39.175584	-94.639152
39.176523	-94.643336
39.176964	-94.64513
39.17738	-94.646661
39.17787	-94.648488
39.177961	-94.648824
39.178363	-94.650316
39.178896	-94.652335
39.178972	-94.652631
39.179062	-94.653005
39.179125	-94.653321
39.179169	-94.653587
39.179252	-94.654154
39.179304	-94.654613
39.179361	-94.6552
39.179421	-94.655908
39.179465	-94.656363
39.179499	-94.656637
39.179535	-94.656835
39.179579	-94.657056
39.179647	-94.657347
39.179742	-94.657703
39.179777	-94.657826
39.17982	-94.657999
39.180464	-94.659819
39.181093	-94.661601
39.181432	-94.66256
39.181902	-94.663878
39.182432	-94.665363
39.18573	-94.674608
39.18573	-94.674608
39.186304	-94.676216
39.187009	-94.67791
39.187414	-94.678815
39.187819	-94.679719
39.188139	-94.680379
39.188345	-94.680852
39.188652	-94.681555
39.188785	-94.681882
39.188843	-94.682078
39.188851	-94.682105
39.188878	-94.682239
39.188886	-94.682265
39.188965	-94.682597
39.189006	-94.682753
39.189056	-94.682816
39.189089	-94.682849
39.189178	-94.682905
39.18925	-94.68292
39.189369	-94.68292
39.189555	-94.68292
39.189622	-94.682919
39.189647	-94.682919
39.189789	-94.682917
39.190164	-94.682914
39.190164	-94.682914
39.190348	-94.682912
39.190904	-94.682913
39.190965	-94.682914
39.191079	-94.682915
39.191281	-94.682917
39.191464	-94.682919
39.191931	-94.682915
39.191947	-94.682917
39.191998	-94.682923
39.19212	-94.682925
39.192269	-94.682927
39.192553	-94.682933
39.193036	-94.682938
39.193338	-94.682884
39.193397	-94.682866
39.193929	-94.682709
39.195051	-94.68238
39.195483	-94.682236
39.195573	-94.682211
39.196094	-94.682006
39.196375	-94.681914
39.196431	-94.681903
39.196583	-94.681872
39.196857	-94.681859
39.197011	-94.681865
39.197276	-94.681917
39.198442	-94.682355
39.198597	-94.682404
39.198766	-94.682438
39.199009	-94.682461
39.199157	-94.682461
39.199846	-94.682454
39.20069	-94.682403
39.201087	-94.682356
39.201149	-94.682347
39.201465	-94.682302
39.201494	-94.682298
39.201556	-94.682289
39.2016	-94.682282
39.201806	-94.682251
39.202343	-94.682211
39.202454	-94.682204
39.202545	-94.682199
39.202803	-94.682187
39.203111	-94.682189
39.20338	-94.682189
39.203804	-94.682199
39.203946	-94.682207
39.204069	-94.682213
39.20445	-94.682255
39.204758	-94.68229
39.204998	-94.682317
39.205493	-94.682398
39.205813	-94.682432
39.206494	-94.682517
39.206497	-94.682517
39.206557	-94.682524
39.206609	-94.682532
39.206835	-94.682563
39.20691	-94.68257
39.207207	-94.682603
39.207399	-94.682604
39.207616	-94.682588
39.207836	-94.682549
39.208056	-94.682485
39.208238	-94.682407
39.208329	-94.682348
39.208719	-94.682094
39.209076	-94.681855
39.209301	-94.681704
39.209538	-94.681545
39.209598	-94.681504
39.209671	-94.681374
39.210224	-94.681017
39.210224	-94.681017
39.210262	-94.680993
39.21061	-94.680769
39.210728	-94.680666
39.210879	-94.68058
39.210886	-94.680751
39.210885	-94.680939
39.210891	-94.681404
39.210894	-94.681658
39.210894	-94.681658
39.210913	-94.683212
39.210923	-94.684085
39.210927	-94.684424
39.210932	-94.684802
39.210933	-94.684952
39.210932	-94.685089
39.210921	-94.685913
39.210907	-94.686973
39.210906	-94.687046
39.210898	-94.687263
39.210853	-94.688424
39.210851	-94.688479
39.210786	-94.689786
39.210668	-94.692059
39.210624	-94.692918
39.210599	-94.693407
39.210566	-94.69403
39.210464	-94.695986
39.210428	-94.696696
39.210411	-94.697019
39.210403	-94.697161
39.21032	-94.698873
39.210272	-94.699407
39.210247	-94.699675
39.21025	-94.699813
39.210302	-94.700014
39.210362	-94.700078
39.210399	-94.700154
39.210417	-94.700241
39.210413	-94.700331
39.210389	-94.700415
39.210347	-94.700486
39.210324	-94.700511
39.210283	-94.700745
39.2102	-94.70116
39.210192	-94.701314
39.21014	-94.702252
39.209995	-94.704863
39.209892	-94.707256
39.209887	-94.707596
39.20991	-94.708251
39.209961	-94.708877
39.210099	-94.709824
39.2106	-94.712313
39.21086	-94.713737
39.211314	-94.715705
39.211633	-94.717262
39.211653	-94.7174
39.211716	-94.717845
39.211757	-94.718145
39.211802	-94.718474
39.211877	-94.71922
39.211921	-94.720031
39.211977	-94.720946
39.212054	-94.722898
39.212117	-94.723963
39.212152	-94.724284
39.212221	-94.724647
39.212247	-94.724786
39.212409	-94.725289
39.212581	-94.725744
39.21281	-94.726169
39.212829	-94.726196
39.213048	-94.726514
39.213304	-94.726825
39.214416	-94.727859
39.217123	-94.730375
39.217331	-94.73057
39.217715	-94.730931
39.218087	-94.731401
39.218181	-94.731519
39.218716	-94.732297
39.21912	-94.733002
39.219551	-94.733972
39.219551	-94.733972
39.219793	-94.734609
39.219843	-94.734727
39.219873	-94.73477
39.219922	-94.734825
39.219991	-94.734864
39.220065	-94.734902
39.220126	-94.734966
39.220165	-94.735039
39.220189	-94.735122
39.220195	-94.73521
39.220189	-94.735274
39.220173	-94.735336
39.220142	-94.735456
39.220132	-94.735536
39.22014	-94.735618
39.220168	-94.735763
39.22022	-94.735945
39.22033	-94.736287
39.220555	-94.736975
39.220718	-94.737477
39.221172	-94.738829
39.221313	-94.739253
39.22199	-94.741342
39.222464	-94.742749
39.22248	-94.742799
39.22256	-94.743043
39.222694	-94.743452
39.222823	-94.743853
39.223033	-94.744502
39.223379	-94.745618
39.223698	-94.746599
39.224065	-94.747725
39.224433	-94.74886
39.224822	-94.750056
39.224945	-94.750424
39.225053	-94.750785
39.225134	-94.751168
39.225177	-94.751401
39.225229	-94.751852
39.225243	-94.752283
39.225233	-94.752745
39.22518	-94.753443
39.225135	-94.754286
39.225119	-94.755094
39.225097	-94.755822
39.225081	-94.75593
39.225076	-94.755982
39.225079	-94.75603
39.225085	-94.756087
39.225106	-94.756148
39.225143	-94.756229
39.225209	-94.756381
39.225245	-94.756451
39.225263	-94.756536
39.225259	-94.756608
39.225251	-94.756661
39.225234	-94.756713
39.225191	-94.756906
39.225145	-94.757195
39.225132	-94.757404
39.225127	-94.757609
39.22512	-94.758603
39.225116	-94.758745
39.225089	-94.75995
39.225085	-94.760139
39.225081	-94.760314
39.225074	-94.760633
39.225066	-94.760966
39.22506	-94.761277
39.225031	-94.762562
39.22502	-94.76305
39.225014	-94.763339
39.225004	-94.764109
39.224972	-94.764812
39.224932	-94.765795
39.224921	-94.766178
39.22492	-94.766343
39.224914	-94.767037
39.22491	-94.767493
39.224927	-94.767825
39.22501	-94.768402
39.225026	-94.768457
39.22507	-94.768616
39.225392	-94.769775
39.225516	-94.770295
39.22606	-94.772208
39.226073	-94.77225
39.226617	-94.774077
39.227008	-94.775029
39.227174	-94.77536
39.227462	-94.775935
39.227565	-94.776088
39.228028	-94.776783
39.228207	-94.777049
39.229128	-94.77822
39.229437	-94.778587
39.230505	-94.779917
39.230675	-94.78012
39.231629	-94.781364
39.23189	-94.781854
39.232113	-94.782395
39.232435	-94.783575
39.23287	-94.785169
39.233777	-94.788555
39.234142	-94.789919
39.234723	-94.792085
39.235008	-94.79315
39.235362	-94.794473
39.235595	-94.79534
39.235837	-94.796244
39.236488	-94.798675
39.236616	-94.799173
39.236774	-94.799654
39.236904	-94.799983
39.237043	-94.800272
39.237116	-94.800395
39.237348	-94.80072
39.237585	-94.800951
39.237946	-94.801201
39.237992	-94.801233
39.238872	-94.801586
39.239722	-94.801896
39.239722	-94.801896
39.240743	-94.802268
39.24406	-94.803435
39.247684	-94.80478
39.249881	-94.805597
39.252426	-94.806546
39.253636	-94.806994
39.253813	-94.807063
39.255201	-94.807581
39.256137	-94.807996
39.257059	-94.808555
39.257835	-94.80906
39.25847	-94.809565
39.259281	-94.810341
39.259911	-94.810972
39.261233	-94.812501
39.263206	-94.814782
39.264125	-94.815845
39.265281	-94.817157
39.266678	-94.818763
39.266878	-94.818974
39.266924	-94.819033
39.270607	-94.823247
39.270915	-94.823538
39.271589	-94.824131
39.272155	-94.824675
39.273113	-94.825767
39.27333	-94.826039
39.274776	-94.827689
39.275431	-94.828448
39.275618	-94.828673
39.276548	-94.830014
39.276772	-94.830315
39.277811	-94.831511
39.278708	-94.832517
39.279575	-94.833515
39.280044	-94.833987
39.280332	-94.834228
39.280976	-94.834721
39.281249	-94.834919
39.281588	-94.835165
39.282702	-94.835962
39.283636	-94.836616
39.284051	-94.836906
39.284435	-94.837143
39.284553	-94.837216
39.28563	-94.83788
39.288556	-94.839501
39.288643	-94.839549
39.289845	-94.840229
39.292094	-94.841501
39.29682	-94.844154
39.299822	-94.845828
39.300236	-94.846051
39.301954	-94.846919
39.302901	-94.847315
39.30337	-94.847512
39.303944	-94.847739
39.30618	-94.848623
39.307628	-94.849188
39.31087	-94.850454
39.310907	-94.850469
39.31264	-94.851272
39.312987	-94.851433
39.313063	-94.851468
39.314886	-94.852255
39.315274	-94.852406
39.317046	-94.853094
39.321322	-94.854577
39.322004	-94.854841
39.322172	-94.854906
39.322206	-94.854919
39.322404	-94.854995
39.322687	-94.855107
39.32584	-94.856353
39.32786	-94.857138
39.331447	-94.858532
39.334169	-94.859591
39.334505	-94.859721
39.336099	-94.86034
39.337835	-94.861009
39.338988	-94.861397
39.339384	-94.861568
39.341338	-94.862294
39.342522	-94.862737
39.344174	-94.863395
39.346285	-94.864229
39.348162	-94.864947
39.349626	-94.865513
39.350716	-94.865941
39.350716	-94.865941
39.352735	-94.866733
39.360194	-94.869638
39.363774	-94.871023
39.364049	-94.871086
39.364335	-94.871131
39.36466	-94.871113
39.364726	-94.871098
39.365141	-94.871005
39.365332	-94.870915
39.365502	-94.870835
39.365639	-94.87077
39.365852	-94.870626
39.366191	-94.870306
39.36648	-94.869913
39.367415	-94.868387
39.367618	-94.868116
39.367802	-94.867878
39.368185	-94.867446
39.368267	-94.867372
39.368927	-94.866815
39.369327	-94.866553
39.369425	-94.866489
39.370402	-94.86604
39.372046	-94.865482
39.372046	-94.865482
39.373392	-94.865026
39.373934	-94.864844
39.374556	-94.864636
39.376111	-94.864126
39.376255	-94.864089
39.376439	-94.864047
39.37652	-94.864032
39.37689	-94.863973
39.377115	-94.863948
39.377557	-94.863918
39.378076	-94.863901
39.378136	-94.863899
39.378905	-94.864025
39.379068	-94.864065
39.381054	-94.864528
39.382007	-94.864748
39.383368	-94.86508
39.38409	-94.865169
39.384986	-94.865127
39.385363	-94.865088
39.385873	-94.864987
39.386854	-94.864715
39.38692	-94.864696
39.390915	-94.863587
39.391454	-94.86348
39.392882	-94.863403
39.393526	-94.863365
39.397617	-94.863159
39.398474	-94.863139
39.399126	-94.863119
39.399714	-94.863215
39.400034	-94.863271
39.400854	-94.8634
39.401443	-94.863534
39.402016	-94.863723
39.402843	-94.864078
39.403308	-94.864343
39.40384	-94.864646
39.404634	-94.865143
39.405645	-94.865928
39.406565	-94.866884
39.407206	-94.867624
39.40755	-94.868085
39.407945	-94.868616
39.408768	-94.869915
39.408965	-94.870275
39.409123	-94.870565
39.409542	-94.871575
39.410057	-94.87291
39.410378	-94.873927
39.410378	-94.873927
39.412706	-94.881303
39.412843	-94.881768
39.413071	-94.882497
39.413122	-94.882661
39.413483	-94.883814
39.413845	-94.884974
39.414022	-94.885539
39.414257	-94.886194
39.414611	-94.887235
39.414859	-94.88774
39.414948	-94.887882
39.41536	-94.888534
39.416343	-94.889714
39.416514	-94.889919
39.416752	-94.890184
39.416872	-94.890317
39.417713	-94.891249
39.420308	-94.894218
39.420504	-94.894457
39.420648	-94.894647
39.421105	-94.895251
39.421389	-94.895713
39.42176	-94.896629
39.421987	-94.89737
39.422012	-94.897451
39.422105	-94.897825
39.422256	-94.898433
39.422346	-94.898829
39.422458	-94.89932
39.42247	-94.899373
39.422553	-94.899738
39.42257	-94.899813
39.422581	-94.89986
39.42278	-94.900652
39.422948	-94.90125
39.422951	-94.901261
39.423125	-94.901821
39.423337	-94.902354
39.423492	-94.902753
39.423775	-94.903304
39.424121	-94.903942
39.424355	-94.9043
39.424833	-94.904957
39.425205	-94.905391
39.425533	-94.905721
39.428594	-94.908803
39.429196	-94.909399
39.430085	-94.91028
39.430987	-94.911201
39.432063	-94.91228
39.432449	-94.912662
39.433531	-94.913735
39.43358	-94.913783
39.433994	-94.914191
39.434128	-94.914381
39.434379	-94.914738
39.434547	-94.915009
39.434593	-94.915085
39.434823	-94.915607
39.435156	-94.916606
39.435254	-94.917388
39.435283	-94.918171
39.435216	-94.91991
39.435233	-94.920596
39.435287	-94.921208
39.435316	-94.921413
39.435473	-94.922511
39.435698	-94.923722
39.435964	-94.925155
39.436489	-94.92816
39.436836	-94.930148
39.43705	-94.931375
39.437088	-94.931588
39.437192	-94.932171
39.437296	-94.932753
39.437603	-94.934674
39.438136	-94.938004
39.438506	-94.940648
39.438735	-94.942348
39.438882	-94.94302
39.439028	-94.943597
39.439192	-94.944052
39.439303	-94.944277
39.43959	-94.944897
39.439831	-94.945311
39.440299	-94.945975
39.440782	-94.946511
39.441456	-94.947065
39.44186	-94.947335
39.442766	-94.948003
39.443602	-94.948652
39.444585	-94.949699
39.445044	-94.950249
39.449374	-94.95589
39.450055	-94.956791
39.452352	-94.959767
39.453144	-94.960787
39.453144	-94.960787
39.454193	-94.962136
39.456044	-94.964617
39.457232	-94.966168
39.457929	-94.96707
39.458632	-94.967839
39.459732	-94.969052
39.461784	-94.971267
39.46357	-94.973234
39.464845	-94.974633
39.465137	-94.974954
39.468122	-94.978237
39.469762	-94.979888
39.473064	-94.983136
39.473107	-94.983178
39.473298	-94.983364
39.474044	-94.984095
39.475442	-94.985457
39.477217	-94.987005
39.481567	-94.990624
39.483078	-94.991847
39.486995	-94.995168
39.488599	-94.996458
39.49236	-94.999167
39.492592	-94.999333
39.494005	-95.000327
39.494634	-95.000769
39.495192	-95.001161
39.495607	-95.00151
39.496175	-95.002034
39.497954	-95.003684
39.49807	-95.003796
39.499847	-95.005553
39.503716	-95.009342
39.505984	-95.011529
39.506162	-95.0117
39.50626	-95.011791
39.510093	-95.015522
39.512695	-95.018045
39.5141	-95.019407
39.514954	-95.020211
39.516236	-95.021471
39.518249	-95.023413
39.519162	-95.024315
39.519964	-95.025082
39.521122	-95.026185
39.521573	-95.026661
39.526371	-95.031291
39.527304	-95.032157
39.531137	-95.035904
39.532056	-95.036762
39.532916	-95.037427
39.533425	-95.037751
39.535341	-95.038969
39.536601	-95.039671
39.541747	-95.042395
39.542199	-95.042621
39.544281	-95.043767
39.545019	-95.044078
39.54699	-95.044753
39.547733	-95.044988
39.548322	-95.04533
39.548706	-95.045609
39.549175	-95.045982
39.549917	-95.046525
39.550213	-95.046697
39.550499	-95.04685
39.551023	-95.047046
39.551503	-95.047152
39.552064	-95.047243
39.552684	-95.047213
39.553211	-95.047129
39.555185	-95.046488
39.556124	-95.046177
39.556627	-95.04601
39.557281	-95.045834
39.558286	-95.045476
39.560261	-95.044766
39.560318	-95.044747
39.562408	-95.044077
39.566536	-95.042682
39.571123	-95.041161
39.578637	-95.038672
39.579006	-95.038571
39.580932	-95.038041
39.581919	-95.037517
39.583956	-95.035892
39.584858	-95.03516
39.585145	-95.034902
39.586338	-95.033902
39.587041	-95.033354
39.587788	-95.032743
39.588502	-95.032172
39.588669	-95.032033
39.589167	-95.031616
39.589526	-95.031316
39.590142	-95.030793
39.590647	-95.03039
39.591182	-95.029946
39.592879	-95.028575
39.593247	-95.028303
39.593738	-95.027964
39.594264	-95.027622
39.594748	-95.027354
39.59518	-95.027103
39.596047	-95.026617
39.596481	-95.026392
39.596779	-95.026223
39.597724	-95.025708
39.598248	-95.025437
39.599044	-95.024988
39.600417	-95.024256
39.601112	-95.023903
39.601981	-95.023431
39.602656	-95.023084
39.602997	-95.022901
39.603387	-95.022678
39.603728	-95.022466
39.604053	-95.022237
39.604391	-95.021983
39.604699	-95.021716
39.605192	-95.021226
39.605804	-95.020513
39.607205	-95.018715
39.607966	-95.017751
39.60852	-95.017069
39.609138	-95.016257
39.610153	-95.014966
39.610824	-95.014124
39.611595	-95.013127
39.611843	-95.012789
39.612047	-95.012468
39.612282	-95.01206
39.612594	-95.011504
39.612767	-95.011183
39.612973	-95.010801
39.614082	-95.008776
39.614514	-95.007937
39.614524	-95.007917
39.615384	-95.006307
39.616035	-95.005106
39.616341	-95.004542
39.616668	-95.003911
39.616977	-95.003344
39.617218	-95.002912
39.617532	-95.002351
39.617999	-95.001461
39.61835	-95.000808
39.61856	-95.000416
39.61878	-95.000007
39.620646	-94.996561
39.621356	-94.995212
39.622116	-94.993799
39.622189	-94.993664
39.625022	-94.988399
39.625513	-94.98747
39.626195	-94.986249
39.626458	-94.985745
39.627724	-94.983378
39.628012	-94.982851
39.628153	-94.982593
39.629352	-94.980333
39.629879	-94.979356
39.630351	-94.978474
39.631313	-94.976703
39.631738	-94.975891
39.632646	-94.974181
39.632982	-94.973568
39.633177	-94.973212
39.633572	-94.972489
39.634144	-94.97144
39.634556	-94.970653
39.635001	-94.969832
39.635256	-94.969341
39.635564	-94.968748
39.635625	-94.968637
39.636154	-94.967685
39.636758	-94.966555
39.638059	-94.964167
39.63813	-94.964036
39.638422	-94.963493
39.638731	-94.962904
39.638934	-94.96256
39.639496	-94.961497
39.640229	-94.960136
39.640676	-94.959317
39.640849	-94.959007
39.641494	-94.957794
39.642039	-94.956761
39.642697	-94.955559
39.642951	-94.955066
39.644957	-94.951342
39.645144	-94.950977
39.64556	-94.950227
39.646875	-94.947771
39.648104	-94.945472
39.649352	-94.943121
39.649909	-94.942104
39.650267	-94.941426
39.650566	-94.940887
39.652031	-94.938122
39.652374	-94.937505
39.653101	-94.936121
39.653478	-94.93544
39.654165	-94.934126
39.654451	-94.93363
39.655589	-94.931544
39.656387	-94.930081
39.656744	-94.929445
39.657118	-94.928911
39.657574	-94.928368
39.658075	-94.927872
39.658382	-94.927582
39.658693	-94.927274
39.658982	-94.926996
39.659444	-94.926415
39.659872	-94.925707
39.660223	-94.924977
39.660548	-94.923998
39.661218	-94.921467
39.661398	-94.920776
39.661576	-94.920243
39.661732	-94.919876
39.661928	-94.919498
39.662126	-94.919123
39.662329	-94.918788
39.662513	-94.918544
39.66277	-94.91823
39.663165	-94.917831
39.663479	-94.917556
39.664181	-94.91709
39.664573	-94.916901
39.665111	-94.916697
39.665969	-94.916484
39.66623	-94.916403
39.666564	-94.916282
39.666888	-94.916153
39.667015	-94.916076
39.667625	-94.915639
39.667904	-94.915413
39.668322	-94.915025
39.668977	-94.914404
39.668977	-94.914404
39.669183	-94.914209
39.669673	-94.913755
39.670028	-94.913415
39.67046	-94.913025
39.670766	-94.912732
39.671314	-94.912225
39.671868	-94.911696
39.673721	-94.90999
39.674167	-94.909566
39.675866	-94.907991
39.676131	-94.907742
39.677632	-94.906343
39.678128	-94.905892
39.678901	-94.905175
39.679244	-94.90484
39.679758	-94.904376
39.680663	-94.903533
39.681394	-94.902828
39.681935	-94.902341
39.682554	-94.901769
39.682742	-94.901583
39.68403	-94.900387
39.684426	-94.900013
39.684873	-94.899604
39.685161	-94.89933
39.685545	-94.898981
39.686247	-94.898316
39.686771	-94.897827
39.687316	-94.897337
39.687504	-94.897163
39.688187	-94.896512
39.688424	-94.896302
39.688747	-94.895998
39.689497	-94.895309
39.6903	-94.894563
39.690728	-94.894175
39.691276	-94.893647
39.69265	-94.892368
39.693155	-94.891873
39.693409	-94.891636
39.693594	-94.891454
39.693919	-94.891085
39.694122	-94.890865
39.694377	-94.890573
39.694916	-94.890026
39.695206	-94.889759
39.695798	-94.889225
39.696838	-94.888212
39.697342	-94.887761
39.697811	-94.887342
39.698176	-94.886986
39.698345	-94.886826
39.698962	-94.886247
39.699498	-94.885786
39.700069	-94.885386
39.700358	-94.885171
39.700777	-94.884816
39.70118	-94.884455
39.701883	-94.883778
39.70233	-94.883386
39.702443	-94.883281
39.702743	-94.883003
39.703291	-94.882505
39.703862	-94.881934
39.704896	-94.880974
39.705481	-94.880437
39.70585	-94.880079
39.706052	-94.879882
39.707113	-94.878915
39.708135	-94.877962
39.70867	-94.877446
39.709149	-94.877009
39.709546	-94.876647
39.710087	-94.876145
39.710486	-94.875764
39.710884	-94.875386
39.711024	-94.875253
39.711252	-94.875003
39.711397	-94.874852
39.711535	-94.874672
39.711668	-94.874454
39.711736	-94.874365
39.711799	-94.874282
39.711824	-94.874233
39.711937	-94.874016
39.711968	-94.873956
39.71214	-94.873572
39.712383	-94.873
39.712555	-94.872583
39.712648	-94.872413
39.7128	-94.872135
39.712849	-94.872046
39.713	-94.871828
39.71327	-94.871499
39.71346	-94.87129
39.713738	-94.87102
39.713825	-94.870936
39.713931	-94.870833
39.714137	-94.870639
39.714157	-94.87062
39.714576	-94.87024
39.715009	-94.869829
39.715454	-94.869412
39.715878	-94.869026
39.716327	-94.868611
39.716394	-94.868549
39.716467	-94.86848
39.716767	-94.868202
39.717211	-94.867782
39.717636	-94.867376
39.718006	-94.867035
39.71808	-94.866965
39.71854	-94.866537
39.718941	-94.866194
39.719259	-94.865922
39.719368	-94.865815
39.719409	-94.865754
39.719445	-94.865676
39.719447	-94.865559
39.719507	-94.86545
39.71958	-94.865351
39.720321	-94.864646
39.720699	-94.864285
39.72091	-94.864084
39.721062	-94.86395
39.721422	-94.863632
39.721615	-94.863462
39.721777	-94.863331
39.722133	-94.862983
39.722484	-94.862659
39.722852	-94.862319
39.72325	-94.861939
39.723874	-94.861335
39.723987	-94.861232
39.724365	-94.860887
39.724702	-94.860578
39.72507	-94.860244
39.725237	-94.860093
39.725439	-94.859908
39.725487	-94.859864
39.725629	-94.859736
39.725821	-94.859554
39.726001	-94.859412
39.726156	-94.859326
39.726406	-94.859262
39.726548	-94.859224
39.726643	-94.859184
39.726784	-94.859085
39.727155	-94.85879
39.728459	-94.857769
39.729667	-94.856831
39.731094	-94.855733
39.732633	-94.854534
39.7338	-94.853642
39.734453	-94.853137
39.734622	-94.853016
39.734777	-94.852915
39.734892	-94.852851
39.73501	-94.85281
39.735159	-94.852768
39.735277	-94.852753
39.73542	-94.852743
39.736687	-94.852763
39.736935	-94.852769
39.736935	-94.852769
39.738869	-94.852818
39.739069	-94.852824
39.739547	-94.852824
39.74022	-94.852824
39.740763	-94.852824
39.740967	-94.852824
39.74117	-94.852827
39.74167	-94.852815
39.741894	-94.852836
39.742462	-94.852834
39.743371	-94.852843
39.743871	-94.852854
39.744801	-94.852856
39.745531	-94.852842
39.745531	-94.852842
39.74566	-94.852839
39.745914	-94.852834
39.746826	-94.852837
39.748154	-94.852849
39.748387	-94.852848
39.748567	-94.852847
39.748648	-94.852847
39.748773	-94.852846
39.748828	-94.852846
39.748877	-94.852846
39.749057	-94.852845
39.750146	-94.852841
39.75151	-94.852836
39.752442	-94.85283
39.752588	-94.852829
39.753141	-94.852838
39.753371	-94.852833
39.753939	-94.852832
39.754294	-94.852829
39.754624	-94.85282
39.755446	-94.852825
39.75667	-94.852834
39.757195	-94.852855
39.757403	-94.852857
39.757909	-94.852849
39.75902	-94.852854
39.759019	-94.852157
39.759019	-94.851819
39.759017	-94.851665
39.759017	-94.851665
39.759012	-94.85125
39.759004	-94.850642
39.758991	-94.849337
39.7581	-94.84934
39.757755	-94.849342
39.757195	-94.849333
39.756293	-94.84932
39.755844	-94.849316
39.755334	-94.849315
39.755326	-94.849054
39.755314	-94.848682
39.75531	-94.848494
39.755297	-94.848029
39.75584	-94.848029
39.755935	-94.84803
