40.6708	-99.039224
40.670919	-99.039219
40.670922	-99.039375
40.670934	-99.039844
40.670969	-99.040243
40.670998	-99.040547
40.671058	-99.041198
40.67107	-99.041504
40.671064	-99.041637
40.671032	-99.041778
40.670996	-99.041914
40.670922	-99.042051
40.670842	-99.04217
40.670749	-99.042289
40.670646	-99.042382
40.670534	-99.042487
40.670429	-99.042663
40.670356	-99.042872
40.670313	-99.043096
40.670309	-99.043692
40.670327	-99.043887
40.670407	-99.044179
40.670446	-99.044388
40.670446	-99.044641
40.670392	-99.044917
40.670319	-99.04517
40.670327	-99.047054
40.67032	-99.047234
40.67026	-99.047461
40.670222	-99.052762
40.670221	-99.053696
40.670212	-99.063833
40.670229	-99.064261
40.670241	-99.065876
40.670266	-99.066061
40.67032	-99.066207
40.670395	-99.066327
40.670486	-99.066419
40.670696	-99.06654
40.67082	-99.066614
40.670902	-99.066684
40.670958	-99.066772
40.671001	-99.066856
40.671038	-99.066974
40.671067	-99.067106
40.671075	-99.067232
40.671065	-99.067358
40.671046	-99.067477
40.671011	-99.067566
40.670952	-99.067658
40.670608	-99.068251
40.67055	-99.068382
40.670512	-99.068482
40.670474	-99.068639
40.670444	-99.068825
40.670426	-99.069006
40.670422	-99.069127
40.670423	-99.069269
40.670523	-99.071749
40.670551	-99.072466
40.670615	-99.073967
40.670746	-99.076982
40.670902	-99.080795
40.670968	-99.082395
40.671032	-99.082393
40.671545	-99.082385
40.671803	-99.082379
40.672274	-99.082366
40.672859	-99.082343
40.673353	-99.082334
40.674108	-99.082304
40.675224	-99.082278
40.675853	-99.082256
40.676144	-99.082253
40.676424	-99.08225
40.677474	-99.082239
40.67774	-99.082233
40.67892	-99.082206
40.679097	-99.082201
40.679157	-99.0822
40.679486	-99.08219
40.679888	-99.082179
40.680244	-99.082169
40.680491	-99.082162
40.680536	-99.082161
40.680742	-99.082155
40.68095	-99.082149
40.681105	-99.082145
40.681301	-99.082141
40.681559	-99.082135
40.68182	-99.082128
40.682253	-99.082118
40.682629	-99.08211
40.682799	-99.082106
40.683764	-99.082081
40.684505	-99.082062
40.684505	-99.082062
40.685013	-99.082049
40.685031	-99.083411
40.685041	-99.084181
40.685047	-99.084671
40.685049	-99.084809
40.685061	-99.085691
40.685066	-99.086129
40.685084	-99.087495
40.685093	-99.088182
40.685097	-99.088496
40.685102	-99.088874
40.685111	-99.089583
40.68512	-99.090271
40.685137	-99.091613
40.685173	-99.094343
40.685181	-99.094982
40.685189	-99.09559
40.68519	-99.095666
40.685205	-99.096818
40.68522	-99.097944
40.685233	-99.099006
40.685243	-99.099754
40.685247	-99.100043
40.685268	-99.101083
40.685272	-99.101506
40.685273	-99.101642
40.685274	-99.101837
40.685277	-99.102143
40.685275	-99.102399
40.685264	-99.102758
40.685242	-99.10318
40.685147	-99.104106
40.685132	-99.104283
40.685131	-99.104302
40.68512	-99.104626
40.685122	-99.104957
40.685126	-99.105628
40.685131	-99.106435
40.685132	-99.106638
40.685147	-99.109273
40.685163	-99.111979
40.685166	-99.112542
40.685166	-99.112542
40.685174	-99.113878
40.685198	-99.118035
40.685224	-99.122691
40.685243	-99.122826
40.685308	-99.123105
40.685361	-99.123252
40.685412	-99.123335
40.685442	-99.123384
40.685529	-99.123469
40.685621	-99.123537
40.685779	-99.123603
40.685952	-99.123663
40.687626	-99.123591
40.687976	-99.123573
40.688883	-99.123527
40.688957	-99.123511
40.689315	-99.123437
40.690223	-99.123296
40.6907	-99.12325
40.692584	-99.123162
40.693334	-99.123175
40.694481	-99.123243
40.694823	-99.123243
40.695283	-99.123234
40.695554	-99.123228
40.696189	-99.123213
40.697128	-99.123184
40.697359	-99.123177
40.697703	-99.12316
40.697852	-99.123151
40.697993	-99.123139
40.698138	-99.123109
40.698286	-99.123055
40.698616	-99.122901
40.698832	-99.122784
40.698881	-99.122758
40.699012	-99.122647
40.699422	-99.122494
40.699542	-99.122439
40.699542	-99.122603
40.699539	-99.124141
40.699518	-99.126327
40.699456	-99.127084
40.69944	-99.127863
40.699436	-99.129432
40.699433	-99.130063
40.699429	-99.13039
40.699424	-99.130717
40.6994	-99.131314
40.699367	-99.131701
40.699323	-99.132089
40.699257	-99.13251
40.699127	-99.133219
40.698866	-99.134498
40.698805	-99.134925
40.698749	-99.135407
40.698713	-99.135849
40.698699	-99.136373
40.698698	-99.136974
40.698714	-99.137369
40.698762	-99.138077
40.698835	-99.138907
40.698844	-99.139176
40.69885	-99.139345
40.698856	-99.139899
40.698828	-99.140569
40.698793	-99.141058
40.698774	-99.14121
40.698735	-99.14153
40.698688	-99.141833
40.698632	-99.142248
40.698619	-99.142347
40.698562	-99.142803
40.698491	-99.143363
40.698453	-99.143867
40.698416	-99.144724
40.698442	-99.145319
40.698474	-99.145903
40.698553	-99.146597
40.698621	-99.147053
40.698737	-99.147616
40.698864	-99.148247
40.698927	-99.148546
40.698969	-99.148742
40.699256	-99.150059
40.699296	-99.150308
40.699376	-99.150936
40.699437	-99.151646
40.699453	-99.152063
40.699468	-99.152512
40.699445	-99.15413
40.699451	-99.155218
40.699453	-99.155769
40.699457	-99.156815
40.699453	-99.160002
40.699453	-99.160374
40.699452	-99.160778
40.699449	-99.161007
40.699449	-99.161188
40.699453	-99.162729
40.699454	-99.163068
40.699457	-99.163763
40.699461	-99.166098
40.699456	-99.169736
40.699454	-99.170865
40.699458	-99.173024
40.699458	-99.173404
40.69946	-99.174246
40.699461	-99.174891
40.699463	-99.175564
40.699476	-99.179433
40.699515	-99.190193
40.699517	-99.190324
40.699549	-99.198079
40.699551	-99.198428
40.699542	-99.199443
40.699562	-99.202708
40.699561	-99.203806
40.699574	-99.208177
40.699579	-99.21033
40.699582	-99.210945
40.699596	-99.213663
40.699611	-99.217183
40.699613	-99.217598
40.699654	-99.227284
40.699644	-99.231028
40.699664	-99.232916
40.699665	-99.23385
40.699678	-99.234312
40.699715	-99.234972
40.699762	-99.235549
40.699837	-99.236247
40.699868	-99.236528
40.699994	-99.237706
40.700947	-99.245161
40.701152	-99.246672
40.701868	-99.252097
40.702263	-99.255247
40.702423	-99.256596
40.702607	-99.258
40.702757	-99.259256
40.702862	-99.260111
40.702918	-99.260573
40.703231	-99.263083
40.703286	-99.263473
40.703627	-99.266126
40.704662	-99.274257
40.705156	-99.278102
40.705492	-99.280834
40.706904	-99.291792
40.707105	-99.293279
40.707358	-99.295378
40.707503	-99.296452
40.707823	-99.298894
40.70787	-99.299257
40.708332	-99.302873
40.710755	-99.321782
40.711122	-99.324642
40.711149	-99.324845
40.711517	-99.327729
40.711977	-99.331326
40.713221	-99.341028
40.713289	-99.341556
40.713312	-99.34173
40.714425	-99.35041
40.715465	-99.358456
40.715732	-99.36057
40.716266	-99.364632
40.716962	-99.369926
40.717092	-99.370928
40.717263	-99.372217
40.717389	-99.373228
40.717408	-99.373383
40.717572	-99.374677
40.717752	-99.376014
40.71804	-99.37744
40.718325	-99.378893
40.718408	-99.379537
40.718633	-99.381148
40.718987	-99.38388
40.719066	-99.384568
40.719087	-99.384747
40.719499	-99.387951
40.719636	-99.389018
40.719804	-99.390443
40.720316	-99.396226
40.720379	-99.396826
40.720444	-99.397356
40.720784	-99.400043
40.720824	-99.400344
40.720862	-99.400622
40.720891	-99.400842
40.721806	-99.408028
40.72419	-99.426665
40.724743	-99.431089
40.725407	-99.436243
40.726638	-99.445811
40.728483	-99.460296
40.72907	-99.464836
40.730554	-99.476508
40.730674	-99.47745
40.731491	-99.483843
40.732705	-99.493361
40.732956	-99.495306
40.733812	-99.502068
40.733896	-99.502744
40.73422	-99.505237
40.734282	-99.50574
40.734321	-99.506069
40.734761	-99.5095
40.736301	-99.521618
40.73662	-99.524014
40.737036	-99.526486
40.737451	-99.528959
40.737686	-99.530415
40.737846	-99.531561
40.738099	-99.533673
40.738265	-99.535021
40.738434	-99.536389
40.738615	-99.537628
40.738627	-99.537738
40.738771	-99.538846
40.738836	-99.539366
40.738903	-99.539929
40.739014	-99.540838
40.739093	-99.541614
40.739093	-99.541614
40.739119	-99.541875
40.739203	-99.543101
40.739267	-99.544637
40.739323	-99.545379
40.739396	-99.546073
40.739401	-99.546112
40.73943	-99.546346
40.739603	-99.547756
40.739927	-99.550204
40.740668	-99.556009
40.741134	-99.559794
40.741683	-99.564045
40.742365	-99.569379
40.74284	-99.573167
40.74308	-99.575002
40.743357	-99.577234
40.743557	-99.578761
40.743719	-99.580096
40.743998	-99.58224
40.744166	-99.583651
40.74436	-99.585083
40.744414	-99.585625
40.744612	-99.587144
40.744895	-99.589452
40.745331	-99.592904
40.745806	-99.596811
40.745922	-99.597711
40.747367	-99.609063
40.747606	-99.610691
40.747942	-99.612518
40.748546	-99.61524
40.748702	-99.616014
40.748894	-99.616806
40.749552	-99.619806
40.749834	-99.621145
40.750535	-99.624238
40.75075	-99.625219
40.751138	-99.627009
40.751801	-99.630069
40.75312	-99.635997
40.753768	-99.638925
40.753889	-99.639474
40.755313	-99.645914
40.755509	-99.646806
40.755715	-99.647748
40.755974	-99.648918
40.756301	-99.650399
40.75726	-99.654796
40.757858	-99.657518
40.758042	-99.658312
40.758285	-99.659413
40.759554	-99.66516
40.760828	-99.67097
40.761309	-99.673179
40.761836	-99.675532
40.762708	-99.679522
40.763168	-99.681595
40.763844	-99.684708
40.764149	-99.686048
40.764248	-99.686485
40.765166	-99.69066
40.765438	-99.691935
40.766177	-99.695273
40.766657	-99.69747
40.76681	-99.698167
40.767412	-99.700911
40.767483	-99.701232
40.767493	-99.701276
40.767759	-99.702472
40.768063	-99.703813
40.768464	-99.705712
40.769223	-99.709151
40.769609	-99.710904
40.770518	-99.715027
40.77175	-99.720676
40.772251	-99.72297
40.772764	-99.725237
40.772909	-99.725808
40.773042	-99.726275
40.773747	-99.728563
40.773836	-99.728883
40.773949	-99.72929
40.77411	-99.729921
40.774254	-99.730655
40.774505	-99.731745
40.775149	-99.734711
40.775454	-99.736113
40.775746	-99.73747
40.775901	-99.738147
40.775998	-99.738624
40.77605	-99.738745
40.776098	-99.738904
40.77615	-99.739134
40.776398	-99.740231
40.776703	-99.741554
40.776917	-99.742533
40.777	-99.742914
40.777246	-99.744045
40.777312	-99.744349
40.777606	-99.74568
40.777904	-99.747047
40.778136	-99.74812
40.778293	-99.748815
40.778338	-99.749012
40.778357	-99.749106
40.778618	-99.750414
40.778965	-99.751957
40.778992	-99.752258
40.779205	-99.753274
40.779284	-99.75364
40.779299	-99.753714
40.779385	-99.754113
40.779709	-99.755569
40.779916	-99.756527
40.780135	-99.757534
40.780351	-99.758527
40.780357	-99.758553
40.780444	-99.758952
40.780486	-99.759179
40.780558	-99.75958
40.780631	-99.76005
40.780748	-99.760885
40.780903	-99.762057
40.781019	-99.762804
40.7811	-99.76325
40.781192	-99.763759
40.781384	-99.764662
40.78209	-99.76783
40.782278	-99.768763
40.782412	-99.769389
40.782596	-99.770197
40.784239	-99.777639
40.784668	-99.779632
40.78507	-99.781449
40.785666	-99.784187
40.785805	-99.784875
40.786272	-99.786972
40.787682	-99.793395
40.78838	-99.796604
40.788854	-99.798791
40.789382	-99.801203
40.790434	-99.806038
40.790595	-99.806842
40.790798	-99.807736
40.791124	-99.809068
40.791404	-99.810063
40.791705	-99.811072
40.792033	-99.8121
40.792318	-99.81293
40.792982	-99.814723
40.793199	-99.815278
40.793407	-99.815852
40.793804	-99.816895
40.794127	-99.817771
40.794837	-99.819633
40.795139	-99.82047
40.795437	-99.82122
40.796046	-99.822858
40.796182	-99.823248
40.796684	-99.824577
40.796812	-99.824858
40.796903	-99.825083
40.797055	-99.825498
40.797528	-99.826754
40.798681	-99.829801
40.799492	-99.831966
40.800197	-99.833841
40.800242	-99.833962
40.800531	-99.834737
40.80079	-99.835423
40.801071	-99.836168
40.801314	-99.836798
40.80263	-99.840322
40.804061	-99.844104
40.804445	-99.845119
40.805044	-99.8467
40.80587	-99.848918
40.806524	-99.85066
40.806839	-99.851491
40.80765	-99.853665
40.807919	-99.854385
40.808302	-99.85537
40.808825	-99.856764
40.809242	-99.857904
40.809629	-99.858907
40.809892	-99.859629
40.810564	-99.861371
40.81096	-99.862454
40.811266	-99.863255
40.811657	-99.864332
40.812164	-99.86567
40.812661	-99.867013
40.813829	-99.870102
40.814891	-99.872949
40.815709	-99.87513
40.816235	-99.876535
40.816354	-99.876831
40.81666	-99.877655
40.816995	-99.878471
40.817396	-99.87935
40.817699	-99.879973
40.818208	-99.881081
40.818619	-99.882071
40.81873	-99.882358
40.818949	-99.882951
40.820412	-99.886856
40.821943	-99.89095
40.822229	-99.891715
40.822597	-99.892657
40.822744	-99.893075
40.823208	-99.894327
40.823452	-99.895032
40.823542	-99.895287
40.823895	-99.896514
40.824088	-99.897159
40.824238	-99.897692
40.824428	-99.898327
40.824694	-99.89908
40.825058	-99.900057
40.825169	-99.900356
40.82739	-99.906303
40.827832	-99.907459
40.828678	-99.909734
40.829769	-99.912668
40.830309	-99.914087
40.830736	-99.915237
40.830859	-99.915542
40.830981	-99.915897
40.8319	-99.918339
40.832247	-99.919287
40.832533	-99.920048
40.832881	-99.921009
40.833205	-99.92184
40.833435	-99.922476
40.83436	-99.924942
40.835001	-99.926646
40.835544	-99.928123
40.835741	-99.928633
40.837915	-99.934465
40.838059	-99.934829
40.838549	-99.936174
40.83939	-99.93838
40.840571	-99.941548
40.841943	-99.945219
40.843276	-99.948808
40.843567	-99.949572
40.844661	-99.952489
40.844919	-99.953196
40.845421	-99.954538
40.845891	-99.955833
40.84637	-99.957085
40.846421	-99.957236
40.846746	-99.958115
40.84791	-99.961227
40.848015	-99.961529
40.849493	-99.965472
40.849978	-99.966777
40.850593	-99.968436
40.850798	-99.968965
40.851306	-99.970351
40.851727	-99.971479
40.85201	-99.972169
40.852129	-99.972459
40.852458	-99.973208
40.853195	-99.97479
40.853428	-99.975315
40.853661	-99.975877
40.853711	-99.975998
40.854123	-99.977097
40.854244	-99.977411
40.854382	-99.977759
40.854428	-99.977877
40.854649	-99.978463
40.854717	-99.978626
40.854898	-99.979114
40.855278	-99.980118
40.855389	-99.980413
40.855745	-99.981355
40.855918	-99.981819
40.855942	-99.981884
40.856312	-99.98284
40.856467	-99.983253
40.856533	-99.983434
40.856584	-99.983573
40.856633	-99.983705
40.856735	-99.983978
40.856953	-99.984544
40.857448	-99.985903
40.857663	-99.986475
40.857991	-99.987356
40.858323	-99.988253
40.858491	-99.988705
40.858917	-99.98981
40.859129	-99.990394
40.859183	-99.990465
40.859236	-99.990563
40.859286	-99.990689
40.859464	-99.991169
40.859586	-99.991501
40.859791	-99.992072
40.859865	-99.992303
40.859899	-99.99244
40.85993	-99.992604
40.859996	-99.992788
40.860563	-99.994355
40.860775	-99.99492
40.860925	-99.995323
40.861024	-99.995615
40.861203	-99.996035
40.861348	-99.996468
40.86151	-99.996981
40.861665	-99.997526
40.861824	-99.998078
40.861983	-99.998636
40.862201	-99.999365
40.862334	-99.999783
40.862469	-100.000183
40.862692	-100.000819
40.863216	-100.002234
40.864711	-100.006273
40.867811	-100.014596
40.867951	-100.01497
40.870647	-100.022192
40.870957	-100.023029
40.870957	-100.023029
40.871416	-100.02427
40.871696	-100.025026
40.872045	-100.025935
40.872836	-100.028063
40.873584	-100.030066
40.873761	-100.03054
40.874456	-100.032412
40.874928	-100.033683
40.878298	-100.04272
40.878502	-100.043267
40.879824	-100.046817
40.881255	-100.050982
40.88187	-100.052729
40.882397	-100.054265
40.883618	-100.057098
40.883817	-100.057602
40.884147	-100.058511
40.88516	-100.061466
40.885515	-100.0625
40.887569	-100.068464
40.887711	-100.068874
40.887866	-100.069328
40.887948	-100.069569
40.887972	-100.06964
40.888344	-100.070711
40.888686	-100.071725
40.889325	-100.073585
40.889967	-100.075471
40.890417	-100.076821
40.890557	-100.077309
40.890828	-100.078321
40.891061	-100.079264
40.891237	-100.079936
40.89174	-100.081517
40.891929	-100.082044
40.892748	-100.084456
40.89291	-100.084926
40.893224	-100.085742
40.893543	-100.086509
40.894306	-100.08829
40.895406	-100.090797
40.895454	-100.090902
40.895736	-100.091553
40.898519	-100.097952
40.900552	-100.102649
40.900587	-100.102729
40.901964	-100.105921
40.902169	-100.106405
40.902403	-100.106917
40.90256	-100.107277
40.903591	-100.109645
40.905052	-100.113018
40.905654	-100.114386
40.906921	-100.117337
40.907911	-100.11962
40.908349	-100.120592
40.908723	-100.121489
40.90997	-100.124359
40.910168	-100.124838
40.910669	-100.125992
40.911421	-100.127747
40.911744	-100.128484
40.911849	-100.128732
40.9137	-100.132975
40.915532	-100.137162
40.916662	-100.139751
40.917296	-100.14119
40.918488	-100.143922
40.918791	-100.144615
40.919626	-100.146533
40.920124	-100.147673
40.920617	-100.148807
40.921008	-100.149695
40.921381	-100.150543
40.921836	-100.151579
40.921919	-100.151774
40.922042	-100.152059
40.922374	-100.152825
40.923032	-100.15433
40.923568	-100.155402
40.923948	-100.15615
40.92427	-100.156836
40.924766	-100.157961
40.925295	-100.159155
40.925749	-100.16021
40.92576	-100.160236
40.925793	-100.160314
40.92588	-100.160521
40.926001	-100.160807
40.926312	-100.161542
40.926782	-100.162636
40.926824	-100.162733
40.927118	-100.163389
40.92736	-100.16393
40.927871	-100.16512
40.928389	-100.166317
40.928542	-100.166667
40.928583	-100.166759
40.928662	-100.166944
40.928922	-100.16755
40.929094	-100.167947
40.929476	-100.16883
40.929998	-100.170039
40.930047	-100.170146
40.930286	-100.170725
40.930427	-100.171084
40.930583	-100.171501
40.930795	-100.172103
40.930926	-100.172466
40.931161	-100.17312
40.93138	-100.173663
40.931566	-100.174109
40.932504	-100.176282
40.936704	-100.185971
40.937361	-100.187504
40.938282	-100.189607
40.939607	-100.192667
40.943435	-100.201587
40.943996	-100.202873
40.945163	-100.205546
40.945491	-100.206299
40.946956	-100.209758
40.948996	-100.214526
40.950172	-100.217275
40.951564	-100.220544
40.953152	-100.224215
40.954664	-100.227772
40.958767	-100.237243
40.960852	-100.24207
40.961323	-100.243111
40.964429	-100.250294
40.96466	-100.250895
40.96528	-100.25229
40.967489	-100.257374
40.969428	-100.261898
40.970562	-100.264518
40.973322	-100.270891
40.973776	-100.271957
40.973893	-100.272203
40.974226	-100.272899
40.975881	-100.276315
40.97807	-100.280852
40.978558	-100.281896
40.978781	-100.28236
40.979875	-100.284613
40.983365	-100.291842
40.984797	-100.29484
40.987219	-100.299872
40.988111	-100.30169
40.988677	-100.302731
40.98931	-100.303835
40.990066	-100.305059
40.991115	-100.306652
40.992261	-100.308354
40.996717	-100.315097
40.998462	-100.317749
40.998751	-100.318226
40.998862	-100.318444
40.998953	-100.318653
40.999077	-100.318909
40.999245	-100.319335
40.999387	-100.31977
40.999445	-100.319968
40.999591	-100.320591
40.999653	-100.321015
40.999724	-100.321787
40.999773	-100.322192
40.99991	-100.323641
41.000092	-100.325741
41.000242	-100.327209
41.000394	-100.329091
41.000626	-100.33152
41.000981	-100.335445
41.00116	-100.33731
41.001227	-100.33777
41.001278	-100.338054
41.001419	-100.338555
41.001593	-100.339066
41.00182	-100.339634
41.001944	-100.339871
41.002693	-100.341502
41.003676	-100.343599
41.00401	-100.344217
41.004219	-100.34455
41.005145	-100.345818
41.010062	-100.352242
41.013632	-100.356889
41.013714	-100.356995
41.017375	-100.361655
41.01776	-100.362165
41.019843	-100.364892
41.020196	-100.365355
41.020533	-100.365791
41.02091	-100.366262
41.021324	-100.366812
41.021725	-100.367318
41.022015	-100.367696
41.022107	-100.367816
41.022501	-100.368329
41.022907	-100.368858
41.023275	-100.369337
41.023678	-100.369862
41.023987	-100.370265
41.02483	-100.371336
41.026444	-100.373465
41.026574	-100.373637
41.027238	-100.374513
41.028159	-100.375769
41.028224	-100.375857
41.030515	-100.378981
41.032558	-100.381664
41.032985	-100.382246
41.033732	-100.383429
41.033915	-100.383762
41.034059	-100.384
41.034593	-100.385054
41.034828	-100.385529
41.035054	-100.386097
41.035304	-100.386665
41.035463	-100.387083
41.035611	-100.387519
41.035721	-100.387803
41.035876	-100.388286
41.036174	-100.389133
41.036771	-100.390919
41.037493	-100.393096
41.037925	-100.394345
41.039549	-100.399229
41.04224	-100.407194
41.042999	-100.409514
41.043789	-100.411838
41.044287	-100.413302
41.046592	-100.420169
41.046757	-100.42066
41.046867	-100.420996
41.048324	-100.425348
41.049098	-100.42766
41.049782	-100.429703
41.050312	-100.431296
41.052043	-100.436439
41.053382	-100.440451
41.053607	-100.441127
41.055415	-100.446566
41.056084	-100.448798
41.058311	-100.456192
41.059159	-100.459005
41.060497	-100.463458
41.060979	-100.465023
41.061774	-100.467698
41.06197	-100.468353
41.062291	-100.469402
41.066004	-100.481734
41.068116	-100.488746
41.070152	-100.495539
41.071813	-100.501078
41.072025	-100.501739
41.072318	-100.502753
41.072993	-100.505002
41.074856	-100.511205
41.075412	-100.513003
41.07552	-100.513333
41.075808	-100.51419
41.076133	-100.515205
41.076254	-100.515605
41.07651	-100.51645
41.077179	-100.518675
41.07728	-100.519003
41.077537	-100.519904
41.077623	-100.520176
41.078267	-100.522289
41.07887	-100.524316
41.079018	-100.524809
41.079175	-100.525344
41.079701	-100.5271
41.079794	-100.527414
41.080005	-100.528124
41.081239	-100.532224
41.081367	-100.532632
41.081501	-100.533028
41.081683	-100.533465
41.08179	-100.533678
41.08199	-100.534049
41.082164	-100.534373
41.082481	-100.534905
41.083136	-100.536041
41.08351	-100.536798
41.08362	-100.537073
41.083797	-100.537598
41.083878	-100.537877
41.083934	-100.538103
41.084034	-100.538596
41.084108	-100.539119
41.084156	-100.539699
41.08417	-100.540016
41.08417	-100.540303
41.084144	-100.540891
41.084044	-100.542137
41.083872	-100.543732
41.083709	-100.544979
41.083693	-100.54564
41.083701	-100.545859
41.08373	-100.54623
41.083776	-100.546616
41.083848	-100.547026
41.084005	-100.547653
41.084193	-100.548217
41.084425	-100.548758
41.084633	-100.549152
41.085538	-100.550643
41.086002	-100.551447
41.086128	-100.551703
41.086288	-100.552077
41.086427	-100.55245
41.086579	-100.552921
41.086696	-100.553324
41.086801	-100.553678
41.087731	-100.556798
41.088708	-100.560043
41.088969	-100.56094
41.089617	-100.563096
41.090386	-100.565681
41.090826	-100.567124
41.092787	-100.573645
41.092976	-100.574311
41.093416	-100.575787
41.093416	-100.575787
41.094346	-100.578904
41.095057	-100.581242
41.09534	-100.582196
41.09636	-100.585573
41.096469	-100.585988
41.097942	-100.590864
41.098597	-100.59306
41.100845	-100.600564
41.101297	-100.602072
41.101512	-100.602818
41.101644	-100.603228
41.102725	-100.606832
41.103668	-100.610019
41.104608	-100.613145
41.10496	-100.61429
41.105679	-100.616743
41.106101	-100.618133
41.106493	-100.619437
41.106809	-100.620489
41.107359	-100.622322
41.107377	-100.622384
41.108621	-100.626576
41.108787	-100.627125
41.109629	-100.629917
41.111163	-100.635072
41.111656	-100.636699
41.112743	-100.640342
41.113028	-100.641246
41.113467	-100.642434
41.1137	-100.642995
41.114193	-100.644082
41.118476	-100.653403
41.118859	-100.654228
41.120244	-100.657266
41.120515	-100.657845
41.123779	-100.664952
41.124081	-100.665622
41.124492	-100.666466
41.12697	-100.671863
41.127006	-100.671941
41.12752	-100.673053
41.127865	-100.673776
41.128003	-100.674119
41.128565	-100.675355
41.129246	-100.67684
41.131321	-100.681364
41.131581	-100.681948
41.132349	-100.683603
41.133227	-100.685532
41.133278	-100.685635
41.133316	-100.685712
41.133744	-100.686658
41.134388	-100.688081
41.134658	-100.68879
41.134852	-100.689419
41.135071	-100.690342
41.135132	-100.690675
41.13522	-100.691215
41.135256	-100.691544
41.135299	-100.691929
41.135332	-100.692403
41.135339	-100.692949
41.135335	-100.693441
41.135315	-100.693846
41.135261	-100.694489
41.135118	-100.695803
41.13493	-100.697661
41.13483	-100.698422
41.134467	-100.701768
41.134394	-100.702447
41.133987	-100.706136
41.133942	-100.706528
41.133909	-100.706834
41.133847	-100.707311
41.133768	-100.708049
41.133671	-100.709095
41.133615	-100.709595
41.133584	-100.709869
41.133397	-100.711526
41.133242	-100.712932
41.133241	-100.712942
41.133006	-100.715022
41.132137	-100.722866
41.132001	-100.723966
41.131956	-100.724559
41.131891	-100.726324
41.13189	-100.726426
41.132092	-100.726493
41.133001	-100.726805
41.133172	-100.726894
41.13403	-100.727209
41.134657	-100.727475
41.135298	-100.727769
41.135665	-100.727925
41.137224	-100.728777
41.137833	-100.729114
41.138826	-100.729709
41.139562	-100.730205
41.139766	-100.730352
41.140146	-100.730654
41.140514	-100.730981
41.140859	-100.731341
41.141224	-100.731804
41.141513	-100.732207
41.141805	-100.732688
41.142016	-100.733079
41.142139	-100.733336
41.142402	-100.733948
41.142558	-100.734372
41.142658	-100.734693
41.142685	-100.73478
41.142797	-100.735183
41.142914	-100.735727
41.142972	-100.736041
41.143049	-100.73658
41.143186	-100.737635
41.14342	-100.739446
41.143616	-100.740914
41.143832	-100.742537
41.144162	-100.745003
41.144297	-100.746006
41.144336	-100.746301
41.144485	-100.74745
41.144645	-100.74868
41.14481	-100.749923
41.144976	-100.751147
41.145144	-100.752393
41.145282	-100.75343
41.145308	-100.753633
41.145385	-100.754222
41.145463	-100.754833
41.14562	-100.756077
41.145785	-100.757305
41.145952	-100.75855
41.146116	-100.759779
41.146288	-100.761005
41.146444	-100.7622
41.146613	-100.763468
41.146767	-100.7647
41.146928	-100.765927
41.147093	-100.767182
41.147172	-100.767783
41.147216	-100.768115
41.147251	-100.76838
41.147366	-100.769237
41.147417	-100.769622
41.14758	-100.770837
41.147661	-100.77144
41.147745	-100.772087
41.147807	-100.772606
41.147817	-100.772761
41.147826	-100.773276
41.147839	-100.774399
41.147847	-100.77517
41.147856	-100.775403
41.14789	-100.775626
41.148009	-100.77631
41.148029	-100.776621
41.148026	-100.777008
41.148028	-100.777152
41.148044	-100.777834
41.148052	-100.77789
41.148074	-100.778028
41.148107	-100.778329
41.148151	-100.778734
41.148159	-100.779105
41.148163	-100.779769
41.148167	-100.780265
41.148175	-100.781223
41.148177	-100.781459
41.148188	-100.782664
41.148185	-100.783437
41.148189	-100.783811
41.14822	-100.78504
41.148241	-100.786246
41.148254	-100.787419
41.148257	-100.788607
41.148305	-100.789476
41.148335	-100.790663
41.148363	-100.791129
41.148407	-100.791521
41.148455	-100.79198
41.148521	-100.792324
41.148704	-100.793129
41.148758	-100.79352
41.149096	-100.795008
41.149444	-100.796583
41.149609	-100.797274
41.149806	-100.798101
41.150115	-100.799389
41.150206	-100.799763
41.150237	-100.799892
41.150534	-100.801119
41.150729	-100.801935
41.151359	-100.804571
41.151359	-100.804571
41.151624	-100.805683
41.151771	-100.8063
41.151889	-100.806764
41.152026	-100.807283
41.152201	-100.807869
41.152233	-100.807949
41.152413	-100.808406
41.152532	-100.808643
41.152736	-100.809049
41.152765	-100.809108
41.152883	-100.809296
41.153063	-100.809581
41.153388	-100.810012
41.153447	-100.81009
41.153981	-100.810618
41.154352	-100.810986
41.154896	-100.811506
41.155532	-100.812166
41.155861	-100.812496
41.15681	-100.8135
41.15813	-100.814816
41.158461	-100.815144
41.158715	-100.815394
41.158884	-100.815562
41.159947	-100.816619
41.160255	-100.816941
41.160525	-100.817225
41.160954	-100.817728
41.161274	-100.818204
41.161488	-100.818587
41.161719	-100.819042
41.161885	-100.819452
41.162041	-100.819895
41.162133	-100.820223
41.162177	-100.820381
41.162291	-100.820909
41.162393	-100.821569
41.162436	-100.822103
41.162441	-100.822158
41.162451	-100.822497
41.162449	-100.823022
41.162443	-100.824183
41.162436	-100.825296
41.162421	-100.82644
41.162407	-100.827554
41.162392	-100.830002
41.162387	-100.831515
41.162389	-100.839829
41.162391	-100.843096
41.162398	-100.846127
41.162406	-100.849222
41.162407	-100.851877
41.162408	-100.85406
41.162409	-100.858827
41.162411	-100.860504
41.162418	-100.868256
41.16242	-100.87468
41.16242	-100.875232
41.162421	-100.876203
41.162422	-100.876975
41.162426	-100.880277
41.162426	-100.881446
41.162425	-100.88243
41.162425	-100.882474
41.162426	-100.883132
41.162428	-100.886198
41.162429	-100.887218
41.162427	-100.891659
41.162427	-100.891695
41.162427	-100.896699
41.162427	-100.897487
41.16243	-100.901817
41.162428	-100.911413
41.162432	-100.914441
41.162444	-100.916447
41.162451	-100.917634
41.162479	-100.920622
41.162481	-100.920809
41.16254	-100.925889
41.162587	-100.930432
41.162647	-100.935437
41.162678	-100.937831
41.16271	-100.941032
41.162748	-100.944146
41.162749	-100.945115
41.162758	-100.95065
41.162758	-100.954727
41.162758	-100.961099
41.162757	-100.964215
41.162763	-100.971703
41.162765	-100.97372
41.162764	-100.976145
41.162757	-100.976961
41.162766	-100.979402
41.162759	-100.983285
41.162755	-100.988303
41.162746	-100.992816
41.162746	-100.993332
41.162746	-100.993861
41.162746	-100.995559
41.162745	-100.996736
41.162744	-100.997122
41.162743	-100.997721
41.162742	-100.99818
41.162734	-101.00109
41.162733	-101.001725
41.162732	-101.002413
41.16273	-101.003726
41.162726	-101.007287
41.162762	-101.008807
41.162766	-101.009648
41.162766	-101.009763
41.162748	-101.011933
41.162709	-101.019957
41.16272	-101.02142
41.162727	-101.021787
41.16297	-101.0279
41.163025	-101.02956
41.163317	-101.0372
41.163441	-101.040757
41.163459	-101.043858
41.163493	-101.052025
41.163512	-101.05996
41.16352	-101.0625
41.163527	-101.069255
41.163541	-101.073932
41.163546	-101.076733
41.163536	-101.07915
41.163544	-101.082541
41.163542	-101.084163
41.163536	-101.084869
41.163463	-101.08597
41.163392	-101.086866
41.163296	-101.087749
41.163192	-101.088479
41.163108	-101.089011
41.16292	-101.090003
41.162758	-101.090678
41.162496	-101.091621
41.16213	-101.092779
41.161898	-101.093432
41.161657	-101.094046
41.160588	-101.096516
41.160313	-101.097235
41.159895	-101.09833
41.159879	-101.098382
41.159587	-101.099332
41.159409	-101.099962
41.15925	-101.10056
41.159011	-101.10177
41.158831	-101.102805
41.158769	-101.103257
41.158715	-101.103727
41.158657	-101.10428
41.1586	-101.104938
41.15852	-101.105976
41.158233	-101.109623
41.158039	-101.112165
41.158004	-101.112639
41.157612	-101.117547
41.157489	-101.119334
41.157327	-101.121237
41.157258	-101.12215
41.157169	-101.123322
41.157095	-101.124249
41.157066	-101.124663
41.157051	-101.124833
41.157012	-101.125305
41.156953	-101.126205
41.156907	-101.12667
41.156855	-101.127364
41.156838	-101.127594
41.156765	-101.128383
41.156746	-101.128659
41.156722	-101.128939
41.156651	-101.130019
41.156579	-101.130914
41.156423	-101.132902
41.156117	-101.136729
41.15606	-101.137353
41.156055	-101.13741
41.156033	-101.137646
41.15582	-101.139955
41.155812	-101.140045
41.155521	-101.143347
41.155285	-101.146344
41.154851	-101.15184
41.154544	-101.155897
41.15438	-101.157913
41.153915	-101.163959
41.153581	-101.168298
41.153511	-101.169058
41.153208	-101.173066
41.153137	-101.173837
41.153041	-101.175116
41.152857	-101.177557
41.152843	-101.177729
41.152665	-101.179861
41.152576	-101.181135
41.152518	-101.181723
41.152443	-101.182759
41.152352	-101.183874
41.152283	-101.184834
41.152153	-101.186545
41.152089	-101.187213
41.15203	-101.188101
41.151865	-101.190049
41.151819	-101.190451
41.151617	-101.192123
41.151327	-101.193956
41.151166	-101.194804
41.150839	-101.196397
41.150792	-101.196627
41.150762	-101.196775
41.150422	-101.198354
41.150247	-101.199167
41.149791	-101.201393
41.149485	-101.20279
41.148693	-101.206559
41.147899	-101.210175
41.14776	-101.210771
41.147544	-101.211692
41.146895	-101.21433
41.146447	-101.216096
41.145463	-101.21965
41.145154	-101.220734
41.14474	-101.222115
41.144107	-101.22423
41.141486	-101.232598
41.14069	-101.235108
41.139897	-101.237698
41.138579	-101.241915
41.136521	-101.248545
41.136187	-101.24975
41.135709	-101.251659
41.135693	-101.25171
41.135462	-101.252648
41.133482	-101.260809
41.132354	-101.265505
41.132071	-101.266902
41.131667	-101.269025
41.131406	-101.270467
41.131279	-101.271133
41.131178	-101.271716
41.131066	-101.272304
41.131022	-101.27257
41.130948	-101.272928
41.130717	-101.274206
41.130194	-101.277048
41.130073	-101.277645
41.129424	-101.281142
41.129382	-101.281336
41.129063	-101.283084
41.12899	-101.283457
41.128832	-101.284321
41.128769	-101.284644
41.128139	-101.288022
41.128056	-101.288514
41.127721	-101.290299
41.127615	-101.290839
41.127534	-101.29129
41.127504	-101.291435
41.127193	-101.293111
41.127094	-101.293681
41.126954	-101.294386
41.126821	-101.295147
41.126677	-101.295892
41.126633	-101.296178
41.126403	-101.297388
41.125455	-101.302765
41.124825	-101.306168
41.124771	-101.306444
41.12472	-101.306833
41.124623	-101.307533
41.124585	-101.307842
41.124548	-101.308199
41.124388	-101.309793
41.124302	-101.310593
41.123678	-101.316514
41.123593	-101.317417
41.123544	-101.318363
41.123527	-101.318852
41.123526	-101.319658
41.123547	-101.320148
41.123565	-101.320766
41.123625	-101.321669
41.123777	-101.324593
41.12388	-101.327162
41.123957	-101.328435
41.124075	-101.330641
41.124168	-101.332279
41.124238	-101.333644
41.124331	-101.335294
41.124425	-101.336863
41.124527	-101.338729
41.124566	-101.339557
41.124616	-101.340323
41.12467	-101.341306
41.12471	-101.342325
41.124758	-101.343882
41.12478	-101.345318
41.124778	-101.345506
41.124772	-101.346802
41.124732	-101.348128
41.124696	-101.349182
41.124678	-101.349494
41.124662	-101.349764
41.124649	-101.34998
41.124647	-101.350011
41.124584	-101.351069
41.124561	-101.351452
41.124538	-101.351686
41.12451	-101.352135
41.1245	-101.352237
41.124475	-101.352473
41.124422	-101.353279
41.12439	-101.353574
41.1243	-101.354421
41.124252	-101.354959
41.124169	-101.355784
41.124115	-101.356316
41.124041	-101.357083
41.123981	-101.357702
41.123848	-101.359063
41.123719	-101.360413
41.123562	-101.362104
41.123555	-101.362185
41.1235	-101.362779
41.123331	-101.364179
41.123263	-101.364559
41.123184	-101.365038
41.12313	-101.365331
41.123114	-101.3654
41.123023	-101.36579
41.123002	-101.365853
41.122526	-101.367271
41.122042	-101.368667
41.121956	-101.368921
41.121794	-101.36955
41.121661	-101.370119
41.121577	-101.37056
41.121487	-101.371297
41.121405	-101.372095
41.121304	-101.373183
41.121139	-101.374842
41.121123	-101.374959
41.121017	-101.376061
41.120968	-101.376569
41.120955	-101.376741
41.120813	-101.378209
41.120787	-101.378548
41.120606	-101.380354
41.120544	-101.381067
41.120505	-101.381627
41.120484	-101.382163
41.120468	-101.382939
41.120458	-101.383642
41.120455	-101.384714
41.120468	-101.385192
41.120478	-101.3855
41.120512	-101.386132
41.120553	-101.386707
41.120583	-101.387073
41.12063	-101.387812
41.120693	-101.388659
41.120819	-101.39063
41.120889	-101.39161
41.120929	-101.392223
41.12097	-101.392773
41.120998	-101.39329
41.121105	-101.394744
41.121119	-101.395015
41.121167	-101.395679
41.121206	-101.396323
41.121243	-101.396829
41.121351	-101.398541
41.121429	-101.399577
41.121439	-101.399805
41.121484	-101.400392
41.121563	-101.401593
41.121737	-101.404019
41.121762	-101.404293
41.121857	-101.405386
41.122042	-101.407209
41.122073	-101.40759
41.122132	-101.408451
41.122232	-101.410009
41.122273	-101.410717
41.12235	-101.411764
41.122463	-101.413098
41.122507	-101.413463
41.122529	-101.413645
41.122612	-101.414402
41.12268	-101.414864
41.122804	-101.415876
41.122878	-101.416429
41.122921	-101.416828
41.122977	-101.417272
41.123491	-101.42116
41.123612	-101.422128
41.123848	-101.423961
41.123934	-101.42456
41.124244	-101.426968
41.124354	-101.427848
41.12457	-101.429416
41.124604	-101.429676
41.124887	-101.431859
41.125063	-101.433258
41.1253	-101.435068
41.125396	-101.435766
41.125599	-101.437357
41.125703	-101.438118
41.125768	-101.438659
41.125857	-101.439338
41.125928	-101.439811
41.126059	-101.440925
41.126093	-101.441182
41.126222	-101.442156
41.126382	-101.443487
41.126451	-101.444009
41.126614	-101.445411
41.126749	-101.446516
41.126821	-101.447188
41.126902	-101.448025
41.126932	-101.448409
41.126956	-101.448898
41.12699	-101.449314
41.127031	-101.449996
41.127081	-101.451283
41.127094	-101.452066
41.127094	-101.453271
41.127082	-101.45384
41.127059	-101.454518
41.127044	-101.455451
41.126997	-101.456011
41.126954	-101.457064
41.12689	-101.458018
41.126862	-101.45855
41.12676	-101.460098
41.126713	-101.460686
41.126667	-101.461416
41.126598	-101.46208
41.126565	-101.462578
41.126537	-101.462895
41.126432	-101.464828
41.126374	-101.465694
41.126363	-101.46621
41.126328	-101.466645
41.1263	-101.467149
41.126277	-101.467648
41.12617	-101.469436
41.126119	-101.47058
41.1261	-101.470891
41.126097	-101.471044
41.126047	-101.471876
41.126018	-101.472505
41.12596	-101.473442
41.125875	-101.475099
41.125834	-101.475778
41.125811	-101.476256
41.125772	-101.476868
41.125717	-101.47783
41.125687	-101.478643
41.125659	-101.479113
41.12563	-101.479702
41.125618	-101.480041
41.125599	-101.48031
41.125584	-101.480849
41.125575	-101.481421
41.125576	-101.481773
41.12556	-101.482135
41.125554	-101.482407
41.125496	-101.483894
41.125463	-101.484648
41.125382	-101.48602
41.125321	-101.487275
41.125296	-101.48762
41.125257	-101.488429
41.125079	-101.49148
41.125014	-101.492933
41.124976	-101.493703
41.124891	-101.495227
41.124841	-101.49621
41.124815	-101.496628
41.124786	-101.49699
41.124752	-101.497528
41.124724	-101.498043
41.124699	-101.498417
41.12456	-101.500011
41.124526	-101.500433
41.124521	-101.5005
41.12448	-101.501188
41.12445	-101.501788
41.124407	-101.502388
41.124368	-101.503164
41.124349	-101.503653
41.124238	-101.505615
41.124233	-101.505836
41.124221	-101.506011
41.12419	-101.50681
41.124191	-101.506997
41.124183	-101.50715
41.12419	-101.507624
41.124224	-101.508221
41.124248	-101.508494
41.124277	-101.508762
41.124332	-101.509161
41.1244	-101.509601
41.124493	-101.510049
41.124587	-101.510478
41.124711	-101.510892
41.124907	-101.511506
41.124991	-101.51179
41.125202	-101.512377
41.125326	-101.512756
41.125476	-101.513164
41.125701	-101.513871
41.126289	-101.515571
41.126793	-101.517084
41.127057	-101.517942
41.127204	-101.518509
41.127302	-101.518904
41.127408	-101.519358
41.127486	-101.519714
41.127563	-101.520103
41.127605	-101.520349
41.127716	-101.520994
41.127809	-101.52161
41.128243	-101.524344
41.128361	-101.525206
41.128424	-101.525661
41.128478	-101.526313
41.128506	-101.526609
41.128547	-101.527274
41.12858	-101.527942
41.128596	-101.528782
41.128598	-101.529276
41.128625	-101.531146
41.128661	-101.532858
41.128707	-101.53602
41.128724	-101.536599
41.128747	-101.538265
41.128766	-101.539366
41.128769	-101.539705
41.128773	-101.540203
41.128762	-101.540895
41.128762	-101.54148
41.128753	-101.542098
41.128754	-101.542844
41.128744	-101.543859
41.128758	-101.544881
41.128776	-101.545949
41.128819	-101.547541
41.12884	-101.548157
41.12889	-101.550275
41.128905	-101.55066
41.128957	-101.552522
41.128962	-101.552809
41.129027	-101.554923
41.129083	-101.556969
41.129138	-101.558967
41.129181	-101.560464
41.12922	-101.561851
41.129267	-101.563479
41.12931	-101.564957
41.129344	-101.566081
41.129397	-101.568024
41.129433	-101.569294
41.129471	-101.57065
41.129504	-101.571903
41.129574	-101.574253
41.129589	-101.574924
41.129613	-101.575879
41.12964	-101.576849
41.129656	-101.577372
41.129704	-101.578982
41.129753	-101.580719
41.129826	-101.583206
41.12986	-101.584458
41.129895	-101.585721
41.129932	-101.586945
41.129967	-101.588103
41.129994	-101.589132
41.130039	-101.590716
41.130116	-101.593307
41.13014	-101.594306
41.130153	-101.595198
41.130159	-101.595925
41.130158	-101.596578
41.130149	-101.59716
41.130127	-101.597817
41.130089	-101.598578
41.130047	-101.59941
41.12998	-101.600441
41.129877	-101.602267
41.129853	-101.602723
41.129791	-101.603791
41.129733	-101.604842
41.129686	-101.605589
41.129643	-101.606288
41.129586	-101.607318
41.1295	-101.608743
41.129395	-101.610574
41.129333	-101.611691
41.129298	-101.61255
41.129274	-101.613342
41.129264	-101.614065
41.12926	-101.614636
41.129266	-101.615189
41.129274	-101.615693
41.129297	-101.616419
41.129328	-101.617207
41.12943	-101.618971
41.129543	-101.620941
41.129618	-101.622203
41.129675	-101.6232
41.129775	-101.62488
41.129873	-101.626525
41.129932	-101.627533
41.130018	-101.628901
41.130078	-101.629662
41.130138	-101.630301
41.130205	-101.630952
41.130297	-101.631758
41.130551	-101.633809
41.130736	-101.635255
41.130884	-101.636427
41.131015	-101.637472
41.131328	-101.639951
41.131544	-101.641679
41.131728	-101.643156
41.131831	-101.64398
41.131955	-101.644967
41.132187	-101.64685
41.132267	-101.647445
41.132338	-101.647951
41.13245	-101.648759
41.132599	-101.649744
41.132838	-101.651239
41.133066	-101.652735
41.133307	-101.654276
41.133634	-101.656348
41.133702	-101.656774
41.133781	-101.657302
41.133874	-101.657943
41.133932	-101.658404
41.133975	-101.658848
41.13401	-101.659248
41.13404	-101.659656
41.134072	-101.660217
41.134093	-101.660747
41.1341	-101.661255
41.1341	-101.661712
41.13409	-101.662186
41.134065	-101.662774
41.134042	-101.663213
41.134009	-101.663706
41.133968	-101.664187
41.133787	-101.665856
41.133703	-101.666544
41.133519	-101.668202
41.133434	-101.668902
41.133153	-101.671373
41.133001	-101.67274
41.13299	-101.672844
41.132879	-101.67377
41.132784	-101.674599
41.132648	-101.675803
41.13254	-101.676688
41.132457	-101.677357
41.132404	-101.677785
41.132361	-101.678115
41.132303	-101.678523
41.132245	-101.67887
41.13219	-101.679183
41.132142	-101.679432
41.132142	-101.679432
41.132133	-101.679477
41.132075	-101.679763
41.132003	-101.680082
41.131938	-101.680363
41.131856	-101.680697
41.13179	-101.680957
41.131702	-101.681281
41.131608	-101.681604
41.131476	-101.682045
41.130897	-101.683935
41.130511	-101.685205
41.129776	-101.687583
41.129411	-101.688774
41.129158	-101.689597
41.128681	-101.691144
41.128293	-101.692445
41.128179	-101.692867
41.128074	-101.693261
41.127963	-101.693739
41.127868	-101.694173
41.127781	-101.694606
41.127696	-101.695052
41.127649	-101.695311
41.127576	-101.695767
41.127532	-101.696074
41.127488	-101.696425
41.127421	-101.696964
41.127282	-101.698124
41.127213	-101.698742
41.127167	-101.699087
41.127112	-101.699542
41.127053	-101.70003
41.12692	-101.701148
41.126837	-101.701828
41.126645	-101.703442
41.12642	-101.705287
41.126228	-101.706854
41.126097	-101.707934
41.125878	-101.709737
41.125739	-101.710923
41.125612	-101.711909
41.125476	-101.713112
41.12533	-101.714307
41.125038	-101.716675
41.124899	-101.717831
41.124891	-101.717934
41.124825	-101.718462
41.124758	-101.719028
41.124688	-101.719618
41.124615	-101.72024
41.124482	-101.72137
41.124342	-101.722506
41.124209	-101.723629
41.124066	-101.724753
41.12393	-101.725889
41.123767	-101.727026
41.123594	-101.728162
41.123388	-101.72926
41.123145	-101.730667
41.123032	-101.731297
41.122189	-101.736088
41.122032	-101.73696
41.121588	-101.739526
41.12138	-101.740788
41.121264	-101.741606
41.12112	-101.742797
41.12099	-101.74399
41.12083	-101.745582
41.120769	-101.74618
41.120702	-101.746834
41.120617	-101.74769
41.120529	-101.748485
41.120452	-101.749069
41.120425	-101.749269
41.120355	-101.749708
41.120292	-101.750072
41.120213	-101.750479
41.120133	-101.75088
41.1201	-101.75103
41.120037	-101.751309
41.119915	-101.751798
41.11978	-101.752325
41.119635	-101.752852
41.119556	-101.753116
41.119471	-101.753399
41.119381	-101.753676
41.119273	-101.753988
41.119121	-101.754408
41.118959	-101.754828
41.118838	-101.755143
41.120031	-101.755527
41.120283	-101.755663
41.120761	-101.755781
41.121035	-101.755834
41.121283	-101.755872
41.121605	-101.755904
41.121873	-101.755919
41.122191	-101.755921
41.122514	-101.755906
41.122797	-101.755877
41.123058	-101.75584
41.123368	-101.75576
41.123586	-101.755704
41.123962	-101.75559
41.12538	-101.75513
41.12606	-101.754899
41.126727	-101.754658
41.127336	-101.754444
41.127451	-101.7544
41.127681	-101.754331
41.128723	-101.753961
41.131399	-101.753047
41.132268	-101.752743
41.13306	-101.752471
41.133957	-101.752199
41.134775	-101.752003
41.135308	-101.751879
41.135895	-101.751766
41.137823	-101.75147
41.142979	-101.750649
41.14617	-101.750165
41.146442	-101.750113
41.147482	-101.749982
41.148556	-101.749863
41.149558	-101.749741
41.150563	-101.74967
41.151601	-101.74964
41.152593	-101.749598
41.1536	-101.749597
41.154633	-101.749583
41.155386	-101.749567
41.155386	-101.749567
41.155652	-101.749562
41.156812	-101.749528
41.15712	-101.74953
41.158272	-101.7495
41.15923	-101.749482
41.15965	-101.74946
41.159979	-101.749428
41.160422	-101.749398
41.160715	-101.749391
41.161389	-101.749355
41.161628	-101.749293
41.162859	-101.749145
41.163408	-101.749093
41.163537	-101.749164
41.16355	-101.749608
41.163561	-101.750508
41.163549	-101.751198
41.163539	-101.752971
41.163548	-101.754793
41.163535	-101.76088
41.163538	-101.761512
41.16354	-101.761758
41.163548	-101.762766
41.163551	-101.764285
41.16354	-101.765675
41.163532	-101.766689
41.163553	-101.768355
41.163546	-101.768635
41.163539	-101.7689
41.163524	-101.771173
41.163505	-101.773371
41.163485	-101.775097
41.163474	-101.776147
41.163475	-101.776668
41.16349	-101.777948
41.163477	-101.778771
41.163469	-101.781103
41.163486	-101.782555
41.163517	-101.783249
41.163561	-101.783755
41.163625	-101.784256
41.163726	-101.784971
41.163794	-101.785395
41.163992	-101.786266
41.16422	-101.787139
41.164366	-101.787609
41.164487	-101.787965
41.164778	-101.788704
41.165058	-101.789351
41.165202	-101.789618
41.165353	-101.789923
41.165616	-101.790394
41.165818	-101.790731
41.166249	-101.791385
41.166572	-101.791836
41.16752	-101.793091
41.168031	-101.793789
41.16899	-101.795064
41.169189	-101.795334
41.170116	-101.796596
41.171371	-101.798253
41.17165	-101.798629
41.174343	-101.802251
41.17503	-101.803175
41.176201	-101.804761
41.177156	-101.806036
41.177523	-101.80654
41.177574	-101.806609
41.179262	-101.808862
41.180422	-101.81038
41.181671	-101.811929
41.182921	-101.813416
41.18397	-101.814607
41.18462	-101.815332
41.186149	-101.817046
41.187342	-101.818396
41.187802	-101.818947
41.18818	-101.81942
41.188675	-101.820139
41.188926	-101.820538
41.189181	-101.820979
41.189407	-101.821407
41.189628	-101.821853
41.189859	-101.822385
41.190102	-101.823018
41.190357	-101.823744
41.190524	-101.824296
41.190664	-101.82484
41.190817	-101.825532
41.190957	-101.82631
41.191039	-101.826905
41.191097	-101.827461
41.191141	-101.828025
41.191166	-101.828563
41.191177	-101.82923
41.191198	-101.830821
41.191219	-101.832687
41.191247	-101.835752
41.191278	-101.838502
41.191291	-101.840324
41.191302	-101.840922
41.191315	-101.841401
41.191347	-101.842164
41.191374	-101.843058
41.191418	-101.843936
41.191479	-101.844994
41.191573	-101.846904
41.191658	-101.848754
41.191758	-101.850907
41.191842	-101.852782
41.191842	-101.852782
41.191855	-101.85307
41.191947	-101.855104
41.192016	-101.856566
41.192075	-101.857957
41.192187	-101.860365
41.192283	-101.862298
41.192349	-101.863793
41.192365	-101.864202
41.192367	-101.864552
41.19237	-101.864992
41.192359	-101.866368
41.192341	-101.868774
41.192325	-101.871503
41.192306	-101.874266
41.192287	-101.876888
41.192267	-101.879664
41.192257	-101.880952
41.192233	-101.883402
41.192224	-101.884014
41.192223	-101.884929
41.192213	-101.886351
41.192204	-101.886859
41.192197	-101.888672
41.192181	-101.890526
41.19216	-101.89306
41.192157	-101.894193
41.19215	-101.896548
41.192128	-101.899941
41.192099	-101.902629
41.192086	-101.905011
41.192062	-101.908283
41.192045	-101.910701
41.192024	-101.913226
41.192004	-101.916484
41.191984	-101.918754
41.19196	-101.921787
41.191945	-101.923132
41.191939	-101.924292
41.191928	-101.925411
41.191925	-101.926608
41.191929	-101.927401
41.191924	-101.928266
41.191908	-101.929163
41.191904	-101.931193
41.191888	-101.932117
41.191885	-101.933032
41.191874	-101.933988
41.191858	-101.934752
41.191851	-101.935275
41.191857	-101.936136
41.191854	-101.936519
41.191866	-101.936747
41.191882	-101.936902
41.191895	-101.937091
41.191927	-101.93742
41.191999	-101.937836
41.192099	-101.938359
41.192182	-101.938753
41.192292	-101.939115
41.192454	-101.939626
41.192567	-101.939917
41.192755	-101.940346
41.192924	-101.940708
41.193081	-101.941015
41.19322	-101.941239
41.1934	-101.941545
41.193609	-101.941845
41.193981	-101.942325
41.194178	-101.942533
41.194302	-101.942673
41.194714	-101.943064
41.195016	-101.943336
41.195197	-101.943481
41.195982	-101.944177
41.196331	-101.944495
41.197382	-101.945412
41.197758	-101.945724
41.199333	-101.947071
41.199735	-101.947421
41.200454	-101.948028
41.200605	-101.948171
41.200756	-101.948296
41.201383	-101.948867
41.20325	-101.950487
41.203498	-101.950711
41.203679	-101.950883
41.203845	-101.951079
41.204152	-101.951411
41.204495	-101.951844
41.204654	-101.952074
41.204773	-101.952218
41.205119	-101.952779
41.205251	-101.953003
41.205388	-101.953277
41.205611	-101.953694
41.205772	-101.954069
41.205892	-101.954365
41.205988	-101.954615
41.206125	-101.955028
41.206334	-101.955705
41.206515	-101.956438
41.206615	-101.957065
41.206672	-101.957383
41.206705	-101.957698
41.206731	-101.958036
41.206761	-101.958342
41.206791	-101.959027
41.206807	-101.959748
41.206809	-101.960118
41.206817	-101.960839
41.206806	-101.964453
41.206813	-101.967684
41.206812	-101.969261
41.206812	-101.971527
41.206808	-101.972189
41.206813	-101.974361
41.206821	-101.975134
41.206839	-101.97572
41.206881	-101.976319
41.206948	-101.976897
41.207015	-101.977352
41.2071	-101.977786
41.207223	-101.978255
41.207322	-101.978613
41.207436	-101.978977
41.207529	-101.979273
41.207602	-101.979484
41.207696	-101.979761
41.207842	-101.980124
41.208007	-101.980494
41.208179	-101.980837
41.208404	-101.981244
41.208656	-101.981655
41.209095	-101.982329
41.209888	-101.983591
41.210735	-101.984977
41.211314	-101.98592
41.212411	-101.987685
41.214313	-101.990753
41.216011	-101.993504
41.216949	-101.995015
41.217745	-101.996304
41.218149	-101.996941
41.218929	-101.998271
41.219524	-101.999275
41.22021	-102.00047
41.221068	-102.001991
41.221867	-102.003395
41.222943	-102.005299
41.224202	-102.007549
41.225604	-102.01002
41.226332	-102.0113
41.228446	-102.015058
41.22911	-102.016232
41.229688	-102.017253
41.229999	-102.017809
41.230849	-102.019321
41.232077	-102.021503
41.232337	-102.021964
41.232554	-102.02234
41.234219	-102.025303
41.234441	-102.025715
41.234657	-102.026132
41.234878	-102.026615
41.235042	-102.027012
41.235166	-102.027351
41.235281	-102.0277
41.235389	-102.028058
41.235469	-102.028356
41.23553	-102.028598
41.235646	-102.029152
41.235731	-102.029632
41.23579	-102.030037
41.235836	-102.03049
41.235868	-102.030867
41.235888	-102.031289
41.235895	-102.031743
41.235897	-102.032263
41.235905	-102.034402
41.235912	-102.036499
41.235915	-102.03787
41.235926	-102.040194
41.235934	-102.042359
41.235941	-102.045461
41.235946	-102.046569
41.235949	-102.048104
41.235955	-102.050987
41.235963	-102.053459
41.23594	-102.055796
41.23598	-102.058264
41.235983	-102.059586
41.235986	-102.062126
41.236005	-102.069484
41.236021	-102.073892
41.236008	-102.079091
41.23599	-102.080682
41.236	-102.082541
41.236016	-102.083614
41.236183	-102.085804
41.236286	-102.086505
41.236376	-102.087032
41.236491	-102.087522
41.236572	-102.087868
41.236723	-102.088485
41.236851	-102.088979
41.236974	-102.089395
41.237093	-102.089786
41.23722	-102.09017
41.237484	-102.090896
41.237744	-102.09155
41.237979	-102.092082
41.23814	-102.092421
41.238318	-102.092781
41.238533	-102.093187
41.238797	-102.093669
41.238953	-102.093934
41.239112	-102.094195
41.239267	-102.09445
41.239424	-102.094697
41.239671	-102.095045
41.240054	-102.095551
41.240449	-102.096054
41.241328	-102.097022
41.241839	-102.097506
41.242516	-102.098096
41.243187	-102.098597
41.243438	-102.098764
41.244412	-102.099414
41.247979	-102.101699
41.248987	-102.102367
41.250012	-102.103013
41.25121	-102.103788
41.252401	-102.10452
41.253107	-102.104884
41.253964	-102.105237
41.254733	-102.105489
41.255569	-102.105677
41.256569	-102.105876
41.257369	-102.106071
41.25828	-102.106347
41.258726	-102.106518
41.259385	-102.106819
41.259813	-102.107043
41.260453	-102.107392
41.263347	-102.109221
41.265022	-102.110306
41.265608	-102.110688
41.266415	-102.111214
41.269131	-102.112983
41.269912	-102.113469
41.270812	-102.113954
41.271802	-102.114423
41.272612	-102.114717
41.272995	-102.114841
41.273166	-102.114896
41.275469	-102.11542
41.275546	-102.115438
41.275959	-102.11554
41.276603	-102.115695
41.277654	-102.11597
41.280394	-102.116878
41.282115	-102.117483
41.282571	-102.117658
41.28352	-102.118064
41.289506	-102.120757
41.291966	-102.121864
41.29333	-102.122492
41.294919	-102.1232
41.295479	-102.12337
41.295724	-102.123446
41.296443	-102.123645
41.297597	-102.123831
41.301154	-102.124271
41.307076	-102.125028
41.30788	-102.125128
41.308949	-102.125254
41.310128	-102.125402
41.311458	-102.125561
41.312644	-102.125702
41.313669	-102.12584
41.315289	-102.12611
41.316792	-102.126293
41.31907	-102.126581
41.321361	-102.126865
41.321768	-102.126923
41.322035	-102.126965
41.322298	-102.127019
41.322587	-102.127094
41.322673	-102.127116
41.322858	-102.127175
41.323082	-102.127252
41.323341	-102.127352
41.32362	-102.127486
41.323904	-102.127628
41.324156	-102.127766
41.324424	-102.127936
41.324687	-102.128104
41.32492	-102.128273
41.32511	-102.128419
41.32527	-102.128553
41.325381	-102.128646
41.32556	-102.12882
41.325789	-102.129043
41.325991	-102.129256
41.326218	-102.129511
41.326453	-102.129801
41.326675	-102.130101
41.326869	-102.130397
41.327027	-102.130653
41.327171	-102.130905
41.32735	-102.131221
41.327672	-102.131875
41.327865	-102.13231
41.328956	-102.135047
41.329287	-102.135907
41.329507	-102.136472
41.329936	-102.137582
41.330441	-102.138931
41.330754	-102.139722
41.331022	-102.140507
41.331237	-102.140999
41.33152	-102.141756
41.331731	-102.142313
41.331965	-102.142905
41.332222	-102.143601
41.332505	-102.144361
41.33274	-102.145037
41.33298	-102.145715
41.333118	-102.1461
41.333265	-102.14651
41.33333	-102.146694
41.33352	-102.147205
41.333697	-102.147664
41.333726	-102.147742
41.333967	-102.148377
41.334214	-102.149017
41.334515	-102.149797
41.334617	-102.150062
41.334818	-102.150586
41.335209	-102.151611
41.335441	-102.152222
41.335958	-102.15359
41.33651	-102.154965
41.337132	-102.156474
41.337522	-102.157401
41.337844	-102.158191
41.338179	-102.159018
41.338392	-102.15955
41.338408	-102.159589
41.339913	-102.163521
41.34109	-102.166605
41.34191	-102.16873
41.342059	-102.169124
41.342659	-102.170693
41.34405	-102.174347
41.344553	-102.175633
41.344691	-102.175988
41.345344	-102.17768
41.345787	-102.178836
41.346129	-102.179733
41.346682	-102.181214
41.347298	-102.182794
41.347749	-102.183986
41.348608	-102.186213
41.349095	-102.18752
41.349464	-102.188485
41.353071	-102.198137
41.353459	-102.199175
41.356725	-102.208021
41.35715	-102.209116
41.357726	-102.210554
41.358037	-102.211335
41.358894	-102.213445
41.359852	-102.215816
41.360484	-102.217401
41.361512	-102.219959
41.362146	-102.221551
41.362516	-102.222497
41.363382	-102.224792
41.364202	-102.226978
41.364386	-102.227471
41.365458	-102.230306
41.365918	-102.231526
41.367803	-102.236552
41.368062	-102.237251
41.368802	-102.239218
41.369741	-102.241714
41.370341	-102.243303
41.371059	-102.245219
41.371583	-102.246622
41.372115	-102.248046
41.372459	-102.248957
41.372855	-102.250013
41.373263	-102.251099
41.373758	-102.252428
41.374535	-102.254456
41.375001	-102.255679
41.375501	-102.25699
41.377415	-102.262012
41.378687	-102.26535
41.379403	-102.267158
41.38039	-102.2696
41.380829	-102.27069
41.381281	-102.2718
41.381855	-102.273291
41.382401	-102.274843
41.384081	-102.279801
41.385614	-102.284314
41.386348	-102.286519
41.387243	-102.289172
41.389795	-102.296716
41.391256	-102.301039
41.391769	-102.302564
41.391852	-102.302812
41.394382	-102.310309
41.394982	-102.312087
41.395032	-102.312235
41.395461	-102.313504
41.396733	-102.317259
41.397039	-102.318196
41.397153	-102.318534
41.397193	-102.318647
41.397825	-102.320513
41.398946	-102.323841
41.399896	-102.326654
41.400499	-102.328473
41.400942	-102.329767
41.401379	-102.33106
41.401565	-102.331632
41.401704	-102.332094
41.401795	-102.332427
41.401864	-102.332717
41.401927	-102.33301
41.401981	-102.333458
41.402044	-102.333897
41.402079	-102.33424
41.402088	-102.334323
41.402134	-102.335023
41.40215	-102.336057
41.402166	-102.338083
41.402164	-102.338238
41.402183	-102.340256
41.402169	-102.340636
41.402164	-102.341765
41.402173	-102.342901
41.402165	-102.343364
41.402175	-102.343759
41.402165	-102.3444
41.402163	-102.345107
41.402157	-102.345737
41.402164	-102.34583
41.402161	-102.34615
41.402162	-102.346533
41.402165	-102.346854
41.402167	-102.347198
41.402166	-102.34759
41.402171	-102.348213
41.40217	-102.348874
41.402174	-102.34918
41.402173	-102.349569
41.402183	-102.350201
41.402202	-102.350518
41.402228	-102.350787
41.402266	-102.351135
41.402313	-102.351484
41.402372	-102.351843
41.402439	-102.352187
41.402502	-102.352498
41.402561	-102.352745
41.402617	-102.352958
41.402684	-102.353192
41.402755	-102.353424
41.40284	-102.353697
41.402929	-102.353963
41.403033	-102.35424
41.403132	-102.354492
41.403257	-102.354786
41.403357	-102.355005
41.403467	-102.355239
41.40356	-102.355418
41.403673	-102.35562
41.403787	-102.355827
41.403889	-102.356005
41.404025	-102.356228
41.404167	-102.356442
41.404305	-102.356642
41.404458	-102.356858
41.404602	-102.357048
41.404782	-102.357272
41.404892	-102.357399
41.404966	-102.357485
41.405113	-102.35764
41.405273	-102.357801
41.405451	-102.357973
41.405664	-102.358169
41.40692	-102.359305
41.407667	-102.359975
41.408505	-102.360724
41.408649	-102.36084
41.40883	-102.360976
41.409449	-102.361379
41.410242	-102.361881
41.410474	-102.36203
41.410683	-102.362175
41.410895	-102.362342
41.411084	-102.362502
41.411272	-102.362676
41.411551	-102.362952
41.41248	-102.36389
41.413096	-102.364517
41.415788	-102.36724
41.416284	-102.367772
41.416476	-102.368002
41.41668	-102.368255
41.416884	-102.368527
41.417049	-102.368775
41.417207	-102.369034
41.417362	-102.369309
41.417531	-102.369625
41.417697	-102.369956
41.417852	-102.370284
41.417987	-102.370603
41.418112	-102.370919
41.418207	-102.371198
41.418301	-102.371499
41.418415	-102.371886
41.418427	-102.371934
41.418509	-102.372261
41.418588	-102.372606
41.41865	-102.372932
41.418704	-102.373263
41.418745	-102.37355
41.418781	-102.373867
41.418809	-102.374197
41.418832	-102.374503
41.418847	-102.37482
41.418854	-102.375146
41.418853	-102.37553
41.418842	-102.376294
41.418809	-102.377764
41.418796	-102.378687
41.4188	-102.379234
41.418816	-102.379622
41.418847	-102.380061
41.418881	-102.380388
41.418925	-102.380773
41.418985	-102.381146
41.419063	-102.381577
41.419143	-102.381957
41.41922	-102.382275
41.419308	-102.382604
41.419391	-102.38289
41.419482	-102.38318
41.420479	-102.386143
41.423786	-102.395968
41.426953	-102.405374
41.431218	-102.418038
41.4319	-102.420085
41.432047	-102.420524
41.432167	-102.420854
41.43226	-102.421108
41.432342	-102.421332
41.432453	-102.421604
41.432589	-102.421915
41.432743	-102.422258
41.432948	-102.42271
41.433175	-102.423193
41.433371	-102.423639
41.433526	-102.424011
41.433671	-102.424381
41.4338	-102.424719
41.434456	-102.426646
41.43678	-102.433538
41.437072	-102.434405
41.43749	-102.435708
41.437689	-102.436259
41.438176	-102.437708
41.43818	-102.437721
41.438262	-102.437948
41.438473	-102.438617
41.438612	-102.439104
41.438743	-102.439628
41.438878	-102.440193
41.439024	-102.440852
41.439108	-102.441197
41.439222	-102.441604
41.43935	-102.442024
41.439545	-102.442616
41.439893	-102.443651
41.440028	-102.444046
41.442593	-102.451713
41.442832	-102.452434
41.443192	-102.453505
41.443767	-102.455213
41.44468	-102.457942
41.445518	-102.460457
41.446005	-102.461906
41.446346	-102.462914
41.446564	-102.463571
41.447033	-102.465008
41.447979	-102.467975
41.448637	-102.46993
41.449149	-102.471467
41.450365	-102.475075
41.450429	-102.475266
41.452783	-102.482293
41.453773	-102.485195
41.454748	-102.488107
41.455579	-102.490565
41.456137	-102.492254
41.456201	-102.492441
41.457548	-102.496439
41.458208	-102.498413
41.459004	-102.50076
41.459453	-102.502113
41.460092	-102.504045
41.461004	-102.506762
41.461823	-102.509208
41.462368	-102.510844
41.462874	-102.512339
41.463402	-102.513899
41.463589	-102.51446
41.46385	-102.51525
41.464151	-102.516158
41.465767	-102.520974
41.466211	-102.522276
41.466508	-102.523157
41.466691	-102.52371
41.466914	-102.524374
41.467092	-102.524877
41.467234	-102.52526
41.467427	-102.525761
41.467959	-102.527167
41.468555	-102.528724
41.468849	-102.529503
41.469262	-102.530619
41.469323	-102.530799
41.469623	-102.531673
41.470118	-102.53317
41.470924	-102.535581
41.47215	-102.539216
41.472495	-102.540234
41.472874	-102.541384
41.473126	-102.542163
41.473273	-102.542635
41.47341	-102.543085
41.473706	-102.544122
41.474119	-102.545618
41.474345	-102.546412
41.474429	-102.546705
41.474528	-102.547036
41.474681	-102.547523
41.475095	-102.548783
41.476567	-102.553173
41.476672	-102.553483
41.477299	-102.555348
41.477814	-102.55689
41.478034	-102.557548
41.478034	-102.557548
41.478639	-102.559357
41.479692	-102.562499
41.48037	-102.564535
41.481037	-102.566509
41.481529	-102.567981
41.481867	-102.568995
41.482472	-102.570794
41.482964	-102.572251
41.483722	-102.574522
41.484387	-102.576503
41.484727	-102.57752
41.486627	-102.583175
41.487824	-102.586759
41.488426	-102.588557
41.488927	-102.590057
41.489554	-102.591915
41.491134	-102.596633
41.49206	-102.599397
41.492586	-102.600954
41.493593	-102.603965
41.494273	-102.606005
41.494336	-102.606197
41.49466	-102.607176
41.495172	-102.608695
41.495492	-102.60962
41.495683	-102.610146
41.495858	-102.610569
41.495982	-102.61084
41.496118	-102.611117
41.496273	-102.611412
41.496562	-102.61197
41.496909	-102.612655
41.49709	-102.613043
41.497251	-102.613417
41.497421	-102.613836
41.497593	-102.614304
41.497819	-102.614949
41.498171	-102.615968
41.498426	-102.616738
41.498723	-102.617615
41.498886	-102.618105
41.499021	-102.618491
41.499146	-102.61882
41.499308	-102.619232
41.49968	-102.620141
41.49986	-102.620505
41.500388	-102.621465
41.500447	-102.621572
41.500762	-102.622082
41.501072	-102.622543
41.501166	-102.622682
41.501629	-102.623294
41.502256	-102.624021
41.502542	-102.624374
41.502745	-102.624636
41.502992	-102.625017
41.503181	-102.62535
41.503389	-102.625749
41.503534	-102.626104
41.503727	-102.626618
41.503895	-102.627215
41.504392	-102.629206
41.504573	-102.629907
41.504772	-102.630671
41.505155	-102.632224
41.505416	-102.633208
41.505639	-102.633945
41.505779	-102.634336
41.50593	-102.634726
41.506243	-102.63546
41.506592	-102.636174
41.506818	-102.636566
41.506997	-102.636923
41.507082	-102.637038
41.507552	-102.637767
41.507985	-102.638323
41.50826	-102.638677
41.509217	-102.639746
41.509777	-102.64041
41.509986	-102.640713
41.510451	-102.641449
41.511766	-102.643973
41.512638	-102.645694
41.513177	-102.64674
41.513397	-102.647184
41.514433	-102.649208
41.514587	-102.6495
41.514815	-102.649932
41.514986	-102.650285
41.515532	-102.651322
41.516476	-102.653177
41.516785	-102.653759
41.517191	-102.654582
41.517676	-102.655493
41.518083	-102.656339
41.518325	-102.656948
41.518506	-102.657452
41.518796	-102.658339
41.519188	-102.659625
41.519602	-102.660947
41.520244	-102.662996
41.520396	-102.663509
41.520992	-102.665392
41.522081	-102.668922
41.522576	-102.670299
41.52293	-102.67116
41.522983	-102.671257
41.523485	-102.672325
41.524297	-102.673968
41.524593	-102.674596
41.525086	-102.675608
41.525259	-102.675967
41.525446	-102.676326
41.52624	-102.677973
41.5265	-102.678489
41.528854	-102.683288
41.52914	-102.68389
41.530141	-102.685921
41.530656	-102.686936
41.531188	-102.687918
41.532119	-102.689615
41.532714	-102.690699
41.534361	-102.693705
41.537381	-102.699255
41.537844	-102.700072
41.539054	-102.702307
41.53974	-102.703533
41.539917	-102.70384
41.540727	-102.705333
41.541339	-102.706465
41.542155	-102.707922
41.542716	-102.708849
41.54323	-102.709657
41.544372	-102.711353
41.545068	-102.712367
41.545481	-102.71298
41.54592	-102.71363
41.550164	-102.719893
41.551305	-102.72156
41.55185	-102.722414
41.553394	-102.724993
41.553903	-102.725908
41.55498	-102.727993
41.555727	-102.729534
41.556111	-102.730379
41.556445	-102.731113
41.557125	-102.732697
41.557669	-102.734046
41.558216	-102.735498
41.558454	-102.736159
41.558593	-102.736542
41.558823	-102.737239
41.559328	-102.738851
41.559812	-102.740346
41.562253	-102.748141
41.562868	-102.750003
41.563556	-102.752138
41.564889	-102.756427
41.565637	-102.758816
41.56594	-102.759754
41.566569	-102.761798
41.569476	-102.77101
41.569791	-102.772058
41.570144	-102.773207
41.570559	-102.77453
41.571651	-102.778114
41.572681	-102.78141
41.573036	-102.782587
41.57512	-102.789212
41.575867	-102.791598
41.577922	-102.798275
41.581876	-102.810792
41.582942	-102.814182
41.583771	-102.816816
41.584351	-102.81866
41.585015	-102.820797
41.585668	-102.822898
41.585984	-102.823884
41.587905	-102.830055
41.58859	-102.832241
41.589089	-102.833826
41.590114	-102.837118
41.590493	-102.838333
41.590717	-102.839021
41.590833	-102.839366
41.590925	-102.839624
41.59101	-102.83988
41.591101	-102.840133
41.591224	-102.840418
41.591351	-102.840699
41.591471	-102.840923
41.591616	-102.841186
41.59174	-102.841404
41.591888	-102.841653
41.592022	-102.841874
41.592143	-102.842052
41.592269	-102.842233
41.592389	-102.842393
41.592507	-102.842538
41.592631	-102.84269
41.592734	-102.842834
41.593884	-102.84422
41.594274	-102.844668
41.594456	-102.844894
41.594615	-102.845105
41.594727	-102.84528
41.594844	-102.845483
41.594977	-102.845707
41.595126	-102.845973
41.595258	-102.846233
41.595388	-102.846528
41.595571	-102.847012
41.595711	-102.84747
41.595872	-102.848113
41.596011	-102.848933
41.596034	-102.849151
41.596072	-102.849594
41.596083	-102.849938
41.596094	-102.850596
41.596091	-102.851243
41.596095	-102.851903
41.596096	-102.852619
41.596097	-102.853212
41.596097	-102.853857
41.596095	-102.854524
41.596109	-102.854858
41.596131	-102.855214
41.596167	-102.855591
41.596215	-102.856015
41.59626	-102.856335
41.596318	-102.856671
41.596382	-102.856992
41.596446	-102.857291
41.596526	-102.857603
41.596609	-102.857914
41.596732	-102.858333
41.596899	-102.858868
41.597046	-102.859346
41.59726	-102.860042
41.597606	-102.861142
41.599571	-102.867412
41.599982	-102.868716
41.600203	-102.869421
41.600676	-102.870946
41.60128	-102.872904
41.60264	-102.877233
41.603081	-102.878635
41.603132	-102.8788
41.603831	-102.881058
41.603934	-102.881392
41.604596	-102.883498
41.605876	-102.887608
41.609422	-102.898975
41.61027	-102.901684
41.610426	-102.902177
41.610598	-102.902686
41.610799	-102.903259
41.610968	-102.90373
41.611206	-102.904378
41.611541	-102.905252
41.611765	-102.905834
41.611958	-102.906347
41.612138	-102.906838
41.612322	-102.907353
41.612499	-102.907861
41.612661	-102.908343
41.612886	-102.909035
41.613486	-102.910963
41.613487	-102.910966
41.613935	-102.912411
41.61445	-102.91405
41.615034	-102.915948
41.615192	-102.916452
41.615413	-102.917142
41.615849	-102.918531
41.615952	-102.918857
41.616211	-102.919702
41.616518	-102.9207
41.617216	-102.922937
41.617461	-102.92377
41.617671	-102.924517
41.617851	-102.925177
41.61843	-102.927461
41.618599	-102.928131
41.618783	-102.928823
41.618947	-102.92943
41.619049	-102.929782
41.619427	-102.931074
41.620604	-102.934834
41.621948	-102.939144
41.62228	-102.940224
41.624655	-102.947861
41.62572	-102.951262
41.629702	-102.964066
41.633323	-102.975715
41.634257	-102.978739
41.634827	-102.980535
41.63559	-102.98301
41.636616	-102.9863
41.637132	-102.987979
41.637345	-102.988672
41.637941	-102.990561
41.638638	-102.992819
41.63879	-102.993305
41.640467	-102.998662
41.64094	-103.000092
41.641135	-103.000632
41.641536	-103.001659
41.641857	-103.002409
41.641889	-103.00248
41.642313	-103.003436
41.642701	-103.004285
41.645361	-103.01025
41.646204	-103.012144
41.646251	-103.012249
41.646725	-103.013317
41.647374	-103.014782
41.647917	-103.016054
41.648956	-103.018571
41.650265	-103.02188
41.651966	-103.02596
41.652224	-103.026566
41.652439	-103.02709
41.653002	-103.028372
41.654162	-103.030932
41.655477	-103.03385
41.655959	-103.034909
41.657031	-103.037291
41.65865	-103.040876
41.658763	-103.041127
41.659581	-103.04295
41.660455	-103.044879
41.663056	-103.050633
41.664134	-103.053029
41.664407	-103.053628
41.665179	-103.055338
41.666233	-103.057683
41.667073	-103.059536
41.667595	-103.060678
41.66793	-103.061403
41.668399	-103.062473
41.670336	-103.066764
41.671676	-103.069725
41.671706	-103.069793
41.672542	-103.071632
41.673762	-103.074377
41.673834	-103.074534
41.674707	-103.076456
41.675576	-103.078331
41.676097	-103.079379
41.677168	-103.081489
41.67813	-103.083243
41.678924	-103.084651
41.679105	-103.084948
41.679469	-103.085545
41.680088	-103.08656
41.680529	-103.087346
41.68078	-103.087715
41.681495	-103.088773
41.681932	-103.089465
41.682452	-103.090173
41.683406	-103.091533
41.683466	-103.09161
41.683163	-103.092037
41.682969	-103.092213
41.682247	-103.093176
41.682055	-103.09342
41.681843	-103.093666
41.681635	-103.093899
41.681425	-103.094114
41.680935	-103.094556
41.680696	-103.094735
41.680372	-103.094968
41.679993	-103.095216
41.679239	-103.095672
41.67856	-103.096136
41.676813	-103.097244
41.676279	-103.097589
41.675643	-103.097946
41.675179	-103.098192
41.674751	-103.098395
41.673891	-103.098741
41.673883	-103.098744
41.673307	-103.098967
41.673169	-103.099013
41.672803	-103.099135
41.672547	-103.099221
41.672302	-103.099294
41.671922	-103.099397
41.671763	-103.099438
41.671548	-103.099483
41.67129	-103.099525
41.671183	-103.099535
41.671131	-103.099542
41.67109	-103.099546
41.670911	-103.099563
41.670551	-103.099583
41.670534	-103.100037
41.670525	-103.100284
41.670506	-103.100795
41.670499	-103.100958
41.670486	-103.101412
41.670479	-103.101633
41.670467	-103.102013
41.670461	-103.102304
41.670438	-103.103001
41.670432	-103.103236
41.670424	-103.103657
41.670403	-103.104465
41.670382	-103.105114
41.670358	-103.105776
41.670339	-103.106467
41.670333	-103.107138
41.670316	-103.107793
41.670308	-103.108102
41.670281	-103.108375
41.670269	-103.108756
41.670266	-103.108863
41.67026	-103.109782
41.67027	-103.110582
41.670312	-103.112536
41.670319	-103.112751
41.670342	-103.113552
41.670387	-103.11564
41.670467	-103.119405
41.670476	-103.12056
41.670471	-103.122818
41.67047	-103.123922
41.670466	-103.124541
41.670462	-103.125794
41.670461	-103.126191
41.67046	-103.127613
41.670452	-103.128679
41.670442	-103.132878
41.670426	-103.141619
41.67043	-103.142691
41.670432	-103.146031
41.670434	-103.146718
41.670425	-103.150459
41.670429	-103.161997
41.670429	-103.161997
41.670431	-103.168434
41.670431	-103.169292
41.670411	-103.186018
41.670419	-103.186897
41.6704	-103.189466
41.670387	-103.199862
41.670412	-103.201459
41.670443	-103.202149
41.670508	-103.202968
41.670578	-103.203657
41.670811	-103.205171
41.671051	-103.206327
41.671171	-103.206852
41.671385	-103.207666
41.671562	-103.208299
41.671753	-103.208905
41.67249	-103.210907
41.672902	-103.212025
41.6744	-103.216073
41.676764	-103.222463
41.677658	-103.224879
41.678383	-103.226837
41.67855	-103.227289
41.679301	-103.229291
41.679742	-103.230485
41.682418	-103.237736
41.682954	-103.23924
41.683798	-103.241487
41.684139	-103.242416
41.684817	-103.244252
41.685429	-103.245887
41.685619	-103.246425
41.68658	-103.249041
41.68713	-103.250478
41.687502	-103.251338
41.688072	-103.252577
41.688482	-103.25345
41.69168	-103.260257
41.697484	-103.272608
41.698232	-103.274226
41.706631	-103.292092
41.706726	-103.292287
41.708434	-103.295937
41.708987	-103.297101
41.709416	-103.298041
41.709632	-103.298533
41.709802	-103.298951
41.710009	-103.299478
41.710228	-103.300097
41.710372	-103.300528
41.710546	-103.301076
41.710725	-103.301684
41.710918	-103.302407
41.712247	-103.307483
41.712608	-103.308902
41.712987	-103.310454
41.71326	-103.311636
41.713271	-103.311683
41.713642	-103.313305
41.714228	-103.315901
41.714769	-103.318311
41.71504	-103.319486
41.715195	-103.320188
41.715483	-103.321462
41.716154	-103.32423
41.716536	-103.325466
41.716767	-103.326231
41.716834	-103.326451
41.717213	-103.327715
41.717504	-103.328647
41.717967	-103.330181
41.718299	-103.331271
41.718644	-103.332414
41.718929	-103.333385
41.719172	-103.334244
41.719503	-103.33545
41.719802	-103.336585
41.720464	-103.339124
41.720955	-103.340999
41.721257	-103.342151
41.721669	-103.343736
41.721995	-103.344991
41.722492	-103.346888
41.723197	-103.349581
41.723235	-103.349721
41.724766	-103.35557
41.725998	-103.360302
41.72726	-103.365123
41.728623	-103.370328
41.728767	-103.370876
41.728803	-103.371012
41.72885	-103.371187
41.728948	-103.371563
41.729164	-103.372387
41.729231	-103.37265
41.729445	-103.373486
41.729531	-103.373802
41.729846	-103.375006
41.730255	-103.376575
41.730874	-103.378964
41.731307	-103.380616
41.731447	-103.381141
41.731588	-103.381643
41.731699	-103.382015
41.73182	-103.382391
41.732033	-103.383028
41.73239	-103.384064
41.733324	-103.386842
41.734597	-103.390614
41.735031	-103.391892
41.736616	-103.396577
41.737127	-103.398084
41.740299	-103.407439
41.741322	-103.410491
41.74146	-103.410938
41.741559	-103.411295
41.741647	-103.411642
41.74173	-103.412004
41.742031	-103.413444
41.742337	-103.414875
41.7424	-103.415149
41.742473	-103.415444
41.742557	-103.415748
41.742675	-103.416146
41.742842	-103.416673
41.743444	-103.418467
41.744301	-103.421
41.744545	-103.421683
41.74471	-103.42211
41.74484	-103.422422
41.745005	-103.422792
41.746257	-103.425418
41.746427	-103.425791
41.746556	-103.426099
41.746667	-103.426385
41.746792	-103.426729
41.7469	-103.427052
41.747105	-103.427632
41.747299	-103.428197
41.74853	-103.431841
41.75	-103.436203
41.750436	-103.4375
41.750918	-103.438912
41.751807	-103.44155
41.752322	-103.443079
41.752733	-103.444269
41.752999	-103.445085
41.75334	-103.446058
41.753779	-103.447391
41.754436	-103.449315
41.754614	-103.44984
41.754836	-103.450472
41.755006	-103.45093
41.755218	-103.451467
41.755407	-103.451917
41.755468	-103.452058
41.755659	-103.452475
41.755928	-103.453031
41.756269	-103.453685
41.756629	-103.454389
41.757724	-103.456484
41.758565	-103.458093
41.759266	-103.459437
41.759727	-103.460337
41.760213	-103.461262
41.760861	-103.462527
41.761509	-103.463758
41.762847	-103.466316
41.764094	-103.468721
41.764523	-103.469538
41.765054	-103.470571
41.76602	-103.472427
41.766941	-103.47418
41.76739	-103.475075
41.768158	-103.476543
41.769419	-103.478945
41.77002	-103.480106
41.770721	-103.481457
41.771066	-103.482132
41.771286	-103.48259
41.771571	-103.483205
41.77179	-103.48371
41.77196	-103.484139
41.772111	-103.484537
41.772309	-103.485075
41.772835	-103.486556
41.773335	-103.487982
41.773665	-103.488912
41.774132	-103.490221
41.775485	-103.494049
41.777051	-103.498464
41.777589	-103.5
41.778208	-103.501742
41.778552	-103.502725
41.778712	-103.50317
41.780197	-103.507341
41.780551	-103.508358
41.780609	-103.508519
41.780696	-103.508759
41.780696	-103.508759
41.780756	-103.508925
41.781282	-103.510429
41.781869	-103.512078
41.782261	-103.513191
41.78233	-103.513387
41.782699	-103.514474
41.783009	-103.515327
41.783233	-103.515947
41.783469	-103.516603
41.783581	-103.516922
41.78392	-103.517887
41.784372	-103.519193
41.78457	-103.519729
41.7849	-103.520625
41.785302	-103.521765
41.785613	-103.522633
41.785821	-103.523232
41.786169	-103.524207
41.786995	-103.526544
41.787281	-103.52737
41.78778	-103.528776
41.788115	-103.529736
41.788544	-103.530947
41.788935	-103.532028
41.789413	-103.533401
41.789862	-103.534732
41.790249	-103.535893
41.790497	-103.53662
41.791157	-103.538587
41.79156	-103.539785
41.792008	-103.541043
41.793032	-103.543951
41.79307	-103.544059
41.793721	-103.545893
41.794069	-103.546886
41.794655	-103.548543
41.794821	-103.549012
41.795137	-103.549896
41.79634	-103.553321
41.796351	-103.553351
41.796518	-103.553815
41.797063	-103.555227
41.797254	-103.555691
41.797672	-103.556764
41.797894	-103.557388
41.798415	-103.559019
41.798764	-103.560159
41.799594	-103.562826
41.800635	-103.56619
41.800227	-103.566496
41.800219	-103.566502
41.800635	-103.56619
41.800789	-103.566681
41.801226	-103.568107
41.801343	-103.568478
41.801619	-103.569347
41.801736	-103.569731
41.801966	-103.570484
41.802174	-103.571151
41.802614	-103.572602
41.802736	-103.573003
41.802949	-103.573667
41.80311	-103.574195
41.803327	-103.574883
41.803674	-103.576015
41.803931	-103.576833
41.804209	-103.577737
41.805159	-103.580795
41.805817	-103.582943
41.806232	-103.58426
41.806602	-103.585457
41.807001	-103.58673
41.807246	-103.587536
41.807754	-103.589181
41.808204	-103.590623
41.808608	-103.591938
41.809525	-103.594897
41.809543	-103.594955
41.810287	-103.597338
41.81076	-103.598853
41.811253	-103.600458
41.812194	-103.603506
41.81263	-103.604921
41.813221	-103.606861
41.813312	-103.607147
41.813333	-103.607212
41.813451	-103.607604
41.81358	-103.608036
41.813693	-103.608467
41.813796	-103.608872
41.813906	-103.609363
41.814013	-103.609869
41.814102	-103.610373
41.814189	-103.610872
41.814266	-103.611404
41.814347	-103.61198
41.814405	-103.612402
41.814472	-103.612842
41.814546	-103.613256
41.814608	-103.613579
41.814688	-103.613959
41.814803	-103.614438
41.814911	-103.614836
41.815032	-103.615254
41.815196	-103.615746
41.815334	-103.616138
41.815477	-103.616515
41.815672	-103.616971
41.815812	-103.617295
41.816003	-103.61768
41.816512	-103.618702
41.816777	-103.619214
41.816971	-103.6196
41.817141	-103.619969
41.817283	-103.620306
41.81743	-103.620647
41.817555	-103.620975
41.817687	-103.621334
41.817821	-103.621699
41.817911	-103.621967
41.817987	-103.622205
41.818251	-103.623083
41.818428	-103.623625
41.818849	-103.624988
41.819355	-103.626615
41.819568	-103.627304
41.819855	-103.628226
41.81991	-103.628405
41.820466	-103.630196
41.820535	-103.630418
41.820541	-103.630436
41.82061	-103.630658
41.820655	-103.630804
41.821179	-103.632504
41.821229	-103.632674
41.821373	-103.633191
41.821495	-103.633588
41.821596	-103.633942
41.82174	-103.634443
41.821781	-103.634715
41.821823	-103.635048
41.821857	-103.635412
41.821857	-103.635585
41.821855	-103.636211
41.821843	-103.637355
41.821835	-103.63846
41.821827	-103.63915
41.821816	-103.64014
41.821807	-103.640895
41.821807	-103.640925
41.821789	-103.642104
41.821766	-103.643344
41.821737	-103.645082
41.821736	-103.645165
41.821749	-103.645783
41.821751	-103.645899
41.821723	-103.648277
41.821705	-103.649836
41.821696	-103.650595
41.821691	-103.651109
41.82168	-103.651968
41.82167	-103.652576
41.821666	-103.653239
41.821656	-103.653602
41.821652	-103.653941
41.821651	-103.654052
41.821644	-103.654642
41.821643	-103.654755
41.821639	-103.655214
41.821637	-103.655406
41.821613	-103.657464
41.821598	-103.658862
41.821589	-103.660144
41.821588	-103.660297
41.821586	-103.660458
41.821579	-103.661033
41.821576	-103.661719
41.82157	-103.662361
41.821564	-103.663014
41.821564	-103.663117
41.821558	-103.6638
41.821554	-103.664256
41.821552	-103.664524
41.821546	-103.665215
41.821546	-103.665407
41.821542	-103.665735
41.821539	-103.665957
41.821531	-103.666783
41.821524	-103.667496
41.821517	-103.668185
41.821509	-103.668992
41.821503	-103.669565
41.821502	-103.669663
41.821497	-103.670102
41.821494	-103.670974
41.821463	-103.674557
41.821458	-103.675082
41.821449	-103.675806
41.821443	-103.676514
41.821434	-103.677406
41.821434	-103.677559
41.821433	-103.677743
41.821432	-103.678262
41.821429	-103.6795
41.821425	-103.681203
41.82142	-103.683556
41.82143	-103.684529
41.821431	-103.68463
41.821431	-103.684672
41.821431	-103.68481
41.821431	-103.685263
41.821425	-103.686565
41.821424	-103.686812
41.821427	-103.688201
41.821431	-103.688443
41.821442	-103.688694
41.821463	-103.688975
41.821494	-103.689272
41.821536	-103.689568
41.821585	-103.68985
41.821645	-103.690145
41.821708	-103.690413
41.821781	-103.690685
41.821867	-103.690957
41.821959	-103.691223
41.822366	-103.692325
41.822414	-103.692454
41.822696	-103.69322
41.822911	-103.693805
41.823017	-103.694097
41.823128	-103.694406
41.823406	-103.695204
41.823526	-103.69557
41.823636	-103.695916
41.823722	-103.69619
41.823807	-103.696466
41.82388	-103.696705
41.823971	-103.697018
41.824035	-103.697239
41.824132	-103.697579
41.824653	-103.699436
41.824787	-103.699902
41.824936	-103.700404
41.825108	-103.700952
41.825315	-103.701601
41.82538	-103.701798
41.82558	-103.702377
41.825773	-103.702918
41.825955	-103.703414
41.826193	-103.704032
41.826383	-103.704507
41.826515	-103.704837
41.826698	-103.705269
41.826878	-103.705688
41.827164	-103.706341
41.827608	-103.707301
41.828061	-103.708282
41.828166	-103.708188
41.828227	-103.708132
41.828271	-103.708042
41.828299	-103.708
41.828314	-103.707981
41.828365	-103.707938
41.828407	-103.707903
41.828416	-103.707868
41.828418	-103.707837
41.82842	-103.707789
41.828417	-103.707751
41.828408	-103.707706
41.828152	-103.707183
41.828102	-103.707082
