41.828102	-103.707082
41.828152	-103.707183
41.828408	-103.707706
41.828438	-103.707768
41.828493	-103.707879
41.828458	-103.707955
41.828436	-103.707988
41.828421	-103.708006
41.828368	-103.708055
41.828342	-103.708072
41.828301	-103.708096
41.828227	-103.708132
41.828166	-103.708188
41.828061	-103.708282
41.8285	-103.709239
41.829134	-103.710618
41.830115	-103.712757
41.830717	-103.714054
41.830803	-103.714241
41.831481	-103.715718
41.831872	-103.716534
41.832223	-103.717197
41.832533	-103.717748
41.832905	-103.718353
41.833144	-103.718727
41.833361	-103.719051
41.833617	-103.719407
41.834181	-103.720132
41.835382	-103.721664
41.836579	-103.723182
41.837158	-103.723938
41.838144	-103.725193
41.838386	-103.725502
41.838909	-103.726193
41.839499	-103.726973
41.840179	-103.727825
41.840648	-103.728411
41.841339	-103.729268
41.841843	-103.7299
41.842103	-103.730241
41.842621	-103.730898
41.843464	-103.731973
41.84368	-103.732259
41.843987	-103.732648
41.84434	-103.733092
41.844506	-103.733291
41.844879	-103.733776
41.845025	-103.733949
41.845176	-103.734117
41.84533	-103.734275
41.845547	-103.734481
41.845797	-103.734689
41.846021	-103.734854
41.846232	-103.734994
41.846431	-103.735111
41.846716	-103.735252
41.846945	-103.735347
41.847153	-103.735425
41.847336	-103.73548
41.847584	-103.735546
41.847852	-103.735596
41.84807	-103.735622
41.848612	-103.735647
41.849403	-103.735651
41.850176	-103.735658
41.851052	-103.735672
41.851148	-103.735674
41.854038	-103.735718
41.854802	-103.735724
41.855592	-103.735736
41.857936	-103.735766
41.858375	-103.73577
41.859495	-103.735783
41.860258	-103.735801
41.86103	-103.735805
41.863351	-103.735835
41.864126	-103.735838
41.8646	-103.735847
41.86516	-103.735868
41.865314	-103.735838
41.86568	-103.735839
41.865703	-103.734226
41.865708	-103.733871
41.86571	-103.733749
41.865737	-103.733423
41.86578	-103.729334
41.865821	-103.726701
41.865865	-103.723912
41.865886	-103.722601
41.865911	-103.720756
41.865937	-103.719304
41.865969	-103.716601
41.865978	-103.714272
41.866025	-103.71159
41.866044	-103.709371
41.866052	-103.708355
41.866091	-103.705004
41.866096	-103.704575
41.866099	-103.704192
41.866124	-103.701337
41.866136	-103.700038
41.866136	-103.700038
41.866182	-103.695016
41.868562	-103.694898
41.870068	-103.694848
41.870612	-103.694827
41.872922	-103.694775
41.874005	-103.694741
41.874097	-103.694741
41.874254	-103.694741
41.874392	-103.694741
41.874454	-103.694739
41.875349	-103.69477
41.876108	-103.694772
41.876586	-103.694751
41.877097	-103.694717
41.877476	-103.694686
41.877915	-103.694626
41.878522	-103.694527
41.879026	-103.694435
41.879554	-103.694321
41.880185	-103.694161
41.880811	-103.693981
41.881452	-103.693793
41.882355	-103.69351
41.883537	-103.693162
41.883805	-103.693082
41.884013	-103.693004
41.884145	-103.692936
41.884285	-103.692849
41.884418	-103.69274
41.884554	-103.692607
41.884688	-103.692453
41.884814	-103.692285
41.88493	-103.6921
41.885032	-103.691896
41.885135	-103.691655
41.885206	-103.691425
41.885262	-103.691178
41.885303	-103.690927
41.885327	-103.690674
41.885338	-103.690465
41.885332	-103.690232
41.885305	-103.689976
41.885262	-103.689735
41.885202	-103.6895
41.885122	-103.689263
41.885035	-103.689057
41.884922	-103.688843
41.884789	-103.68864
41.884637	-103.688454
41.884466	-103.688284
41.884316	-103.688156
41.884118	-103.688025
41.883911	-103.687925
41.883717	-103.687857
41.883488	-103.687819
41.88323	-103.687807
41.883044	-103.687798
41.881951	-103.68778
41.881712	-103.687812
41.881609	-103.687835
41.881518	-103.687871
41.881431	-103.687927
41.881362	-103.687996
41.88131	-103.68807
41.881264	-103.68818
41.881236	-103.688268
41.881169	-103.688654
41.881162	-103.689354
41.881175	-103.689798
41.881201	-103.690175
41.881237	-103.690522
41.881288	-103.690873
41.881351	-103.691239
41.881433	-103.691603
41.881524	-103.691942
41.881634	-103.692313
41.881753	-103.692651
41.881912	-103.693052
41.882065	-103.693382
41.882113	-103.693472
41.882217	-103.693668
41.882239	-103.69371
41.882382	-103.693951
41.882575	-103.694241
41.88274	-103.694469
41.883064	-103.694919
41.883938	-103.696175
41.884339	-103.696737
41.884725	-103.697302
41.885345	-103.698186
41.886206	-103.699482
41.886804	-103.700355
41.887412	-103.701255
41.887801	-103.701779
41.887994	-103.702042
41.888686	-103.703052
41.889746	-103.704562
41.890364	-103.705442
41.891458	-103.706986
41.891732	-103.707372
41.892466	-103.708421
41.892466	-103.708421
41.89394	-103.710529
41.894034	-103.710662
41.89543	-103.712644
41.896127	-103.713671
41.89624	-103.713827
41.896835	-103.714644
41.898003	-103.716293
41.898195	-103.716567
41.898484	-103.716981
41.899378	-103.718259
41.900168	-103.719388
41.901762	-103.721668
41.902483	-103.72271
41.902594	-103.722865
41.903341	-103.72391
41.903644	-103.724344
41.904638	-103.725767
41.904815	-103.726021
41.906346	-103.72819
41.907039	-103.729193
41.907077	-103.729248
41.907458	-103.729799
41.908382	-103.731089
41.909395	-103.732518
41.90955	-103.73274
41.911106	-103.734968
41.911472	-103.735486
41.912115	-103.736396
41.912338	-103.736715
41.913914	-103.738968
41.91426	-103.739444
41.914496	-103.739784
41.91527	-103.740899
41.915945	-103.741836
41.916841	-103.743143
41.91818	-103.745038
41.918799	-103.745932
41.919572	-103.747038
41.920134	-103.74788
41.920754	-103.748872
41.921224	-103.749662
41.921624	-103.750373
41.922389	-103.751818
41.92282	-103.7527
41.923472	-103.754125
41.923937	-103.755227
41.924258	-103.756036
41.92458	-103.756899
41.924927	-103.757879
41.92542	-103.759367
41.925765	-103.760541
41.926081	-103.761554
41.92653	-103.763085
41.926753	-103.763809
41.927112	-103.764979
41.927555	-103.766355
41.927919	-103.767362
41.928418	-103.768683
41.928581	-103.769069
41.928624	-103.76917
41.928738	-103.769439
41.92882	-103.769632
41.928849	-103.769701
41.928907	-103.769838
41.929445	-103.771025
41.92992	-103.772014
41.931094	-103.774345
41.931525	-103.775213
41.932401	-103.776941
41.932423	-103.776986
41.932921	-103.777993
41.933629	-103.77938
41.934239	-103.780608
41.934325	-103.780776
41.935037	-103.782171
41.935917	-103.783935
41.936478	-103.785047
41.936961	-103.78602
41.937812	-103.787699
41.940084	-103.79224
41.940461	-103.793016
41.940517	-103.793137
41.940674	-103.793479
41.940771	-103.793715
41.941126	-103.794582
41.94149	-103.795594
41.941913	-103.796993
41.94203	-103.797437
41.942126	-103.797804
41.942318	-103.798678
41.942502	-103.799649
41.942614	-103.800398
41.942656	-103.800745
41.942728	-103.801342
41.942736	-103.801405
41.942805	-103.802168
41.942815	-103.802573
41.942814	-103.803152
41.942825	-103.803487
41.942828	-103.803846
41.942832	-103.804623
41.942822	-103.80596
41.94282	-103.806276
41.942819	-103.806663
41.942814	-103.807348
41.942805	-103.80801
41.942793	-103.808707
41.942792	-103.809395
41.94279	-103.809636
41.942785	-103.810079
41.94278	-103.810766
41.942777	-103.811262
41.942774	-103.811745
41.942771	-103.812247
41.942767	-103.812895
41.942763	-103.813536
41.942757	-103.814972
41.942756	-103.815246
41.942746	-103.817703
41.942742	-103.818259
41.942744	-103.818433
41.942754	-103.818638
41.942765	-103.818814
41.942775	-103.818942
41.942799	-103.819195
41.942851	-103.819465
41.942892	-103.819661
41.942995	-103.819874
41.943068	-103.820045
41.943914	-103.821752
41.944759	-103.823459
41.945498	-103.825118
41.945875	-103.826033
41.946388	-103.827388
41.946585	-103.827922
41.948233	-103.83293
41.948588	-103.833951
41.951705	-103.842049
41.952186	-103.843279
41.952783	-103.844808
41.953566	-103.846834
41.954058	-103.848078
41.954727	-103.849876
41.955413	-103.851654
41.955727	-103.852478
41.956335	-103.854032
41.957502	-103.857047
41.958071	-103.858505
41.958875	-103.860615
41.958999	-103.86092
41.959353	-103.861834
41.959445	-103.862096
41.959753	-103.862863
41.960998	-103.8661
41.961186	-103.866581
41.961645	-103.867785
41.961763	-103.868096
41.96221	-103.869234
41.96282	-103.870825
41.962973	-103.871215
41.963371	-103.872257
41.963606	-103.87291
41.963754	-103.873388
41.963869	-103.873836
41.963895	-103.873935
41.96403	-103.874563
41.964118	-103.875119
41.964175	-103.875586
41.964232	-103.87622
41.964251	-103.876604
41.964263	-103.877549
41.96425	-103.878325
41.964225	-103.879275
41.96415	-103.881779
41.964144	-103.882147
41.964119	-103.88337
41.964113	-103.884811
41.964114	-103.886764
41.964102	-103.887886
41.964074	-103.88967
41.964058	-103.890431
41.964013	-103.891484
41.964007	-103.891686
41.963915	-103.894777
41.963859	-103.89668
41.96376	-103.899191
41.963734	-103.901272
41.963625	-103.908085
41.963621	-103.909443
41.963603	-103.911001
41.963587	-103.911964
41.963551	-103.914149
41.963533	-103.915899
41.963531	-103.916012
41.963523	-103.916442
41.963509	-103.917546
41.963505	-103.91779
41.963483	-103.919441
41.963482	-103.919466
41.963468	-103.920109
41.963461	-103.92079
41.963445	-103.922136
41.963434	-103.922833
41.963422	-103.923499
41.96342	-103.92417
41.963409	-103.92487
41.963397	-103.925549
41.963388	-103.926246
41.963379	-103.92694
41.96337	-103.927626
41.963359	-103.928307
41.963351	-103.928976
41.963343	-103.929908
41.963325	-103.930626
41.963311	-103.931731
41.963293	-103.934625
41.963298	-103.935943
41.963305	-103.937865
41.963281	-103.940382
41.96328	-103.940759
41.963282	-103.941081
41.963291	-103.941415
41.963305	-103.941773
41.963326	-103.942188
41.96336	-103.942694
41.963886	-103.949841
41.963912	-103.95019
41.963912	-103.950198
41.963957	-103.950796
41.964434	-103.957215
41.964612	-103.95965
41.964752	-103.96154
41.964905	-103.963585
41.965006	-103.964955
41.965241	-103.968089
41.965416	-103.970797
41.965548	-103.972666
41.965598	-103.973242
41.965891	-103.977276
41.96596	-103.978182
41.966081	-103.979858
41.966109	-103.980195
41.966117	-103.980288
41.96612	-103.980325
41.966138	-103.980532
41.966152	-103.980656
41.966188	-103.980976
41.966197	-103.981052
41.966302	-103.981669
41.966459	-103.982384
41.966613	-103.983005
41.966685	-103.983273
41.966931	-103.984181
41.967109	-103.984887
41.967285	-103.985606
41.967429	-103.986347
41.96755	-103.987045
41.967647	-103.987747
41.967737	-103.988509
41.967812	-103.989256
41.968107	-103.992729
41.968233	-103.994247
41.968311	-103.995134
41.968376	-103.995778
41.968465	-103.996496
41.968581	-103.99727
41.968687	-103.997875
41.968833	-103.998547
41.968979	-103.999158
41.969198	-103.999999
41.969464	-104.000877
41.969698	-104.001575
41.969905	-104.002157
41.970124	-104.00278
41.971012	-104.005311
41.971492	-104.006639
41.972258	-104.008837
41.972481	-104.009477
41.973196	-104.01153
41.974349	-104.014816
41.975005	-104.016713
41.975174	-104.017149
41.975315	-104.017511
41.97551	-104.017956
41.97574	-104.018448
41.975976	-104.018901
41.976306	-104.019472
41.976377	-104.019581
41.97661	-104.019937
41.976977	-104.020452
41.97745	-104.021012
41.978475	-104.022119
41.979282	-104.022969
41.980343	-104.02408
41.980948	-104.024728
41.981985	-104.025844
41.983071	-104.026997
41.983628	-104.027603
41.984939	-104.028983
41.985315	-104.029391
41.987184	-104.031372
41.987439	-104.031643
41.988172	-104.032383
41.988454	-104.032648
41.988775	-104.032934
41.989333	-104.033381
41.989852	-104.033775
41.990266	-104.034068
41.991402	-104.034781
41.992078	-104.035215
41.992552	-104.035528
41.992821	-104.035729
41.993164	-104.036001
41.99345	-104.036236
41.993892	-104.036626
41.994226	-104.036954
41.994548	-104.037278
41.994811	-104.037564
41.994912	-104.037688
41.994946	-104.037729
41.995291	-104.038133
41.995645	-104.038606
41.996302	-104.039514
41.996543	-104.039856
41.99716	-104.040731
41.997492	-104.041217
41.997731	-104.041598
41.998118	-104.042228
41.998158	-104.042298
41.998284	-104.042521
41.998448	-104.04281
41.998464	-104.042838
41.998776	-104.043414
41.998911	-104.043669
41.999147	-104.044139
41.999423	-104.044742
41.999724	-104.045381
41.999974	-104.045926
42.000181	-104.046378
42.00063	-104.047447
42.000789	-104.047785
42.001025	-104.048291
42.00121	-104.04872
42.001529	-104.049459
42.001637	-104.049703
42.001745	-104.049947
42.001858	-104.050203
42.002537	-104.051742
42.002944	-104.052583
42.002974	-104.052645
42.00346	-104.053579
42.004446	-104.055474
42.005994	-104.05853
42.00724	-104.060954
42.007842	-104.062158
42.009172	-104.064746
42.01532	-104.076801
42.017936	-104.081881
42.019281	-104.084544
42.02009	-104.086097
42.02083	-104.087557
42.021343	-104.088645
42.022342	-104.090961
42.022747	-104.091863
42.023548	-104.093772
42.025396	-104.098063
42.030932	-104.11091
42.03104	-104.111206
42.034536	-104.119323
42.037198	-104.125504
42.037902	-104.127157
42.038057	-104.127521
42.039176	-104.130121
42.039545	-104.130958
42.04131	-104.135041
42.041473	-104.135432
42.044099	-104.141554
42.045445	-104.14473
42.045904	-104.145826
42.046584	-104.147427
42.047517	-104.149578
42.048218	-104.151208
42.049096	-104.153254
42.049765	-104.154807
42.051456	-104.158751
42.051899	-104.159779
42.052708	-104.161606
42.053026	-104.162331
42.053255	-104.16286
42.053304	-104.162973
42.053714	-104.163941
42.053972	-104.164547
42.05486	-104.166651
42.055108	-104.16724
42.055577	-104.168366
42.056364	-104.170181
42.056692	-104.17097
42.05699	-104.171676
42.057628	-104.173143
42.057927	-104.173848
42.057982	-104.173972
42.058278	-104.174665
42.05875	-104.175745
42.059052	-104.176453
42.059141	-104.176663
42.059566	-104.177659
42.059802	-104.178218
42.060162	-104.179094
42.060355	-104.179573
42.060635	-104.180268
42.060909	-104.180901
42.061221	-104.181621
42.061491	-104.182285
42.06156	-104.182456
42.061734	-104.182848
42.061808	-104.182988
42.061931	-104.183147
42.062057	-104.183276
42.062189	-104.183409
42.062297	-104.18353
42.062372	-104.183654
42.062384	-104.183677
42.062455	-104.183822
42.062482	-104.183882
42.062708	-104.184378
42.063005	-104.185076
42.063069	-104.185226
42.063185	-104.185497
42.063292	-104.18575
42.063588	-104.186429
42.063894	-104.187133
42.064199	-104.187811
42.064646	-104.188809
42.065039	-104.189744
42.06521	-104.190184
42.065495	-104.190843
42.065799	-104.191543
42.066029	-104.192058
42.066448	-104.193013
42.066737	-104.193711
42.066907	-104.194095
42.067023	-104.194398
42.067117	-104.194679
42.067184	-104.194909
42.067317	-104.195443
42.067421	-104.195827
42.067533	-104.196171
42.067656	-104.196498
42.0678	-104.196841
42.068119	-104.197583
42.068588	-104.19868
42.068981	-104.199594
42.069373	-104.20052
42.069377	-104.20053
42.069611	-104.201068
42.069758	-104.201411
42.070709	-104.20361
42.071305	-104.20495
42.072693	-104.208261
42.073787	-104.210766
42.073951	-104.211046
42.074099	-104.211271
42.074265	-104.211496
42.074922	-104.212312
42.075444	-104.212977
42.07555	-104.213108
42.076058	-104.213731
42.076137	-104.213831
42.076467	-104.214249
42.076687	-104.214534
42.07675	-104.214635
42.076846	-104.214788
42.076964	-104.215027
42.077032	-104.21517
42.077067	-104.215244
42.077162	-104.21549
42.077234	-104.215707
42.077251	-104.215759
42.077326	-104.21604
42.077394	-104.216373
42.077438	-104.216661
42.077467	-104.216994
42.077473	-104.217282
42.077471	-104.217725
42.077475	-104.218154
42.077495	-104.218516
42.077526	-104.218836
42.07757	-104.219157
42.077624	-104.219428
42.077724	-104.21983
42.077836	-104.220198
42.077971	-104.220559
42.078899	-104.222738
42.079356	-104.223806
42.080172	-104.225713
42.080457	-104.226381
42.08078	-104.227131
42.081544	-104.228912
42.082518	-104.231119
42.082873	-104.231917
42.084471	-104.235758
42.08707	-104.241831
42.087398	-104.242596
42.087498	-104.242831
42.088515	-104.245213
42.088583	-104.245372
42.08908	-104.24652
42.089284	-104.246993
42.091032	-104.25111
42.091358	-104.251851
42.091695	-104.252634
42.092835	-104.255305
42.0937	-104.257226
42.09471	-104.259469
42.095804	-104.262041
42.09646	-104.263472
42.096759	-104.264129
42.097018	-104.264746
42.097526	-104.266098
42.097852	-104.266938
42.098127	-104.267635
42.09849	-104.268477
42.09904	-104.269778
42.09919	-104.270127
42.09947	-104.270778
42.09979	-104.27152
42.100211	-104.272512
42.10068	-104.273594
42.100949	-104.274262
42.101662	-104.275901
42.102132	-104.277019
42.102664	-104.278249
42.103197	-104.279496
42.10334	-104.27984
42.103484	-104.280185
42.103894	-104.281149
42.104424	-104.282335
42.105033	-104.283605
42.106005	-104.285692
42.10662	-104.28699
42.107145	-104.288105
42.107763	-104.289418
42.10872	-104.291455
42.109223	-104.292519
42.109969	-104.294117
42.11105	-104.296407
42.111698	-104.297799
42.112077	-104.298594
42.11222	-104.298901
42.113153	-104.300897
42.114518	-104.303787
42.114935	-104.304676
42.115962	-104.306849
42.11677	-104.308562
42.117256	-104.309611
42.118797	-104.31308
42.119317	-104.314238
42.121316	-104.318575
42.122746	-104.32161
42.123587	-104.323394
42.124373	-104.325078
42.124615	-104.325597
42.125096	-104.326603
42.125124	-104.326664
42.12522	-104.326872
42.125665	-104.327819
42.125785	-104.328073
42.127203	-104.331099
42.130794	-104.33872
42.131973	-104.341268
42.132233	-104.341808
42.13229	-104.341929
42.132611	-104.342619
42.133027	-104.343498
42.133328	-104.344134
42.133537	-104.344585
42.133663	-104.344833
42.133676	-104.344859
42.133797	-104.345059
42.133911	-104.34521
42.134022	-104.345326
42.134101	-104.345392
42.134208	-104.345461
42.134303	-104.345506
42.134429	-104.345534
42.134544	-104.345547
42.134706	-104.345554
42.13497	-104.345553
42.136004	-104.345544
42.136898	-104.345538
42.136895	-104.346313
42.136889	-104.347497
42.136888	-104.348215
42.136887	-104.34891
42.136886	-104.349643
42.136885	-104.350232
42.136902	-104.350464
42.13695	-104.350761
42.137021	-104.351039
42.137137	-104.351405
42.137345	-104.351991
42.137707	-104.352999
42.138059	-104.353954
42.138443	-104.354909
42.138972	-104.35613
42.139429	-104.357139
42.140486	-104.359377
42.141474	-104.361493
42.147954	-104.375295
42.148463	-104.376376
42.149241	-104.378021
42.150388	-104.380477
42.150804	-104.381361
42.150899	-104.381567
42.15147	-104.382773
42.152297	-104.384539
42.154681	-104.389619
42.155465	-104.391287
42.157299	-104.395191
42.158087	-104.396886
42.160499	-104.402006
42.162261	-104.405761
42.16303	-104.407401
42.165157	-104.411944
42.166591	-104.414994
42.166837	-104.415509
42.167219	-104.416311
42.167684	-104.417304
42.168282	-104.418544
42.168932	-104.419887
42.169672	-104.421455
42.171163	-104.424614
42.172707	-104.427905
42.173964	-104.430589
42.174505	-104.431742
42.175131	-104.433052
42.175483	-104.433784
42.176005	-104.434855
42.176574	-104.436035
42.1769	-104.436719
42.17721	-104.43732
42.177544	-104.43791
42.17847	-104.439458
42.178658	-104.439752
42.179136	-104.440548
42.179674	-104.441433
42.180078	-104.442144
42.180414	-104.442772
42.180702	-104.443369
42.180998	-104.444023
42.181233	-104.444589
42.181478	-104.445207
42.182226	-104.447147
42.183141	-104.449521
42.183808	-104.451244
42.184244	-104.452381
42.18459	-104.453233
42.184947	-104.454086
42.185229	-104.454717
42.185969	-104.456302
42.187813	-104.460243
42.1895	-104.463843
42.189617	-104.464092
42.190012	-104.464941
42.190982	-104.467009
42.191666	-104.468463
42.1927	-104.470681
42.194721	-104.474981
42.197044	-104.47994
42.197497	-104.480914
42.200143	-104.486568
42.20206	-104.490662
42.202638	-104.491916
42.202916	-104.492562
42.203153	-104.493148
42.203278	-104.49351
42.20374	-104.494793
42.204283	-104.49628
42.2054	-104.499366
42.205899	-104.500747
42.206943	-104.503633
42.207427	-104.50497
42.208483	-104.507897
42.208634	-104.508301
42.208759	-104.508592
42.208888	-104.508853
42.209022	-104.509103
42.209223	-104.509416
42.209941	-104.510451
42.211153	-104.512181
42.212034	-104.513466
42.212214	-104.513747
42.212326	-104.513956
42.212424	-104.514164
42.212512	-104.514377
42.212599	-104.514636
42.212658	-104.514839
42.212704	-104.51508
42.212748	-104.515402
42.212771	-104.515757
42.21278	-104.515936
42.212787	-104.516418
42.212788	-104.517106
42.21279	-104.517814
42.212824	-104.518232
42.212866	-104.518533
42.212875	-104.518598
42.212927	-104.518893
42.212991	-104.519193
42.213064	-104.519451
42.213135	-104.519691
42.213206	-104.519906
42.213354	-104.520247
42.2135	-104.520542
42.213622	-104.520767
42.213823	-104.521079
42.213948	-104.52126
42.214121	-104.52148
42.214448	-104.521875
42.215605	-104.523266
42.216225	-104.524012
42.220449	-104.529081
42.224244	-104.533643
42.225572	-104.535225
42.227277	-104.537278
42.227746	-104.537843
42.227782	-104.537887
42.228124	-104.538312
42.22835	-104.538612
42.228539	-104.538889
42.22871	-104.539166
42.228923	-104.539526
42.229156	-104.539971
42.229379	-104.540466
42.229619	-104.54103
42.231829	-104.546858
42.232037	-104.547424
42.232604	-104.548898
42.233129	-104.550311
42.233891	-104.552305
42.234939	-104.555095
42.235176	-104.555725
42.235344	-104.556154
42.235604	-104.556841
42.236532	-104.5593
42.237076	-104.560737
42.237398	-104.561588
42.237523	-104.561913
42.237523	-104.561913
42.23766	-104.56227
42.238215	-104.563737
42.238711	-104.565049
42.239268	-104.566524
42.240006	-104.56848
42.240613	-104.570093
42.241151	-104.571501
42.241426	-104.572218
42.241765	-104.573099
42.241986	-104.573615
42.242184	-104.574037
42.24241	-104.574464
42.242685	-104.574957
42.243387	-104.576211
42.243722	-104.576803
42.244079	-104.57745
42.24456	-104.578314
42.244885	-104.578887
42.245088	-104.579268
42.245287	-104.579678
42.245529	-104.580229
42.24571	-104.580656
42.245863	-104.58107
42.245977	-104.581392
42.246095	-104.581751
42.246231	-104.582199
42.246363	-104.582687
42.246453	-104.583067
42.246508	-104.583335
42.246594	-104.583761
42.246667	-104.584174
42.246725	-104.584563
42.2468	-104.585123
42.246863	-104.585829
42.246992	-104.587146
42.247481	-104.592182
42.247901	-104.596532
42.247983	-104.597374
42.248048	-104.597865
42.248124	-104.59846
42.248254	-104.599155
42.248378	-104.599761
42.248514	-104.600332
42.248793	-104.601438
42.249265	-104.603273
42.249935	-104.605843
42.250103	-104.606475
42.25042	-104.60773
42.250555	-104.608251
42.250675	-104.608803
42.250796	-104.609541
42.250841	-104.609833
42.250883	-104.610196
42.250951	-104.610896
42.251059	-104.612198
42.251276	-104.615021
42.251532	-104.618457
42.251617	-104.619265
42.251688	-104.619774
42.251781	-104.620284
42.25189	-104.620781
42.252002	-104.621226
42.252122	-104.621643
42.252252	-104.622033
42.252386	-104.622416
42.252553	-104.622808
42.252748	-104.623243
42.253043	-104.623825
42.25389	-104.625423
42.254835	-104.627226
42.255183	-104.627923
42.255439	-104.6285
42.255647	-104.629056
42.255808	-104.629551
42.255956	-104.630081
42.256082	-104.630616
42.256187	-104.631134
42.256272	-104.63169
42.256328	-104.632148
42.256364	-104.632579
42.256386	-104.633049
42.256394	-104.633428
42.256392	-104.633757
42.256378	-104.634119
42.256356	-104.634642
42.256273	-104.636335
42.256162	-104.638547
42.25609	-104.6401
42.255898	-104.643635
42.255777	-104.645961
42.255691	-104.647615
42.255626	-104.649096
42.255586	-104.650236
42.255568	-104.651081
42.255566	-104.651969
42.255598	-104.654148
42.255606	-104.654675
42.255768	-104.664607
42.255794	-104.666297
42.255812	-104.668568
42.255833	-104.669573
42.255892	-104.670431
42.255977	-104.671233
42.256063	-104.671893
42.256199	-104.672695
42.256481	-104.673976
42.256956	-104.67612
42.257309	-104.677678
42.257632	-104.679143
42.257768	-104.679733
42.257939	-104.680479
42.258173	-104.681516
42.258391	-104.682501
42.258613	-104.683496
42.258982	-104.68514
42.259507	-104.687511
42.26	-104.689671
42.260286	-104.690976
42.260914	-104.693743
42.261297	-104.695469
42.261481	-104.696257
42.261546	-104.696537
42.261787	-104.697427
42.261926	-104.697865
42.262075	-104.698336
42.262663	-104.700066
42.263172	-104.70157
42.26364	-104.702972
42.264694	-104.706079
42.264936	-104.706825
42.264962	-104.706918
42.265119	-104.707468
42.265297	-104.708204
42.265438	-104.708928
42.265553	-104.709687
42.265649	-104.710459
42.265697	-104.711129
42.265721	-104.711817
42.265718	-104.712461
42.265692	-104.713239
42.265645	-104.713921
42.265549	-104.714751
42.265358	-104.716237
42.264952	-104.7195
42.264372	-104.724214
42.264301	-104.724791
42.264249	-104.725348
42.26423	-104.725728
42.264222	-104.72609
42.264234	-104.726401
42.26426	-104.726673
42.264306	-104.727002
42.264381	-104.727345
42.264474	-104.727677
42.264688	-104.728191
42.264931	-104.728648
42.265137	-104.728975
42.265331	-104.729254
42.26576	-104.729831
42.266208	-104.730459
42.266391	-104.730746
42.266534	-104.731002
42.267372	-104.732581
42.268015	-104.733828
42.269258	-104.736162
42.26941	-104.736468
42.269539	-104.736782
42.269659	-104.737161
42.269747	-104.737553
42.269799	-104.737871
42.26983	-104.738123
42.269852	-104.738384
42.269856	-104.738846
42.26985	-104.739519
42.269849	-104.739551
42.269842	-104.740229
42.26984	-104.740916
42.269839	-104.741598
42.269835	-104.742269
42.269832	-104.742989
42.269829	-104.743674
42.269826	-104.744351
42.26982	-104.745036
42.269819	-104.745716
42.269816	-104.746399
42.269812	-104.747186
42.269793	-104.751138
42.269792	-104.751551
42.269796	-104.753107
42.26979	-104.753492
42.269737	-104.758733
42.269738	-104.760417
42.269725	-104.760909
42.2697	-104.761335
42.269652	-104.761785
42.269584	-104.762225
42.269482	-104.762692
42.269334	-104.763223
42.269155	-104.763702
42.268929	-104.764185
42.268629	-104.764753
42.267909	-104.766113
42.267006	-104.767745
42.266722	-104.768279
42.266521	-104.768704
42.266369	-104.769103
42.26625	-104.769498
42.266136	-104.770023
42.266002	-104.770853
42.265542	-104.773723
42.265359	-104.774926
42.265289	-104.775458
42.265265	-104.77593
42.265265	-104.776455
42.265305	-104.777024
42.26538	-104.777754
42.265804	-104.781612
42.266431	-104.787283
42.266516	-104.788005
42.2666	-104.788595
42.266695	-104.789118
42.266861	-104.789755
42.267708	-104.79254
42.26844	-104.794933
42.268681	-104.795736
42.268992	-104.796747
42.269283	-104.797707
42.269853	-104.799573
42.270011	-104.800142
42.27009	-104.800515
42.270146	-104.800891
42.270177	-104.801285
42.270182	-104.801712
42.270158	-104.802162
42.270112	-104.802548
42.270058	-104.802876
42.269979	-104.803203
42.269849	-104.803614
42.269609	-104.804265
42.269018	-104.805777
42.268581	-104.806884
42.268328	-104.807508
42.268038	-104.808146
42.267353	-104.809581
42.266793	-104.810758
42.266496	-104.811383
42.266164	-104.812082
42.266023	-104.812386
42.265718	-104.813027
42.265136	-104.814252
42.264438	-104.815719
42.263818	-104.817014
42.263324	-104.81806
42.263296	-104.818118
42.26288	-104.818998
42.262242	-104.820337
42.261754	-104.821369
42.26144	-104.822013
42.26117	-104.822563
42.260831	-104.823196
42.260553	-104.823689
42.260181	-104.824285
42.25928	-104.825685
42.258215	-104.827341
42.25768	-104.828181
42.256826	-104.829501
42.256569	-104.829894
42.256275	-104.830344
42.255842	-104.831031
42.255472	-104.831606
42.255062	-104.832268
42.254556	-104.833048
42.253851	-104.834149
42.253152	-104.835227
42.252709	-104.835915
42.252411	-104.836395
42.252141	-104.836859
42.251889	-104.837345
42.251603	-104.837952
42.251329	-104.838584
42.251063	-104.839295
42.250849	-104.839933
42.25066	-104.840553
42.250269	-104.841915
42.249953	-104.842992
42.24971	-104.84382
42.249477	-104.844569
42.24924	-104.845263
42.248976	-104.845979
42.248903	-104.846164
42.248724	-104.846616
42.248697	-104.846677
42.248342	-104.847462
42.247864	-104.848471
42.247476	-104.849289
42.246987	-104.850333
42.243973	-104.856844
42.24352	-104.857805
42.243043	-104.858838
42.242515	-104.859974
42.241229	-104.862751
42.24078	-104.863743
42.240496	-104.864435
42.240168	-104.865331
42.239948	-104.86601
42.239711	-104.866811
42.239535	-104.867479
42.239382	-104.868112
42.239261	-104.868686
42.239166	-104.86919
42.239078	-104.869668
42.238996	-104.870218
42.238904	-104.870896
42.238822	-104.871639
42.238763	-104.872436
42.238699	-104.873326
42.238579	-104.874991
42.238517	-104.87574
42.238469	-104.87625
42.238413	-104.876714
42.238322	-104.877248
42.238239	-104.877692
42.238146	-104.878103
42.238029	-104.878519
42.23785	-104.879119
42.237458	-104.880389
42.236741	-104.882608
42.236253	-104.884125
42.235992	-104.884936
42.235779	-104.885623
42.235504	-104.886473
42.235197	-104.887452
42.234967	-104.888193
42.234837	-104.888667
42.234762	-104.888982
42.234676	-104.889397
42.234596	-104.889884
42.234529	-104.890327
42.234482	-104.890761
42.234445	-104.891257
42.234422	-104.891742
42.234416	-104.892292
42.23442	-104.892939
42.234467	-104.896029
42.234495	-104.899674
42.234537	-104.904252
42.234552	-104.906262
42.234562	-104.907314
42.234562	-104.907511
42.234569	-104.908225
42.234592	-104.911
42.234594	-104.913346
42.234586	-104.916274
42.234586	-104.918031
42.234572	-104.927602
42.234604	-104.943259
42.234607	-104.944128
42.234606	-104.94604
42.234607	-104.947893
42.234615	-104.952569
42.234624	-104.957646
42.234619	-104.967494
42.234585	-104.973062
42.234595	-104.975532
42.234567	-104.981411
42.23454	-104.987077
42.234534	-104.990295
42.234518	-104.993454
42.234516	-104.993716
42.234516	-104.993716
42.234511	-104.994651
42.234507	-104.997486
42.234493	-104.999179
42.234494	-105.000555
42.234482	-105.002482
42.234467	-105.003683
42.23443	-105.004564
42.234348	-105.005702
42.23427	-105.006407
42.234131	-105.007442
42.233883	-105.009164
42.23376	-105.009969
42.233554	-105.011367
42.233356	-105.012691
42.233282	-105.013187
42.233098	-105.014475
42.233017	-105.015069
42.232495	-105.018563
42.232459	-105.019015
42.232425	-105.019442
42.232413	-105.019815
42.232413	-105.020205
42.232435	-105.02045
42.232451	-105.020614
42.232469	-105.020777
42.232538	-105.021162
42.232627	-105.021592
42.232748	-105.021954
42.232887	-105.022316
42.233074	-105.022744
42.233189	-105.022926
42.233356	-105.02319
42.23355	-105.023471
42.233708	-105.023652
42.233847	-105.023795
42.234049	-105.023983
42.234195	-105.02411
42.234378	-105.02425
42.234671	-105.024439
42.235194	-105.024766
42.235841	-105.025097
42.237738	-105.026026
42.239219	-105.026781
42.241246	-105.027768
42.246761	-105.030532
42.256088	-105.03521
42.259515	-105.036962
42.260791	-105.037598
42.26143	-105.037845
42.261622	-105.037886
42.261948	-105.037954
42.262415	-105.038027
42.263154	-105.038108
42.263396	-105.038152
42.263633	-105.038212
42.263853	-105.038296
42.264196	-105.038448
42.264523	-105.038605
42.263949	-105.040626
42.26388	-105.040863
42.263833	-105.041073
42.263802	-105.041363
42.264199	-105.041476
42.264772	-105.041607
42.265369	-105.041764
42.265928	-105.041947
42.266769	-105.042265
42.267154	-105.042394
42.26738	-105.042473
42.267543	-105.042555
42.267671	-105.042639
42.267822	-105.042792
42.267968	-105.042957
42.268061	-105.043098
42.268157	-105.043251
42.268409	-105.043722
42.269807	-105.046289
42.269916	-105.04649
42.270054	-105.046747
42.270741	-105.048024
42.270899	-105.048289
42.27099	-105.048419
42.271162	-105.048654
42.271353	-105.048881
42.271502	-105.04903
42.271651	-105.049154
42.271777	-105.049251
42.271955	-105.049368
42.272073	-105.049439
42.272246	-105.04953
42.2724	-105.049597
42.272597	-105.049663
42.272824	-105.049725
42.273031	-105.049756
42.273031	-105.049756
42.275044	-105.050054
42.276336	-105.050256
42.276866	-105.050347
42.27797	-105.050518
42.278942	-105.050649
42.279559	-105.050755
42.280096	-105.050826
42.282638	-105.051228
42.283051	-105.05129
42.283444	-105.051342
42.283593	-105.051341
42.283761	-105.051327
42.283907	-105.05131
42.284041	-105.051286
42.284208	-105.051242
42.284352	-105.051191
42.284465	-105.051142
42.28459	-105.051072
42.284685	-105.051003
42.284792	-105.050936
42.284888	-105.050848
42.285005	-105.050738
42.285113	-105.050624
42.285251	-105.050457
42.285395	-105.050247
42.285545	-105.049958
42.285638	-105.049736
42.285723	-105.049533
42.285912	-105.049021
42.286067	-105.048637
42.286139	-105.048499
42.286477	-105.0479
42.286644	-105.047666
42.286825	-105.047449
42.286965	-105.047302
42.287211	-105.047046
42.287466	-105.046805
42.287628	-105.046678
42.287628	-105.046678
42.28784	-105.046537
42.288214	-105.046327
42.288352	-105.046259
42.288477	-105.0462
42.288718	-105.046106
42.288928	-105.04605
42.289138	-105.046015
42.289379	-105.045983
42.289777	-105.045974
42.290036	-105.045975
42.290236	-105.045974
42.290867	-105.045967
42.29252	-105.045964
42.294416	-105.045962
42.295047	-105.045947
42.296585	-105.04595
42.299617	-105.045946
42.30113	-105.045934
42.302658	-105.045928
42.304197	-105.045922
42.305713	-105.045923
42.307224	-105.045914
42.31011	-105.045923
42.311632	-105.04591
42.313147	-105.045914
42.314694	-105.045931
42.316047	-105.045947
42.318538	-105.045928
42.319232	-105.045928
42.319592	-105.045912
42.319828	-105.045895
42.320062	-105.045863
42.32041	-105.045793
42.320758	-105.045716
42.321029	-105.045655
42.321954	-105.045439
42.322317	-105.045359
42.322513	-105.045329
42.322676	-105.045305
42.322899	-105.045278
42.323041	-105.045267
42.323399	-105.045258
42.324194	-105.045229
42.325214	-105.045207
42.326721	-105.045172
42.328158	-105.045152
42.329667	-105.045111
42.331149	-105.045085
42.332902	-105.045047
42.334388	-105.045016
42.334917	-105.045005
42.335574	-105.045
42.336154	-105.04502
42.336735	-105.045041
42.337057	-105.04505
42.337255	-105.045041
42.337394	-105.04503
42.337525	-105.045016
42.337698	-105.044985
42.338146	-105.044857
42.338269	-105.044837
42.338425	-105.044814
42.338582	-105.044808
42.339507	-105.044783
42.34034	-105.044782
42.34114	-105.044753
42.342691	-105.044753
42.343649	-105.04476
42.34384	-105.044768
42.344197	-105.044772
42.344357	-105.044741
42.344488	-105.044695
42.344623	-105.044607
42.344784	-105.044474
42.345004	-105.044235
42.345489	-105.043646
42.346789	-105.042014
42.347327	-105.041349
42.347684	-105.040906
42.347887	-105.040679
42.348137	-105.040424
42.349297	-105.039261
42.350068	-105.038486
42.350362	-105.038173
42.350554	-105.037949
42.350741	-105.03769
42.350887	-105.037461
42.35102	-105.037196
42.351145	-105.036941
42.351278	-105.036593
42.351355	-105.036333
42.351429	-105.036019
42.351494	-105.035687
42.351587	-105.035009
42.351706	-105.034124
42.351796	-105.033438
42.352135	-105.030909
42.352689	-105.026702
42.353128	-105.023486
42.353352	-105.02179
42.35345	-105.02102
42.353581	-105.020038
42.353629	-105.019583
42.353667	-105.019145
42.353693	-105.018667
42.353724	-105.017961
42.353858	-105.015114
42.353884	-105.014571
42.353915	-105.014036
42.353955	-105.01357
42.354004	-105.013209
42.354158	-105.012297
42.354466	-105.010619
42.354992	-105.007673
42.355234	-105.006361
42.355541	-105.004728
42.355886	-105.002807
42.356308	-105.000522
42.356468	-104.999634
42.35656	-104.999208
42.356646	-104.998854
42.356744	-104.998535
42.356846	-104.99826
42.356987	-104.99796
42.357187	-104.99761
42.357536	-104.997068
42.358304	-104.995949
42.359457	-104.994278
42.360455	-104.992816
42.360972	-104.992054
42.361185	-104.991768
42.361362	-104.991534
42.361535	-104.991332
42.361708	-104.991162
42.361887	-104.991012
42.362029	-104.990921
42.36222	-104.990811
42.362433	-104.990721
42.362619	-104.990659
42.362896	-104.990606
42.363149	-104.9906
42.363388	-104.990624
42.363657	-104.990678
42.363994	-104.990787
42.365408	-104.991287
42.36612	-104.991517
42.367153	-104.991872
42.367557	-104.992014
42.367961	-104.992186
42.368444	-104.992423
42.369327	-104.992872
42.369844	-104.993149
42.370148	-104.993315
42.370409	-104.993474
42.370696	-104.993666
42.371015	-104.993908
42.371411	-104.994201
42.371913	-104.994585
42.372267	-104.994855
42.372526	-104.995035
42.372735	-104.995168
42.372961	-104.995273
42.373183	-104.995359
42.373417	-104.995412
42.373665	-104.995439
42.37391	-104.995426
42.374162	-104.995388
42.374386	-104.995328
42.3746	-104.995253
42.374795	-104.99514
42.375023	-104.99498
42.375212	-104.994823
42.37538	-104.994653
42.375605	-104.994409
42.376601	-104.99324
42.377284	-104.99242
42.377952	-104.991636
42.37823	-104.991283
42.378458	-104.990968
42.378661	-104.990632
42.37914	-104.989768
42.380729	-104.986919
42.380913	-104.986588
42.381101	-104.986266
42.381281	-104.985976
42.381473	-104.985738
42.38166	-104.985545
42.381874	-104.985343
42.382173	-104.985097
42.382787	-104.984608
42.384045	-104.983621
42.385014	-104.982847
42.385255	-104.982674
42.385493	-104.982537
42.38573	-104.982419
42.385951	-104.982335
42.386165	-104.982274
42.386363	-104.982238
42.386594	-104.982222
42.386856	-104.982225
42.387096	-104.982256
42.387344	-104.982315
42.38755	-104.982373
42.388215	-104.982632
42.389164	-104.983018
42.389715	-104.983237
42.390128	-104.983401
42.390401	-104.983507
42.390616	-104.983578
42.390828	-104.983616
42.39107	-104.983635
42.391341	-104.983643
42.393308	-104.983651
42.394391	-104.98366
42.394875	-104.983666
42.395937	-104.983663
42.396036	-104.983663
42.396054	-104.983663
42.396165	-104.983666
42.396165	-104.983666
42.39637	-104.983671
42.396735	-104.983705
42.397135	-104.983806
42.400249	-104.985018
42.413447	-104.990133
42.419067	-104.992334
42.420229	-104.99279
42.421169	-104.993182
42.423524	-104.994091
42.42484	-104.994578
42.425319	-104.994662
42.425632	-104.994656
42.42602	-104.994624
42.42649	-104.994543
42.427309	-104.994391
42.429008	-104.994037
42.429887	-104.993849
42.431118	-104.993623
42.433747	-104.993119
42.434091	-104.99308
42.434472	-104.99306
42.43489	-104.993091
42.435302	-104.993189
42.435652	-104.993302
42.437664	-104.994242
42.4417	-104.996202
42.442697	-104.996806
42.443128	-104.997172
42.443596	-104.99775
42.443965	-104.998339
42.445087	-105.000527
42.445687	-105.001863
42.448842	-105.008388
42.452302	-105.0155
42.452602	-105.016079
42.453062	-105.016819
42.453398	-105.017264
42.453996	-105.017989
42.454519	-105.01858
42.454519	-105.01858
42.454803	-105.018901
42.458828	-105.023407
42.460443	-105.025225
42.460813	-105.025616
42.461325	-105.0261
42.461866	-105.02648
42.462434	-105.026786
42.462928	-105.026967
42.463096	-105.027011
42.463325	-105.027054
42.463581	-105.027085
42.464014	-105.027127
42.465873	-105.027251
42.466894	-105.027314
42.468691	-105.027431
42.470432	-105.027546
42.47203	-105.027652
42.472411	-105.027669
42.472576	-105.027672
42.473284	-105.027642
42.474545	-105.02756
42.475166	-105.027521
42.47553	-105.027517
42.475796	-105.02754
42.476082	-105.027581
42.476375	-105.027642
42.476702	-105.027734
42.477037	-105.027838
42.477557	-105.028022
42.478449	-105.028339
42.478996	-105.028528
42.479322	-105.028656
42.479642	-105.0288
42.480094	-105.029026
42.480463	-105.029238
42.481047	-105.029571
42.482703	-105.03053
42.483108	-105.030755
42.48343	-105.03091
42.483742	-105.03103
42.484017	-105.031121
42.484303	-105.031189
42.484559	-105.031236
42.484874	-105.03126
42.485129	-105.031272
42.485374	-105.031276
42.485589	-105.031259
42.485829	-105.03122
42.486134	-105.031147
42.486475	-105.031042
42.487376	-105.03069
42.48793	-105.030464
42.488356	-105.030277
42.488693	-105.030152
42.489353	-105.029944
42.489814	-105.029809
42.49035	-105.029683
42.490844	-105.02959
42.491957	-105.029431
42.49264	-105.029331
42.493079	-105.02926
42.4934	-105.029215
42.493781	-105.029167
42.494028	-105.029128
42.494295	-105.029088
42.494635	-105.029031
42.494951	-105.028959
42.495128	-105.028917
42.495243	-105.028889
42.495293	-105.028877
42.495447	-105.028829
42.495517	-105.028807
42.495726	-105.028717
42.496007	-105.028572
42.496288	-105.028399
42.496589	-105.028205
42.4972	-105.027781
42.497583	-105.027527
42.498665	-105.026771
42.499117	-105.026522
42.49927	-105.026441
42.499518	-105.026323
42.49974	-105.026248
42.499927	-105.026188
42.500075	-105.026155
42.50021	-105.026131
42.500397	-105.026112
42.500565	-105.026105
42.50083	-105.026112
42.501049	-105.026118
42.501778	-105.026126
42.502723	-105.026129
42.50367	-105.026136
42.504006	-105.026131
42.504282	-105.026124
42.504417	-105.026107
42.504534	-105.026072
42.504642	-105.026035
42.504809	-105.025955
42.504995	-105.025863
42.505416	-105.025636
42.505589	-105.025544
42.506145	-105.025253
42.506534	-105.025042
42.507404	-105.024592
42.507848	-105.024358
42.508084	-105.024231
42.508935	-105.023784
42.509321	-105.023602
42.50964	-105.023467
42.509881	-105.023377
42.510243	-105.02326
42.510495	-105.023196
42.510757	-105.023148
42.511002	-105.023116
42.51124	-105.023091
42.511441	-105.023078
42.511781	-105.023068
42.512547	-105.023054
42.513757	-105.023055
42.514842	-105.02305
42.515784	-105.023048
42.516349	-105.023081
42.516835	-105.023129
42.517259	-105.023197
42.518308	-105.023396
42.519399	-105.023649
42.520294	-105.023855
42.520935	-105.023995
42.521458	-105.024127
42.522086	-105.024271
42.522542	-105.024377
42.522968	-105.024499
42.52356	-105.024701
42.523943	-105.024838
42.525126	-105.025308
42.526585	-105.025896
42.527749	-105.026376
42.52872	-105.026765
42.52971	-105.027164
42.530806	-105.027596
42.53266	-105.028328
42.53405	-105.028884
42.53518	-105.029339
42.536493	-105.029868
42.537488	-105.030269
42.538098	-105.030513
42.538904	-105.030867
42.540368	-105.031572
42.540368	-105.031572
42.541049	-105.0319
42.542206	-105.032408
42.543585	-105.032971
42.544285	-105.03324
42.545014	-105.033508
42.545838	-105.033772
42.548417	-105.034599
42.548958	-105.034783
42.549426	-105.034975
42.549849	-105.03516
42.55047	-105.035469
42.551006	-105.035769
42.551615	-105.036143
42.55207	-105.036452
42.552461	-105.036739
42.552819	-105.03702
42.553265	-105.037396
42.553709	-105.037797
42.559921	-105.043476
42.560709	-105.044167
42.56105	-105.044476
42.561356	-105.04478
42.561643	-105.045103
42.561921	-105.045456
42.562166	-105.045825
42.562402	-105.04622
42.562577	-105.046557
42.562752	-105.046935
42.562905	-105.047348
42.563033	-105.047737
42.563192	-105.048322
42.563444	-105.049368
42.563618	-105.050066
42.563773	-105.050646
42.563909	-105.051078
42.564074	-105.051551
42.564274	-105.052027
42.564457	-105.05243
42.564666	-105.052839
42.564974	-105.053387
42.565383	-105.054088
42.568473	-105.059381
42.570107	-105.062156
42.572174	-105.065703
42.572518	-105.066274
42.572801	-105.066681
42.573016	-105.066965
42.573247	-105.067244
42.573486	-105.067508
42.573759	-105.067784
42.574022	-105.068027
42.574253	-105.068221
42.574479	-105.068392
42.574715	-105.068559
42.57497	-105.068729
42.575269	-105.068885
42.575582	-105.069037
42.575888	-105.069164
42.576701	-105.069462
42.57749	-105.069748
42.578581	-105.070135
42.579217	-105.070358
42.579564	-105.070469
42.579892	-105.070546
42.580171	-105.07059
42.580476	-105.070608
42.580784	-105.070603
42.581067	-105.070578
42.581384	-105.070523
42.581671	-105.07045
42.581955	-105.070366
42.582182	-105.07028
42.582432	-105.070158
42.582696	-105.070004
42.582946	-105.069841
42.583325	-105.069566
42.584081	-105.068977
42.585008	-105.068237
42.585328	-105.067986
42.585638	-105.067756
42.585891	-105.067593
42.586142	-105.067452
42.586433	-105.067312
42.586736	-105.067202
42.587074	-105.067104
42.587387	-105.067038
42.587705	-105.066993
42.588059	-105.066977
42.588385	-105.066998
42.588716	-105.067041
42.589103	-105.067132
42.589441	-105.067241
42.589721	-105.067359
42.589963	-105.067481
42.590197	-105.067613
42.590509	-105.067819
42.590811	-105.068063
42.591084	-105.068313
42.591328	-105.068566
42.59159	-105.068865
42.59177	-105.069108
42.591975	-105.069405
42.592147	-105.06969
42.592364	-105.070098
42.592551	-105.070496
42.592712	-105.070914
42.59287	-105.071381
42.593002	-105.071857
42.593278	-105.072971
42.593995	-105.075954
42.594226	-105.076918
42.594516	-105.078124
42.594733	-105.079036
42.594881	-105.079604
42.595009	-105.080039
42.595152	-105.080444
42.595302	-105.080806
42.595523	-105.081289
42.595717	-105.081654
42.595962	-105.082057
42.596307	-105.082611
42.596812	-105.083411
42.597836	-105.085002
42.599144	-105.087018
42.599792	-105.088039
42.600178	-105.08863
42.600907	-105.089762
42.602295	-105.091931
42.603225	-105.09337
42.604259	-105.094979
42.604633	-105.095537
42.604941	-105.095987
42.605244	-105.096388
42.605507	-105.096725
42.605776	-105.097048
42.606099	-105.097442
42.606534	-105.097968
42.606839	-105.098359
42.607118	-105.09874
42.607364	-105.099096
42.607693	-105.099591
42.607965	-105.100026
42.608248	-105.100498
42.608705	-105.101365
42.609256	-105.102467
42.609555	-105.103063
42.609763	-105.103468
42.609967	-105.103825
42.610247	-105.104299
42.610713	-105.105042
42.611625	-105.106459
42.612414	-105.107682
42.613393	-105.109211
42.614224	-105.110499
42.614908	-105.111578
42.615277	-105.112142
42.615598	-105.112623
42.616124	-105.113467
42.617136	-105.115023
42.618305	-105.116858
42.620302	-105.119964
42.62119	-105.121334
42.622634	-105.123585
42.622634	-105.123585
42.622978	-105.124121
42.623403	-105.124783
42.624456	-105.126427
42.625433	-105.127958
42.625739	-105.128447
42.626343	-105.129397
42.626718	-105.129983
42.62748	-105.13117
42.628753	-105.133147
42.630417	-105.135753
42.6323	-105.138684
42.632924	-105.139659
42.633874	-105.141146
42.635508	-105.14368
42.63648	-105.145198
42.637752	-105.147181
42.641344	-105.15279
42.641536	-105.153081
42.645591	-105.159412
42.646082	-105.160129
42.646563	-105.160819
42.647562	-105.162235
42.648259	-105.163218
42.648788	-105.163965
42.648926	-105.164154
42.649696	-105.165249
42.6507	-105.166657
42.651159	-105.167305
42.651349	-105.167528
42.651542	-105.167704
42.651698	-105.167821
42.652115	-105.16808
42.65235	-105.168182
42.652741	-105.168304
42.653065	-105.168351
42.659211	-105.16837
42.659374	-105.168382
42.65954	-105.168408
42.659729	-105.168451
42.659873	-105.168499
42.659981	-105.168554
42.660203	-105.168686
42.659096	-105.172387
42.658997	-105.172718
42.658761	-105.173506
42.657799	-105.1767
42.65719	-105.178737
42.656854	-105.179834
42.656717	-105.180351
42.656624	-105.18077
42.656552	-105.181124
42.656486	-105.181562
42.656447	-105.181933
42.656425	-105.182346
42.656423	-105.182826
42.656433	-105.183169
42.656462	-105.183794
42.656498	-105.184299
42.656563	-105.18532
42.656671	-105.186767
42.656777	-105.1884
42.656809	-105.189449
42.656792	-105.190577
42.656785	-105.191448
42.656751	-105.192755
42.65675	-105.195716
42.656761	-105.197144
42.65679	-105.198186
42.656801	-105.198571
42.65682	-105.199263
42.656848	-105.200235
42.656856	-105.200491
42.656881	-105.201424
42.65694	-105.202731
42.656979	-105.203849
42.657002	-105.20486
42.657012	-105.205178
42.657059	-105.205328
42.657221	-105.205443
42.658308	-105.205738
42.659775	-105.206135
42.66028	-105.206349
42.662442	-105.207862
42.664264	-105.209117
42.666978	-105.210995
42.66787	-105.211606
42.668651	-105.212282
42.670284	-105.214053
42.672999	-105.216987
42.672999	-105.216987
42.675545	-105.219739
42.676271	-105.220565
42.676807	-105.221348
42.678124	-105.223505
42.682668	-105.230929
42.68848	-105.240424
42.693819	-105.249093
42.695916	-105.252505
42.697249	-105.254715
42.698952	-105.257526
42.699693	-105.258663
42.701601	-105.261453
42.706979	-105.269283
42.707722	-105.270371
42.708084	-105.270929
42.708461	-105.271712
42.708595	-105.271987
42.70868	-105.272137
42.708764	-105.272242
42.708805	-105.272286
42.708871	-105.272343
42.708954	-105.27239
42.70904	-105.272423
42.709144	-105.272438
42.709232	-105.272432
42.709284	-105.272418
42.709346	-105.272395
42.709434	-105.272339
42.709765	-105.272022
42.709836	-105.271968
42.709908	-105.271928
42.709982	-105.271897
42.710052	-105.271882
42.710144	-105.271892
42.71023	-105.271911
42.710322	-105.271946
42.710411	-105.272016
42.71048	-105.272086
42.71056	-105.272195
42.710623	-105.272324
42.710673	-105.272451
42.711394	-105.274544
42.712066	-105.276422
42.712231	-105.276814
42.712369	-105.27709
42.712592	-105.277447
42.713319	-105.278517
42.713916	-105.279445
42.714269	-105.280114
42.714622	-105.280985
42.71489	-105.28173
42.714952	-105.281959
42.714952	-105.281959
42.71513	-105.282615
42.715308	-105.28349
42.717201	-105.297866
42.717292	-105.298363
42.719488	-105.307173
42.719653	-105.307563
42.719814	-105.307855
42.720051	-105.308155
42.720287	-105.308399
42.722429	-105.310178
42.722922	-105.310644
42.723336	-105.3111
42.723604	-105.311492
42.723847	-105.311902
42.724429	-105.313024
42.725446	-105.314993
42.725937	-105.315982
42.726727	-105.317548
42.727038	-105.31819
42.727243	-105.318659
42.727416	-105.319104
42.72759	-105.319582
42.727744	-105.320038
42.728	-105.320818
42.728805	-105.323257
42.729304	-105.32478
42.730252	-105.327591
42.732013	-105.332309
42.733976	-105.337561
42.734848	-105.339891
42.735459	-105.341549
42.736541	-105.34447
42.736808	-105.345175
42.737018	-105.345726
42.737231	-105.346296
42.737823	-105.347884
42.737987	-105.348323
42.738279	-105.349105
42.738702	-105.350239
42.740955	-105.356279
42.741476	-105.357677
42.741996	-105.359088
42.742171	-105.359544
42.742368	-105.360016
42.742575	-105.360466
42.742734	-105.36077
42.742906	-105.361083
42.743088	-105.361389
42.743295	-105.361701
42.743594	-105.362134
42.744354	-105.363187
42.744478	-105.363359
42.74453	-105.363432
42.74498	-105.364062
42.74498	-105.364062
42.745556	-105.364869
42.746475	-105.366172
42.747161	-105.367122
42.747676	-105.367844
42.74785	-105.368124
42.747992	-105.368384
42.74809	-105.368601
42.748202	-105.368901
42.748301	-105.369246
42.748363	-105.369522
42.748413	-105.369873
42.748437	-105.370143
42.748449	-105.37058
42.748452	-105.370762
42.748437	-105.37137
42.748452	-105.373296
42.748455	-105.373937
42.748458	-105.374562
42.748462	-105.375198
42.748466	-105.375833
42.748462	-105.376446
42.748458	-105.377093
42.748465	-105.377669
42.748471	-105.378269
42.748473	-105.378538
42.748473	-105.378891
42.748474	-105.379486
42.748475	-105.380043
42.748474	-105.380709
42.748473	-105.381362
42.748475	-105.382086
42.748476	-105.382333
42.748473	-105.382801
42.748468	-105.383353
42.748463	-105.38367
42.748456	-105.384367
42.748436	-105.385039
42.748433	-105.385583
42.748452	-105.386114
42.748485	-105.386508
42.748518	-105.386846
42.748529	-105.38707
42.748534	-105.387684
42.74853	-105.389305
42.748529	-105.390517
42.748544	-105.390823
42.748568	-105.391086
42.748608	-105.391368
42.748683	-105.391695
42.748837	-105.392263
42.748837	-105.392263
42.749159	-105.393393
42.749408	-105.394318
42.749497	-105.39462
42.749593	-105.394896
42.749691	-105.395124
42.749803	-105.395343
42.749935	-105.395561
42.750089	-105.395756
42.750338	-105.396072
42.75039	-105.396138
42.750567	-105.396362
42.75077	-105.396626
42.750914	-105.396851
42.751038	-105.397065
42.751135	-105.397272
42.751233	-105.397525
42.751245	-105.397556
42.751332	-105.397855
42.751402	-105.398164
42.751448	-105.398463
42.751479	-105.398811
42.75149	-105.399143
42.751492	-105.399208
42.751485	-105.399769
42.751448	-105.403397
42.75142	-105.406324
42.752482	-105.406341
42.753222	-105.406353
42.753542	-105.40637
42.754081	-105.406423
42.754747	-105.406474
42.755071	-105.406484
42.756125	-105.40649
42.756567	-105.406493
42.758029	-105.406517
42.758248	-105.406524
42.758441	-105.406521
42.75904	-105.406531
42.759256	-105.406535
42.760007	-105.406548
42.760985	-105.406573
42.761608	-105.4066
42.762027	-105.40662
42.762476	-105.406652
42.762972	-105.406689
42.762972	-105.40693
42.762966	-105.410269
42.762924	-105.41107
42.762825	-105.411974
42.762133	-105.417129
42.762041	-105.417913
42.762029	-105.418647
42.762082	-105.419216
42.762141	-105.419672
42.762296	-105.420573
42.762516	-105.421367
42.762753	-105.422
42.76306	-105.422622
42.76312	-105.422723
42.76312	-105.422723
42.763611	-105.423555
42.764408	-105.424847
42.764974	-105.425765
42.765344	-105.426388
42.765628	-105.426903
42.765903	-105.427493
42.766417	-105.428779
42.766699	-105.429456
42.766841	-105.429767
42.766967	-105.429982
42.767148	-105.430207
42.767392	-105.430443
42.768258	-105.431184
42.769676	-105.432321
42.770527	-105.43301
42.771203	-105.433557
42.771401	-105.433713
42.772606	-105.434711
42.774468	-105.436218
42.774637	-105.436358
42.775075	-105.436722
42.776185	-105.437613
42.7765	-105.437838
42.776776	-105.437988
42.776847	-105.438026
42.777	-105.438106
42.777244	-105.438203
42.77751	-105.43829
42.777779	-105.43835
42.778035	-105.438392
42.778319	-105.438411
42.778592	-105.438403
42.778886	-105.438371
42.779116	-105.438333
42.779341	-105.43828
42.779581	-105.438199
42.779805	-105.438113
42.779915	-105.438059
42.780028	-105.438001
42.782372	-105.43663
42.782727	-105.436442
42.783026	-105.436295
42.783268	-105.436193
42.783473	-105.436115
42.783736	-105.436035
42.783998	-105.435976
42.784268	-105.435923
42.784569	-105.435892
42.784829	-105.435881
42.786835	-105.435878
42.787366	-105.43588
42.78874	-105.435885
42.791378	-105.43589
42.792535	-105.435901
42.795167	-105.435914
42.796684	-105.435912
42.797046	-105.435917
42.797381	-105.435949
42.79762	-105.435997
42.797856	-105.436062
42.79809	-105.436142
42.798326	-105.436244
42.798519	-105.436346
42.798731	-105.436475
42.798977	-105.436655
42.799153	-105.436799
42.799318	-105.436952
42.799464	-105.437102
42.799621	-105.437274
42.799788	-105.437478
42.800015	-105.437778
42.800607	-105.438588
42.802225	-105.440801
42.803787	-105.442931
42.806723	-105.446965
42.808461	-105.449341
42.809732	-105.451082
42.810505	-105.452125
42.823023	-105.469294
42.823023	-105.469294
42.823102	-105.469402
42.823523	-105.470073
42.823933	-105.470792
42.824243	-105.47143
42.824582	-105.472197
42.825727	-105.475094
42.826946	-105.478189
42.82817	-105.481268
42.829083	-105.483591
42.829268	-105.484069
42.829472	-105.484568
42.829645	-105.484943
42.829818	-105.485254
42.830007	-105.485533
42.830243	-105.485839
42.830479	-105.486091
42.830672	-105.486273
42.83101	-105.486547
42.831321	-105.486745
42.831619	-105.486906
42.831856	-105.487008
42.832155	-105.487094
42.832442	-105.487142
42.832914	-105.487212
42.834382	-105.487357
42.840502	-105.487912
42.840903	-105.487942
42.840963	-105.487954
42.843604	-105.48821
42.846259	-105.488465
42.846613	-105.488524
42.84692	-105.4886
42.847207	-105.488696
42.847655	-105.488873
42.848044	-105.489039
42.848516	-105.489265
42.849177	-105.489597
42.851163	-105.49059
42.851898	-105.490951
42.852983	-105.491507
42.853193	-105.491601
42.853343	-105.49167
42.854569	-105.492294
42.855216	-105.492693
42.855859	-105.493141
42.856605	-105.493744
42.857527	-105.49465
42.858194	-105.495421
42.858699	-105.496086
42.859434	-105.497204
42.860148	-105.498471
42.861055	-105.500206
42.861598	-105.501282
42.862128	-105.502302
42.862647	-105.503235
42.863909	-105.505376
42.864164	-105.505805
42.865298	-105.507741
42.865671	-105.508401
42.865978	-105.509013
42.86621	-105.50956
42.86641	-105.510075
42.86659	-105.510621
42.867873	-105.514924
42.868164	-105.515761
42.868408	-105.516324
42.868687	-105.516861
42.868982	-105.51736
42.869292	-105.5178
42.869516	-105.518095
42.869752	-105.518363
42.870075	-105.518685
42.870487	-105.519076
42.87215	-105.520648
42.873813	-105.522204
42.875119	-105.523421
42.875229	-105.523523
42.875814	-105.524076
42.876994	-105.525181
42.878554	-105.526635
42.880308	-105.528292
42.882084	-105.529955
42.884289	-105.532015
42.885457	-105.533115
42.886522	-105.534107
42.887002	-105.534601
42.88745	-105.535068
42.888511	-105.536199
42.89274	-105.54073
42.894049	-105.542138
42.895137	-105.543318
42.896933	-105.545233
42.898741	-105.54718
42.903905	-105.552716
42.904297	-105.553189
42.904698	-105.553682
42.905472	-105.554685
42.906733	-105.556305
42.907948	-105.557872
42.909158	-105.559417
42.911963	-105.563038
42.913197	-105.56462
42.91493	-105.566811
42.91755	-105.570233
42.920174	-105.573606
42.921168	-105.574866
42.92162	-105.57544
42.921997	-105.575918
42.922374	-105.576352
42.922727	-105.576717
42.922798	-105.576784
42.923155	-105.577125
42.923623	-105.577522
42.924283	-105.578037
42.927335	-105.580408
42.928926	-105.581647
42.930568	-105.582913
42.932266	-105.584242
42.934139	-105.585691
42.935484	-105.586733
42.937109	-105.587983
42.938182	-105.588809
42.939195	-105.589603
42.939843	-105.590112
42.940259	-105.590445
42.940687	-105.59082
42.941099	-105.591201
42.941437	-105.591518
42.941775	-105.591872
42.942128	-105.592274
42.942454	-105.592666
42.942721	-105.592988
42.94342	-105.59391
42.945813	-105.597141
42.946311	-105.597823
42.946566	-105.598164
42.946849	-105.598488
42.947233	-105.598931
42.947642	-105.59936
42.94807	-105.599752
42.948592	-105.600187
42.949	-105.600487
42.94942	-105.60075
42.949962	-105.601082
42.950492	-105.601388
42.950956	-105.601683
42.951431	-105.602043
42.951831	-105.602365
42.952184	-105.602686
42.952514	-105.603008
42.952828	-105.603352
42.953194	-105.603775
42.953488	-105.604135
42.953731	-105.604483
42.953983	-105.604848
42.954835	-105.606211
42.955679	-105.607606
42.956401	-105.608786
42.957139	-105.609998
42.955973	-105.611532
42.95518	-105.612611
42.952935	-105.615662
42.949861	-105.619849
42.948412	-105.621834
42.94743	-105.623154
42.945585	-105.625659
42.942679	-105.629602
42.94238	-105.630052
42.942086	-105.630535
42.941787	-105.631039
42.941528	-105.631527
42.941261	-105.632075
42.94099	-105.632697
42.940759	-105.633362
42.94059	-105.633861
42.94044	-105.634349
42.940287	-105.634907
42.94013	-105.635556
42.940111	-105.635653
42.940009	-105.636184
42.939918	-105.63672
42.939844	-105.637262
42.939789	-105.637863
42.939745	-105.638437
42.939718	-105.639038
42.93971	-105.639612
42.939667	-105.645128
42.939624	-105.649313
42.939597	-105.6528
42.939487	-105.662391
42.939381	-105.672144
42.939361	-105.677932
42.939365	-105.686391
42.939365	-105.68762
42.939357	-105.688156
42.939342	-105.688537
42.93931	-105.688891
42.939263	-105.689224
42.939204	-105.689551
42.939086	-105.689959
42.939031	-105.69013
42.938933	-105.690366
42.938815	-105.690619
42.938697	-105.690822
42.938552	-105.691032
42.938368	-105.691252
42.938187	-105.691439
42.938006	-105.691595
42.937837	-105.691724
42.937633	-105.691852
42.937409	-105.691944
42.937182	-105.692013
42.936926	-105.692078
42.936683	-105.692115
42.936435	-105.692131
42.93552	-105.692131
42.934106	-105.692126
42.931976	-105.692121
42.929286	-105.692115
42.927974	-105.692105
42.927573	-105.692121
42.927235	-105.692153
42.926925	-105.692228
42.926646	-105.692346
42.926379	-105.692469
42.926128	-105.692646
42.925931	-105.692839
42.925778	-105.693011
42.925605	-105.693226
42.925413	-105.693537
42.925265	-105.693824
42.925241	-105.693858
42.925084	-105.694249
42.924992	-105.694558
42.924974	-105.69462
42.924903	-105.69492
42.924856	-105.695295
42.924833	-105.695725
42.924817	-105.696615
42.924825	-105.699383
42.924848	-105.703685
42.924856	-105.706132
42.924896	-105.71177
42.92488	-105.714581
42.924857	-105.71751
42.924829	-105.7245
42.924829	-105.727987
42.924833	-105.731517
42.924853	-105.73554
42.924876	-105.741301
42.924904	-105.747932
42.924913	-105.750908
42.924865	-105.759593
42.92485	-105.763182
42.924838	-105.763944
42.92483	-105.764223
42.924799	-105.764818
42.924752	-105.765328
42.924669	-105.765945
42.924567	-105.766497
42.924453	-105.76705
42.924257	-105.767763
42.923899	-105.769029
42.923286	-105.771154
42.923133	-105.77176
42.923007	-105.772318
42.922909	-105.772913
42.922819	-105.773621
42.922512	-105.776266
42.92223	-105.778846
42.921986	-105.780992
42.921702	-105.783513
42.921596	-105.784323
42.921471	-105.785149
42.921341	-105.785868
42.921211	-105.786442
42.921038	-105.787161
42.920818	-105.78796
42.920665	-105.788518
42.920492	-105.789076
42.920151	-105.79017
42.919428	-105.792536
42.918469	-105.795679
42.918006	-105.797192
42.917703	-105.798174
42.917495	-105.798887
42.917247	-105.799863
42.916992	-105.800915
42.916454	-105.8032
42.91641	-105.803388
42.915739	-105.806226
42.915295	-105.808071
42.915138	-105.808726
42.914945	-105.809584
42.914859	-105.810008
42.914788	-105.810469
42.914741	-105.810941
42.914706	-105.811435
42.914702	-105.811848
42.914706	-105.812261
42.914729	-105.812969
42.914792	-105.814557
42.91482	-105.815393
42.914831	-105.815989
42.914824	-105.816714
42.914793	-105.817588
42.914754	-105.8182
42.914702	-105.818865
42.914636	-105.819482
42.914561	-105.820072
42.914467	-105.820673
42.914255	-105.821955
42.914164	-105.822513
42.913952	-105.823677
42.913822	-105.82423
42.913689	-105.824702
42.913555	-105.825083
42.913375	-105.825539
42.913198	-105.82593
42.912966	-105.826349
42.912699	-105.826783
42.912388	-105.827185
42.912125	-105.827502
42.911862	-105.827759
42.911563	-105.828022
42.911163	-105.828301
42.910704	-105.828559
42.896458	-105.836848
42.895815	-105.83731
42.895711	-105.837385
42.895387	-105.837637
42.895387	-105.837637
42.895271	-105.837728
42.894874	-105.838061
42.89452	-105.838377
42.894068	-105.838769
42.885382	-105.846161
42.884647	-105.846773
42.883629	-105.847652
42.883216	-105.848019
42.883067	-105.848151
42.882788	-105.848436
42.882501	-105.848741
42.882257	-105.849026
42.881896	-105.849492
42.88109	-105.850538
42.880174	-105.851756
42.879388	-105.852781
42.878307	-105.854192
42.877151	-105.855678
42.876613	-105.856402
42.876255	-105.856885
42.875917	-105.857373
42.875583	-105.857901
42.875421	-105.858156
42.875158	-105.858612
42.874883	-105.8591
42.873717	-105.86151
42.873241	-105.862545
42.872652	-105.863779
42.871975	-105.86515
42.871355	-105.866423
42.870915	-105.867335
42.870612	-105.867947
42.870266	-105.868655
42.869948	-105.86932
42.869653	-105.869942
42.869374	-105.870538
42.869134	-105.87109
42.868993	-105.871466
42.868876	-105.871782
42.868694	-105.872367
42.868572	-105.872887
42.868458	-105.873477
42.868179	-105.875055
42.867544	-105.8786
42.867499	-105.87876
42.867313	-105.879413
42.867056	-105.879972
42.86684	-105.880353
42.866561	-105.880719
42.866151	-105.881136
42.865749	-105.881421
42.865339	-105.881609
42.864966	-105.881705
42.864566	-105.881798
42.864355	-105.881867
42.863464	-105.882068
42.863038	-105.882169
42.862522	-105.882255
42.862103	-105.882256
42.861878	-105.882363
42.861669	-105.882581
42.86156	-105.882803
42.861451	-105.883006
42.861451	-105.883396
42.861454	-105.885213
42.861456	-105.88699
42.861476	-105.888328
42.861446	-105.889541
42.861421	-105.890281
42.86135	-105.891622
42.861258	-105.892825
42.860929	-105.896165
42.860847	-105.896927
42.860807	-105.897329
42.860713	-105.898333
42.86065	-105.899234
42.860634	-105.900253
42.860623	-105.900789
42.860666	-105.901996
42.86076	-105.905521
42.860768	-105.905912
42.860902	-105.910558
42.860945	-105.912039
42.861055	-105.915837
42.861169	-105.919678
42.861197	-105.921464
42.861193	-105.922183
42.861118	-105.923336
42.861043	-105.924253
42.860925	-105.925149
42.860792	-105.925975
42.859753	-105.931652
42.859633	-105.932323
42.859303	-105.934239
42.858833	-105.936635
42.857376	-105.944386
42.857043	-105.945817
42.856411	-105.948169
42.855907	-105.949784
42.855619	-105.95053
42.855037	-105.952202
42.854949	-105.952502
42.853283	-105.957014
42.851596	-105.96164
42.850902	-105.963902
42.849908	-105.967611
42.848272	-105.973865
42.847784	-105.975748
42.847241	-105.977776
42.846695	-105.979884
42.846537	-105.98056
42.846411	-105.981199
42.846305	-105.981858
42.84623	-105.982443
42.846192	-105.982848
42.846148	-105.983446
42.846116	-105.984015
42.846057	-105.985045
42.845987	-105.986204
42.845728	-105.990769
42.845677	-105.991751
42.845646	-105.992497
42.845634	-105.993226
42.845626	-105.994986
42.845643	-105.997672
42.845653	-105.999825
42.845677	-106.000908
42.845712	-106.001606
42.845767	-106.002308
42.845854	-106.003145
42.845948	-106.003869
42.84607	-106.004615
42.846216	-106.005452
42.846373	-106.006155
42.846562	-106.006889
42.846782	-106.007678
42.846995	-106.008392
42.847242	-106.009116
42.847439	-106.009636
42.847675	-106.010242
42.847778	-106.010479
42.847899	-106.010757
42.848159	-106.011331
42.849204	-106.013457
42.851305	-106.017718
42.854417	-106.024107
42.858491	-106.032379
42.859105	-106.033693
42.859482	-106.034599
42.859848	-106.035731
42.860151	-106.036799
42.860379	-106.038073
42.860534	-106.039434
42.860583	-106.040527
42.860587	-106.041713
42.860524	-106.042635
42.860426	-106.043504
42.859883	-106.0481
42.859306	-106.052935
42.85925	-106.053391
42.858725	-106.058007
42.858718	-106.058088
42.858367	-106.061056
42.856968	-106.072893
42.85694	-106.073172
42.856818	-106.074308
42.856792	-106.074549
42.856629	-106.075881
42.856466	-106.077248
42.856324	-106.078319
42.856234	-106.079037
42.856205	-106.079269
42.856091	-106.080284
42.855981	-106.081265
42.855802	-106.082713
42.855677	-106.083975
42.855361	-106.086397
42.855139	-106.088285
42.855077	-106.08881
42.854754	-106.091551
42.854399	-106.094614
42.853925	-106.09851
42.853735	-106.100289
42.8534	-106.103231
42.853322	-106.104733
42.853312	-106.105918
42.853383	-106.107444
42.853645	-106.11013
42.853863	-106.112123
42.854069	-106.114152
42.854387	-106.11716
42.855216	-106.124953
42.85528	-106.125587
42.855678	-106.129338
42.855678	-106.129338
42.855935	-106.131755
42.856052	-106.133171
42.856087	-106.13379
42.856112	-106.134511
42.856115	-106.135192
42.856101	-106.13586
42.85604	-106.136867
42.855971	-106.137722
42.855931	-106.13821
42.855524	-106.141767
42.854957	-106.146757
42.85441	-106.151377
42.853389	-106.160457
42.853024	-106.163692
42.852773	-106.165681
42.852748	-106.165907
42.852722	-106.166137
42.852667	-106.166588
42.852596	-106.167076
42.85253	-106.167505
42.852443	-106.167939
42.852333	-106.168438
42.852195	-106.168953
42.852069	-106.169399
42.85193	-106.169881
42.851768	-106.170347
42.85155	-106.170911
42.851322	-106.171454
42.851089	-106.171932
42.849918	-106.174205
42.848562	-106.17687
42.84852	-106.176942
42.84827	-106.17737
42.847157	-106.179494
42.846666	-106.180492
42.846341	-106.181193
42.846089	-106.181783
42.845735	-106.182706
42.845019	-106.184572
42.844468	-106.186032
42.844434	-106.186117
42.844091	-106.187019
42.843808	-106.187898
42.84358	-106.188725
42.843391	-106.189572
42.843257	-106.19043
42.843139	-106.191278
42.843068	-106.192201
42.843045	-106.192909
42.843045	-106.193756
42.843108	-106.194786
42.843202	-106.195634
42.843328	-106.196524
42.843525	-106.197469
42.843737	-106.198316
42.843993	-106.199169
42.844319	-106.200033
42.844586	-106.200666
42.844878	-106.201267
42.845523	-106.202468
42.846822	-106.204781
42.848241	-106.207357
42.848864	-106.208748
42.848994	-106.20907
42.849179	-106.209593
42.849333	-106.210027
42.849528	-106.210642
42.850704	-106.214336
42.850803	-106.214467
42.851408	-106.216234
42.851477	-106.21647
42.851951	-106.21792
42.852692	-106.220113
42.852889	-106.220694
42.853183	-106.221814
42.853368	-106.22259
42.853416	-106.222907
42.853539	-106.223729
42.85373	-106.22524
42.854217	-106.22966
42.854505	-106.23235
42.854616	-106.233365
42.855099	-106.237854
42.85517	-106.238534
42.855276	-106.239493
42.855276	-106.239495
42.855306	-106.239782
42.855308	-106.239798
42.855765	-106.243461
42.855806	-106.243884
42.855806	-106.243884
42.855841	-106.244249
42.855946	-106.245448
42.856082	-106.246885
42.856226	-106.248173
42.856829	-106.253897
42.856867	-106.254243
42.857147	-106.256699
42.85733	-106.25838
42.857613	-106.260996
42.857811	-106.262781
42.857851	-106.263227
42.857885	-106.263768
42.857913	-106.264447
42.857917	-106.264789
42.857894	-106.265768
42.857846	-106.266347
42.857729	-106.267328
42.857579	-106.268468
42.857275	-106.270777
42.856463	-106.276999
42.856382	-106.277195
42.856281	-106.27802
42.856254	-106.278449
42.856257	-106.278785
42.856281	-106.279501
42.856288	-106.280074
42.856202	-106.280889
42.855816	-106.284148
42.855411	-106.287622
42.855393	-106.288405
42.85535	-106.289186
42.855105	-106.291204
42.855005	-106.291857
42.855	-106.291895
42.85498	-106.292046
42.854782	-106.293514
42.85429	-106.297535
42.854267	-106.297689
42.854265	-106.297709
42.854188	-106.298418
42.854101	-106.299041
42.854028	-106.299639
42.853954	-106.300244
42.853878	-106.300848
42.853799	-106.301478
42.853725	-106.302066
42.853712	-106.302201
42.853705	-106.302338
42.853703	-106.302697
42.8537	-106.302894
42.853706	-106.303328
42.853695	-106.30372
42.853684	-106.303911
42.853639	-106.304362
42.853603	-106.304595
42.853522	-106.304989
42.853173	-106.306508
42.853044	-106.307317
42.852977	-106.307632
42.852752	-106.30831
42.852447	-106.309168
42.851861	-106.310801
42.851746	-106.311109
42.851578	-106.311613
42.851463	-106.312024
42.85136	-106.312406
42.851359	-106.312409
42.850944	-106.313838
42.850699	-106.31455
42.850462	-106.315251
42.850347	-106.315562
42.850198	-106.31597
42.850091	-106.316246
42.850095	-106.316666
42.850092	-106.317123
42.850084	-106.318091
42.850096	-106.318803
42.850097	-106.319524
42.850096	-106.319809
42.850096	-106.320031
42.850095	-106.320234
42.850085	-106.32094
42.850087	-106.322356
42.850085	-106.323077
42.850085	-106.323288
42.850084	-106.323767
42.850083	-106.324396
42.850083	-106.32448
42.850082	-106.325188
42.850083	-106.325891
42.850083	-106.325938
42.850084	-106.326605
42.850086	-106.327013
42.850088	-106.327328
42.850094	-106.328588
42.850092	-106.329971
42.850091	-106.330766
42.850091	-106.330868
42.850087	-106.331372
42.850087	-106.331372
42.850082	-106.332095
42.850068	-106.332472
42.850017	-106.332956
42.849945	-106.333329
42.849843	-106.333726
42.849676	-106.334135
42.849519	-106.334436
42.849353	-106.334699
42.848927	-106.335266
42.848728	-106.33551
42.848549	-106.335735
42.848385	-106.336012
42.848252	-106.336301
42.848209	-106.336446
42.848209	-106.336446
42.848166	-106.33659
42.848125	-106.336766
42.848457	-106.336758
42.84864	-106.336777
42.849381	-106.336866
42.851322	-106.337162
42.85134	-106.337165
42.851352	-106.337167
42.852281	-106.337312
42.852291	-106.337314
42.852297	-106.337315
42.853747	-106.337552
42.853955	-106.337549
42.853974	-106.337543
42.85415	-106.337489
42.854319	-106.337398
42.854474	-106.337257
42.854629	-106.337043
42.854732	-106.336863
42.855134	-106.335973
42.855438	-106.3353
42.855579	-106.33503
42.855686	-106.334866
42.855801	-106.334726
42.855932	-106.334616
42.856101	-106.334519
42.856253	-106.334448
42.856453	-106.334373
42.856666	-106.334272
42.85697	-106.334127
42.85722	-106.33395
42.858173	-106.333256
42.85841	-106.333101
42.858839	-106.332842
42.859044	-106.332735
42.859065	-106.332729
42.859253	-106.332674
42.859447	-106.332655
42.859594	-106.332664
42.861729	-106.332635
42.862146	-106.332629
42.862146	-106.332629
42.862272	-106.332627
42.862426	-106.332631
42.862554	-106.332655
42.862678	-106.33269
42.862808	-106.332755
42.862948	-106.332841
42.863097	-106.332988
42.86319	-106.333105
42.863246	-106.333183
42.863331	-106.333335
42.863389	-106.33348
42.863446	-106.333661
42.86348	-106.333827
42.863503	-106.334019
42.863509	-106.334205
42.863507	-106.334493
42.863507	-106.334721
42.863491	-106.33583
42.863497	-106.336168
42.863507	-106.336402
42.863525	-106.336634
42.863553	-106.336909
42.863583	-106.337109
42.863622	-106.337341
42.863651	-106.337481
42.863688	-106.337636
42.863739	-106.33781
42.863804	-106.337988
42.863873	-106.338162
42.863939	-106.338307
42.864065	-106.338536
42.864203	-106.338743
42.864341	-106.338923
42.864469	-106.339066
42.864602	-106.339194
42.864705	-106.33928
42.864855	-106.339387
42.864954	-106.33945
42.865059	-106.339507
42.865234	-106.339581
42.865393	-106.339634
42.865528	-106.33967
42.86567	-106.339695
42.865837	-106.339704
42.86602	-106.339695
42.866209	-106.339674
42.866381	-106.339645
42.86775	-106.339412
42.867722	-106.339244
42.867587	-106.337924
