
      <name>G: Beatrice to Kearney
</name>
      <description>Approx 178 miles</description>
      <styleUrl>#line-0288D1-6231</styleUrl>
      <MultiGeometry>
        <LineString>
          <tessellate>1</tessellate>
          <coordinates>
            -96.825417,40.284956,0
            -96.825374,40.28496,0
            -96.825288,40.284977,0
            -96.825218,40.28501,0
            -96.82513,40.285069,0
            -96.825065,40.285102,0
            -96.825002,40.285125,0
            -96.824921,40.285138,0
            -96.824656,40.285142,0
            -96.824574,40.285151,0
            -96.824499,40.285172,0
            -96.824408,40.285198,0
            -96.824226,40.285258,0
            -96.824054,40.285315,0
            -96.823889,40.285377,0
            -96.823799,40.285387,0
            -96.823712,40.285392,0
            -96.823629,40.285394,0
            -96.823551,40.285389,0
            -96.823475,40.285372,0
            -96.823405,40.285354,0
            -96.823282,40.285314,0
            -96.823153,40.285278,0
            -96.823049,40.285253,0
            -96.822955,40.285237,0
            -96.822861,40.285226,0
            -96.822759,40.285218,0
            -96.822631,40.285214,0
            -96.822346,40.285213,0
            -96.822338,40.285818,0
            -96.822339,40.285873,0
            -96.821422,40.285782,0
            -96.819895,40.285622,0
            -96.818556,40.285481,0
            -96.817545,40.28538,0
            -96.816813,40.285314,0
            -96.815683,40.28523,0
            -96.814876,40.285166,0
            -96.813294,40.285043,0
            -96.811792,40.28492,0
            -96.811359,40.284887,0
            -96.810158,40.284796,0
            -96.809485,40.284733,0
            -96.808787,40.284663,0
            -96.80839,40.284615,0
            -96.808033,40.28457,0
            -96.807596,40.284508,0
            -96.807411,40.284479,0
            -96.806723,40.284372,0
            -96.806117,40.284274,0
            -96.805657,40.284197,0
            -96.805089,40.284092,0
            -96.804217,40.283926,0
            -96.803595,40.283795,0
            -96.803246,40.283719,0
            -96.803113,40.283687,0
            -96.802359,40.283507,0
            -96.801527,40.283292,0
            -96.801332,40.283242,0
            -96.800642,40.283062,0
            -96.800111,40.282921,0
            -96.79868,40.282523,0
            -96.79669,40.282006,0
            -96.796205,40.281874,0
            -96.795697,40.281738,0
            -96.794348,40.281369,0
            -96.787751,40.279377,0
            -96.785429,40.278666,0
            -96.784694,40.278436,0
            -96.783948,40.278168,0
            -96.783418,40.277962,0
            -96.783031,40.277801,0
            -96.78283,40.277716,0
            -96.782465,40.277551,0
            -96.782126,40.277391,0
            -96.781853,40.27726,0
            -96.781391,40.277026,0
            -96.780415,40.27652,0
            -96.779593,40.276086,0
            -96.778385,40.275446,0
            -96.778062,40.275264,0
            -96.777826,40.275121,0
            -96.777621,40.274983,0
            -96.777377,40.274807,0
            -96.777135,40.274606,0
            -96.777021,40.274502,0
            -96.776832,40.274328,0
            -96.776626,40.274118,0
            -96.776441,40.273907,0
            -96.776281,40.273705,0
            -96.776138,40.273509,0
            -96.775987,40.273262,0
            -96.77583,40.27297,0
            -96.775714,40.272723,0
            -96.775593,40.272422,0
            -96.775544,40.272264,0
            -96.775514,40.272168,0
            -96.77546,40.271943,0
            -96.775417,40.271714,0
            -96.775391,40.271497,0
            -96.775375,40.271274,0
            -96.775365,40.27098,0
            -96.775357,40.269557,0
            -96.775349,40.268425,0
            -96.775337,40.267707,0
            -96.775329,40.26712,0
            -96.775322,40.266915,0
            -96.775309,40.266683,0
            -96.775272,40.266329,0
            -96.775231,40.266083,0
            -96.775199,40.26593,0
            -96.775346,40.26593,0
            -96.776534,40.265932,0
            -96.778631,40.265939,0
            -96.782093,40.265948,0
            -96.782791,40.26595,0
            -96.78301,40.265942,0
            -96.783194,40.265931,0
            -96.783386,40.2659,0
            -96.783576,40.265843,0
            -96.783744,40.265774,0
            -96.783889,40.265707,0
            -96.784017,40.265626,0
            -96.78414,40.265543,0
            -96.784298,40.265401,0
            -96.784414,40.265264,0
            -96.78452,40.265111,0
            -96.784583,40.264994,0
            -96.784623,40.264878,0
            -96.784648,40.264725,0
            -96.784662,40.264575,0
            -96.784659,40.262869,0
            -96.784634,40.261319,0
            -96.784637,40.259906,0
            -96.784627,40.259143,0
            -96.784612,40.258057,0
            -96.784554,40.256825,0
            -96.784517,40.254431,0
            -96.784386,40.248446,0
            -96.784379,40.245419,0
            -96.784374,40.240438,0
            -96.784358,40.235433,0
            -96.784355,40.233968,0
            -96.78435,40.232239,0
            -96.784338,40.229873,0
            -96.784343,40.229507,0
            -96.784356,40.229197,0
            -96.784377,40.228973,0
            -96.784416,40.228718,0
            -96.784472,40.228432,0
            -96.784527,40.228202,0
            -96.784606,40.22791,0
            -96.784713,40.227573,0
            -96.784929,40.22705,0
            -96.785036,40.226814,0
            -96.785127,40.22664,0
            -96.785269,40.226372,0
            -96.785438,40.226085,0
            -96.785625,40.225817,0
            -96.785841,40.225528,0
            -96.786081,40.225226,0
            -96.786337,40.224937,0
            -96.786593,40.22467,0
            -96.786917,40.224366,0
            -96.78723,40.2241,0
            -96.787572,40.223826,0
            -96.7879,40.223591,0
            -96.788236,40.223365,0
            -96.788624,40.223133,0
            -96.788987,40.222926,0
            -96.789323,40.222756,0
            -96.789683,40.222585,0
            -96.790198,40.222365,0
            -96.790884,40.22208,0
            -96.791434,40.221864,0
            -96.791814,40.221728,0
            -96.792223,40.221596,0
            -96.792637,40.221483,0
            -96.793168,40.221379,0
            -96.793738,40.221264,0
            -96.794322,40.221156,0
            -96.795418,40.220928,0
            -96.797405,40.220516,0
            -96.798301,40.220323,0
            -96.798826,40.220207,0
            -96.799526,40.220056,0
            -96.800005,40.219931,0
            -96.801111,40.219705,0
            -96.801425,40.219646,0
            -96.801666,40.219608,0
            -96.801945,40.21957,0
            -96.802198,40.219538,0
            -96.802462,40.219516,0
            -96.802695,40.219499,0
            -96.802948,40.219488,0
            -96.803232,40.21948,0
            -96.803786,40.219472,0
            -96.812957,40.219445,0
            -96.81391,40.21944,0
            -96.819868,40.219429,0
          </coordinates>
        </LineString>
        <LineString>
          <tessellate>1</tessellate>
          <coordinates>
            -96.819868,40.219429,0
            -96.822314,40.219424,0
            -96.841362,40.219416,0
            -96.860376,40.219386,0
            -96.865165,40.219368,0
            -96.876498,40.219353,0
            -96.879275,40.219323,0
            -96.891676,40.21931,0
            -96.89788,40.219298,0
            -96.898404,40.219302,0
            -96.908002,40.219294,0
            -96.908827,40.219265,0
            -96.909402,40.219241,0
            -96.909577,40.219227,0
          </coordinates>
        </LineString>
        <LineString>
          <tessellate>1</tessellate>
          <coordinates>
            -96.909577,40.219227,0
            -96.910067,40.219188,0
            -96.910713,40.21913,0
            -96.911267,40.219058,0
            -96.911791,40.218987,0
            -96.912283,40.218916,0
            -96.913002,40.218772,0
            -96.9137,40.218612,0
            -96.91437,40.218434,0
            -96.915505,40.218051,0
            -96.91635,40.217697,0
            -96.923758,40.214536,0
          </coordinates>
        </LineString>
        <LineString>
          <tessellate>1</tessellate>
          <coordinates>
            -96.923758,40.214536,0
            -96.926325,40.21344,0
            -96.935303,40.209578,0
            -96.947039,40.20453,0
            -96.954219,40.201459,0
            -96.973094,40.193641,0
            -96.97371,40.193393,0
            -96.974421,40.193122,0
            -96.975082,40.192864,0
            -96.975779,40.192617,0
            -96.976446,40.192367,0
            -96.976671,40.192282,0
            -96.977872,40.191883,0
            -96.978556,40.191668,0
            -96.979377,40.191432,0
            -96.980395,40.191177,0
            -96.980581,40.191131,0
            -96.981611,40.190903,0
            -96.982048,40.190824,0
            -96.982623,40.190721,0
            -96.983928,40.19049,0
            -96.984869,40.190351,0
            -96.986662,40.19016,0
            -96.987459,40.190088,0
            -96.988243,40.190075,0
            -96.989212,40.190045,0
            -96.990238,40.190029,0
            -96.992163,40.190047,0
            -96.999277,40.190089,0
            -97.001503,40.190076,0
            -97.003299,40.190041,0
            -97.00637,40.190031,0
            -97.010977,40.190035,0
            -97.023562,40.19004,0
            -97.029461,40.190029,0
            -97.033681,40.190039,0
            -97.038786,40.189976,0
            -97.03936,40.189978,0
            -97.039722,40.189979,0
            -97.041305,40.19001,0
            -97.047055,40.190024,0
            -97.047452,40.190028,0
            -97.048379,40.190033,0
            -97.056273,40.190037,0
            -97.062851,40.190042,0
            -97.06431,40.190048,0
            -97.064907,40.190053,0
            -97.065653,40.190032,0
            -97.066315,40.189993,0
            -97.067173,40.189916,0
            -97.06748,40.189885,0
            -97.06802,40.189812,0
            -97.069247,40.189582,0
            -97.069746,40.189462,0
            -97.070178,40.189352,0
            -97.070675,40.189213,0
            -97.071157,40.189058,0
            -97.071384,40.188984,0
            -97.072012,40.188768,0
            -97.073856,40.188017,0
            -97.077669,40.186415,0
            -97.078829,40.185943,0
            -97.08068,40.185147,0
            -97.082119,40.184459,0
            -97.083568,40.183784,0
            -97.084898,40.183164,0
            -97.086327,40.182492,0
            -97.089608,40.180781,0
            -97.091058,40.180089,0
            -97.094349,40.178537,0
            -97.09679,40.177395,0
            -97.100596,40.175596,0
            -97.101152,40.175325,0
            -97.105427,40.173312,0
            -97.110401,40.170945,0
            -97.110813,40.170767,0
            -97.111972,40.170295,0
            -97.112842,40.170006,0
            -97.113594,40.169777,0
            -97.115028,40.16939,0
            -97.120352,40.168006,0
            -97.12101,40.167847,0
            -97.121796,40.167699,0
            -97.122717,40.1676,0
            -97.123359,40.167549,0
            -97.124168,40.167515,0
            -97.125439,40.16745,0
            -97.126204,40.167402,0
            -97.126818,40.167338,0
            -97.127558,40.167244,0
            -97.128139,40.167145,0
            -97.141152,40.164821,0
            -97.141883,40.164681,0
            -97.142478,40.164535,0
            -97.143233,40.164308,0
            -97.143852,40.164089,0
            -97.14411,40.163984,0
            -97.144331,40.163894,0
            -97.144781,40.163674,0
            -97.145231,40.163426,0
            -97.145651,40.163178,0
            -97.146021,40.162923,0
            -97.146153,40.162825,0
            -97.146663,40.162408,0
            -97.14816,40.161009,0
            -97.151061,40.158257,0
            -97.153479,40.155949,0
            -97.157398,40.152213,0
            -97.159591,40.150126,0
            -97.161363,40.148413,0
            -97.161912,40.147968,0
            -97.162363,40.147658,0
            -97.162599,40.147514,0
            -97.162883,40.14734,0
            -97.163482,40.147076,0
            -97.164066,40.146877,0
            -97.164354,40.146795,0
            -97.164463,40.146765,0
            -97.164903,40.146659,0
            -97.16528,40.146603,0
            -97.165805,40.14655,0
            -97.166142,40.146534,0
            -97.167113,40.146495,0
            -97.168448,40.14649,0
            -97.169211,40.14649,0
            -97.169478,40.146523,0
            -97.171063,40.146545,0
            -97.171191,40.146542,0
            -97.172746,40.146549,0
            -97.175792,40.146572,0
            -97.177159,40.14658,0
            -97.178516,40.146583,0
            -97.179873,40.146578,0
            -97.181014,40.146569,0
            -97.181227,40.14654,0
            -97.182603,40.14653,0
            -97.183984,40.146553,0
            -97.185358,40.146559,0
            -97.186736,40.14656,0
            -97.187395,40.146562,0
            -97.188088,40.146565,0
            -97.188958,40.146567,0
            -97.189502,40.146569,0
            -97.190721,40.146573,0
            -97.191986,40.146577,0
            -97.19244,40.146578,0
            -97.192937,40.146576,0
            -97.19399,40.146566,0
            -97.195846,40.146542,0
            -97.199642,40.146556,0
            -97.20165,40.146549,0
            -97.206327,40.146592,0
            -97.206447,40.146591,0
            -97.207354,40.14659,0
            -97.213325,40.146645,0
            -97.218597,40.146667,0
            -97.226295,40.146682,0
            -97.231203,40.146744,0
            -97.237362,40.146789,0
            -97.243572,40.146804,0
            -97.253989,40.14687,0
            -97.255593,40.146896,0
            -97.269691,40.146924,0
            -97.274682,40.146965,0
            -97.280081,40.14696,0
            -97.280629,40.146964,0
            -97.282239,40.146971,0
            -97.287888,40.146993,0
            -97.292659,40.147001,0
          </coordinates>
        </LineString>
        <LineString>
          <tessellate>1</tessellate>
          <coordinates>
            -97.292659,40.147001,0
            -97.293807,40.147003,0
            -97.2972,40.147005,0
            -97.300128,40.147047,0
            -97.302791,40.147083,0
            -97.310589,40.147077,0
            -97.312635,40.147096,0
            -97.325539,40.147108,0
            -97.325753,40.14711,0
            -97.331519,40.147138,0
            -97.344131,40.147157,0
            -97.346966,40.147164,0
            -97.350374,40.147166,0
            -97.355929,40.147194,0
            -97.359027,40.147205,0
            -97.359926,40.147199,0
            -97.369126,40.147151,0
            -97.372832,40.147151,0
            -97.382143,40.147133,0
            -97.388295,40.147105,0
            -97.391322,40.14711,0
            -97.392012,40.147107,0
            -97.396733,40.147089,0
            -97.401338,40.14708,0
            -97.40242,40.147061,0
            -97.403417,40.147003,0
            -97.403987,40.146921,0
            -97.404714,40.146804,0
            -97.406466,40.146393,0
            -97.407284,40.146116,0
            -97.408052,40.145844,0
            -97.408813,40.145516,0
            -97.408918,40.145458,0
            -97.409527,40.145121,0
            -97.411553,40.144034,0
            -97.412095,40.143823,0
            -97.412411,40.143715,0
            -97.412958,40.143546,0
            -97.413394,40.143426,0
            -97.414098,40.143306,0
            -97.414736,40.143228,0
            -97.415255,40.143202,0
            -97.416065,40.143204,0
            -97.416609,40.143217,0
            -97.420717,40.143472,0
            -97.42333,40.143646,0
            -97.425582,40.143786,0
            -97.426001,40.143822,0
            -97.427295,40.143941,0
            -97.429116,40.144288,0
            -97.430164,40.144546,0
            -97.431426,40.144856,0
            -97.432781,40.145334,0
            -97.433741,40.145672,0
            -97.434693,40.145978,0
            -97.436604,40.146473,0
            -97.437943,40.146735,0
            -97.439816,40.14697,0
            -97.441775,40.147053,0
            -97.442909,40.147083,0
            -97.444793,40.147052,0
            -97.46354,40.14702,0
            -97.482176,40.146963,0
            -97.486818,40.14696,0
            -97.500882,40.147143,0
            -97.508179,40.1472,0
            -97.513943,40.147204,0
            -97.515218,40.147204,0
            -97.519992,40.147205,0
            -97.522474,40.147219,0
            -97.522808,40.14722,0
            -97.532705,40.14724,0
            -97.538749,40.147229,0
            -97.546604,40.147279,0
            -97.557679,40.147255,0
            -97.567062,40.147219,0
            -97.568398,40.147242,0
            -97.568688,40.147268,0
            -97.569603,40.147287,0
            -97.570644,40.147281,0
            -97.570903,40.14728,0
            -97.572402,40.147277,0
            -97.572794,40.147233,0
            -97.576424,40.147226,0
            -97.58144,40.147209,0
            -97.584991,40.147231,0
            -97.586015,40.147237,0
            -97.588297,40.147247,0
            -97.589594,40.147251,0
            -97.589839,40.147252,0
            -97.594881,40.14729,0
            -97.601188,40.147251,0
            -97.604449,40.147227,0
            -97.611046,40.14719,0
            -97.611614,40.147197,0
            -97.612931,40.14721,0
            -97.613844,40.147209,0
            -97.623466,40.147185,0
            -97.632753,40.147141,0
            -97.635765,40.147106,0
            -97.639496,40.147061,0
            -97.643668,40.147007,0
            -97.644988,40.147045,0
            -97.6457,40.147105,0
            -97.646422,40.147199,0
            -97.647624,40.147424,0
            -97.648168,40.14757,0
            -97.651611,40.148563,0
            -97.657313,40.150161,0
            -97.65852,40.150424,0
            -97.65934,40.150533,0
            -97.660498,40.150615,0
            -97.661131,40.150639,0
            -97.661393,40.150649,0
            -97.662217,40.150625,0
            -97.662509,40.150616,0
            -97.664212,40.15055,0
            -97.670665,40.150219,0
            -97.676414,40.149905,0
            -97.677079,40.149838,0
            -97.678028,40.149717,0
            -97.67879,40.149551,0
            -97.682658,40.148648,0
            -97.686706,40.147698,0
            -97.688359,40.147376,0
            -97.68952,40.147197,0
            -97.690168,40.147117,0
            -97.691103,40.147056,0
            -97.692484,40.147002,0
            -97.703614,40.146847,0
            -97.708031,40.146867,0
            -97.71374,40.14691,0
            -97.7201,40.14696,0
            -97.720545,40.146966,0
            -97.722284,40.146988,0
            -97.725416,40.146996,0
            -97.72593,40.146998,0
            -97.727036,40.147015,0
            -97.727038,40.147292,0
            -97.727069,40.151918,0
            -97.727075,40.153715,0
            -97.727071,40.153868,0
          </coordinates>
        </LineString>
        <LineString>
          <tessellate>1</tessellate>
          <coordinates>
            -97.727071,40.153868,0
            -97.727066,40.154091,0
            -97.727059,40.1544,0
            -97.72706,40.155831,0
            -97.727044,40.159458,0
            -97.727052,40.159843,0
            -97.727049,40.161566,0
            -97.727038,40.161742,0
            -97.727029,40.162361,0
            -97.727024,40.165261,0
            -97.727023,40.16566,0
            -97.727011,40.167611,0
            -97.726995,40.16893,0
            -97.727004,40.170244,0
            -97.726995,40.17076,0
            -97.726986,40.172529,0
            -97.726975,40.172773,0
            -97.726953,40.173551,0
            -97.726952,40.174485,0
            -97.726948,40.176026,0
            -97.726938,40.176226,0
            -97.726916,40.177577,0
            -97.726882,40.178933,0
            -97.726831,40.18163,0
            -97.726816,40.18292,0
            -97.726764,40.184224,0
            -97.726755,40.185538,0
            -97.726727,40.18687,0
            -97.726642,40.190864,0
            -97.726666,40.191072,0
            -97.726654,40.191546,0
            -97.726657,40.192888,0
            -97.726669,40.193526,0
            -97.726684,40.194221,0
            -97.726675,40.194338,0
            -97.726698,40.195596,0
            -97.72669,40.196834,0
            -97.726686,40.198172,0
            -97.72671,40.199364,0
            -97.726748,40.203395,0
            -97.726719,40.204739,0
            -97.726711,40.205381,0
            -97.726709,40.20593,0
            -97.72667,40.207248,0
            -97.726507,40.211885,0
            -97.726497,40.212171,0
            -97.726521,40.213134,0
            -97.726518,40.213254,0
            -97.726505,40.214005,0
            -97.726543,40.21655,0
            -97.726556,40.218302,0
            -97.726585,40.219906,0
            -97.726681,40.223158,0
            -97.726684,40.223978,0
            -97.726685,40.22442,0
            -97.726769,40.229737,0
            -97.726802,40.231051,0
            -97.726823,40.232398,0
            -97.726874,40.234393,0
            -97.726892,40.236383,0
            -97.726893,40.238978,0
            -97.726902,40.239837,0
            -97.726907,40.240353,0
            -97.726901,40.241812,0
            -97.726922,40.244261,0
            -97.726902,40.248268,0
            -97.726925,40.248913,0
            -97.726936,40.25333,0
            -97.726942,40.254011,0
            -97.72696,40.263416,0
            -97.726972,40.266154,0
            -97.727052,40.277969,0
            -97.727088,40.284055,0
            -97.727076,40.285783,0
            -97.727065,40.285935,0
            -97.727081,40.287821,0
            -97.727066,40.291939,0
            -97.727061,40.292517,0
            -97.72707,40.294361,0
            -97.727078,40.294781,0
            -97.727034,40.298117,0
            -97.727037,40.298161,0
            -97.72703,40.298256,0
            -97.72701,40.299637,0
            -97.726986,40.300273,0
            -97.727006,40.304332,0
            -97.72693,40.30706,0
            -97.730315,40.307031,0
            -97.733041,40.30706,0
            -97.73637,40.307079,0
            -97.737758,40.307087,0
            -97.738345,40.30709,0
            -97.738859,40.307103,0
            -97.741033,40.307112,0
            -97.743616,40.307134,0
            -97.744796,40.307133,0
          </coordinates>
        </LineString>
        <LineString>
          <tessellate>1</tessellate>
          <coordinates>
            -97.744796,40.307133,0
            -97.74534,40.307132,0
            -97.745409,40.307132,0
            -97.745887,40.307158,0
            -97.746496,40.307134,0
            -97.751248,40.307123,0
            -97.753029,40.307129,0
            -97.753347,40.307132,0
            -97.754395,40.307143,0
            -97.755789,40.307131,0
            -97.757358,40.307148,0
            -97.759234,40.307138,0
            -97.759871,40.307135,0
            -97.760454,40.307074,0
            -97.761374,40.306921,0
            -97.762153,40.306727,0
            -97.762921,40.30639,0
            -97.763699,40.306049,0
            -97.763895,40.305963,0
            -97.764356,40.305704,0
            -97.764412,40.305676,0
            -97.764679,40.305546,0
            -97.765131,40.305298,0
            -97.765382,40.305182,0
            -97.766023,40.304838,0
            -97.766839,40.304563,0
            -97.767654,40.304342,0
            -97.768379,40.304229,0
            -97.76905,40.304168,0
            -97.770858,40.304161,0
            -97.774331,40.304197,0
            -97.77806,40.30421,0
            -97.781736,40.304208,0
            -97.783888,40.304217,0
            -97.785721,40.30421,0
            -97.787899,40.304232,0
            -97.789204,40.304233,0
            -97.790984,40.304251,0
            -97.792439,40.304253,0
            -97.792933,40.304245,0
            -97.793814,40.304294,0
            -97.794605,40.304424,0
            -97.795069,40.304542,0
            -97.795733,40.304825,0
            -97.800489,40.306566,0
            -97.801591,40.306936,0
            -97.802305,40.307075,0
            -97.802889,40.307159,0
            -97.803675,40.307177,0
            -97.810425,40.307226,0
            -97.811805,40.307214,0
            -97.813127,40.307214,0
            -97.820628,40.307241,0
            -97.839767,40.307274,0
            -97.845765,40.307266,0
            -97.847555,40.307265,0
            -97.85008,40.30728,0
            -97.852985,40.30729,0
            -97.855743,40.30731,0
            -97.856638,40.307312,0
            -97.857532,40.307307,0
            -97.85878,40.307306,0
            -97.86033,40.3073,0
            -97.861173,40.307296,0
            -97.864066,40.307306,0
            -97.86664,40.307322,0
            -97.869214,40.307319,0
            -97.871065,40.307309,0
            -97.872941,40.30729,0
            -97.876092,40.307236,0
            -97.877857,40.307225,0
            -97.880027,40.307236,0
            -97.885579,40.30724,0
            -97.889061,40.307248,0
            -97.896787,40.307307,0
            -97.915757,40.307255,0
            -97.920797,40.307222,0
            -97.921336,40.307216,0
            -97.925333,40.307178,0
            -97.926449,40.30717,0
            -97.928018,40.307166,0
            -97.934099,40.307109,0
            -97.934581,40.307109,0
            -97.940142,40.307137,0
            -97.942691,40.30716,0
            -97.943378,40.30716,0
            -97.943994,40.30716,0
            -97.944885,40.307161,0
            -97.950193,40.307134,0
            -97.952424,40.307117,0
            -97.953547,40.30712,0
            -97.955109,40.307122,0
            -97.956935,40.307133,0
            -97.958099,40.30714,0
            -97.96033,40.30716,0
            -97.962907,40.307166,0
            -97.964412,40.307169,0
            -97.965123,40.307166,0
            -97.969119,40.307164,0
            -97.971215,40.307154,0
            -97.972413,40.307157,0
            -97.973716,40.307139,0
            -97.974403,40.307145,0
            -97.97607,40.30715,0
            -97.979159,40.30715,0
            -97.981647,40.307143,0
            -97.981917,40.307146,0
            -97.982763,40.307153,0
            -97.983706,40.307147,0
            -97.984013,40.307145,0
            -97.986354,40.307166,0
            -97.988658,40.307195,0
            -97.989108,40.307194,0
            -97.991367,40.307189,0
            -97.992703,40.307193,0
            -97.99339,40.307199,0
            -97.995093,40.307205,0
            -97.996846,40.30722,0
            -97.99904,40.307211,0
            -98.000667,40.307191,0
            -98.00175,40.307178,0
            -98.003013,40.30717,0
            -98.004305,40.307174,0
            -98.004741,40.307175,0
            -98.005243,40.307168,0
            -98.006335,40.307151,0
            -98.009644,40.307208,0
            -98.010272,40.307213,0
            -98.011372,40.307223,0
            -98.013283,40.307267,0
            -98.014333,40.307297,0
            -98.014693,40.307307,0
            -98.016543,40.307342,0
            -98.01821,40.307366,0
            -98.019742,40.307379,0
            -98.026839,40.307429,0
            -98.029302,40.30745,0
            -98.034021,40.307474,0
            -98.039317,40.307491,0
            -98.040895,40.307493,0
            -98.048152,40.307505,0
            -98.053178,40.307545,0
            -98.053437,40.307547,0
            -98.055007,40.307503,0
            -98.056481,40.3075,0
            -98.056796,40.307499,0
            -98.057747,40.307514,0
            -98.058071,40.307519,0
            -98.059113,40.307527,0
            -98.060118,40.307563,0
            -98.060681,40.307577,0
            -98.062189,40.307561,0
            -98.066626,40.307597,0
            -98.067195,40.307595,0
            -98.067196,40.308062,0
            -98.06719,40.308269,0
            -98.067171,40.308944,0
            -98.067165,40.309422,0
            -98.067155,40.310126,0
            -98.067185,40.311487,0
            -98.067201,40.312621,0
          </coordinates>
        </LineString>
        <LineString>
          <tessellate>1</tessellate>
          <coordinates>
            -98.067201,40.312621,0
            -98.067204,40.312848,0
            -98.067203,40.314011,0
            -98.067202,40.314706,0
            -98.067229,40.318475,0
            -98.067238,40.320446,0
            -98.067236,40.322107,0
            -98.067247,40.323346,0
            -98.067262,40.324752,0
            -98.067261,40.324941,0
            -98.067253,40.325429,0
            -98.067256,40.328939,0
            -98.067263,40.330206,0
            -98.067259,40.331436,0
            -98.067279,40.33228,0
            -98.067284,40.333202,0
            -98.067298,40.3358,0
            -98.067298,40.336319,0
            -98.067291,40.336629,0
            -98.067277,40.337228,0
            -98.067264,40.337837,0
            -98.067214,40.339519,0
            -98.067193,40.34057,0
            -98.067189,40.340697,0
            -98.067099,40.342966,0
            -98.067095,40.34322,0
            -98.067089,40.343647,0
            -98.067075,40.343787,0
            -98.067026,40.344297,0
            -98.06691,40.344936,0
            -98.066762,40.345376,0
            -98.066574,40.3458,0
            -98.066311,40.346263,0
            -98.066145,40.34654,0
            -98.065939,40.346817,0
            -98.065692,40.347135,0
            -98.065555,40.347289,0
            -98.065309,40.347535,0
            -98.065077,40.347729,0
            -98.064721,40.348046,0
            -98.064503,40.348209,0
            -98.064054,40.348505,0
            -98.063292,40.348943,0
            -98.062424,40.349318,0
            -98.06108,40.349864,0
            -98.05975,40.350432,0
            -98.059229,40.350651,0
            -98.058774,40.350837,0
            -98.056964,40.351608,0
            -98.056147,40.35195,0
            -98.056035,40.352004,0
            -98.055779,40.352126,0
            -98.055454,40.352294,0
            -98.055098,40.352504,0
            -98.054746,40.352741,0
            -98.054275,40.353104,0
            -98.05397,40.353372,0
            -98.053703,40.353619,0
            -98.053369,40.35399,0
            -98.053111,40.354321,0
            -98.052898,40.354641,0
            -98.052547,40.355278,0
            -98.05239,40.355665,0
            -98.05228,40.355989,0
            -98.052266,40.356047,0
            -98.052182,40.356396,0
            -98.052126,40.356736,0
            -98.052105,40.356965,0
            -98.052087,40.357286,0
            -98.052078,40.357941,0
            -98.051998,40.36518,0
            -98.051944,40.372412,0
            -98.051943,40.372478,0
            -98.051916,40.373254,0
            -98.051881,40.37758,0
            -98.051851,40.379687,0
            -98.051785,40.386921,0
            -98.051784,40.387011,0
            -98.051763,40.389909,0
            -98.051735,40.392377,0
            -98.051722,40.3942,0
            -98.051689,40.398379,0
            -98.051679,40.399777,0
            -98.051682,40.402571,0
            -98.051664,40.403319,0
            -98.051638,40.406096,0
            -98.051613,40.40877,0
            -98.051594,40.41124,0
            -98.051558,40.416041,0
            -98.051532,40.41954,0
            -98.051504,40.422015,0
            -98.0515,40.422582,0
            -98.051495,40.423277,0
            -98.051489,40.424237,0
            -98.051487,40.42448,0
            -98.051459,40.426948,0
            -98.051462,40.429413,0
            -98.051459,40.431156,0
            -98.05145,40.43376,0
            -98.051403,40.437821,0
            -98.053342,40.437791,0
            -98.055369,40.437775,0
            -98.058409,40.437768,0
            -98.060425,40.437768,0
            -98.064567,40.437741,0
            -98.067817,40.437735,0
            -98.070441,40.437724,0
            -98.071695,40.437718,0
            -98.07812,40.437693,0
            -98.082807,40.437672,0
            -98.083835,40.437667,0
            -98.085876,40.437665,0
            -98.087049,40.437664,0
            -98.088241,40.437677,0
            -98.089419,40.437691,0
            -98.09073,40.437708,0
            -98.091601,40.437704,0
            -98.092077,40.437693,0
            -98.093413,40.437662,0
            -98.093543,40.437661,0
            -98.09772,40.43766,0
            -98.098158,40.437666,0
            -98.101342,40.437712,0
            -98.10163,40.437713,0
            -98.101729,40.437713,0
            -98.103771,40.437712,0
          </coordinates>
        </LineString>
        <LineString>
          <tessellate>1</tessellate>
          <coordinates>
            -98.103771,40.437712,0
            -98.105728,40.437711,0
            -98.107091,40.437668,0
            -98.108445,40.437647,0
            -98.110811,40.437653,0
            -98.112617,40.437642,0
            -98.11418,40.437643,0
            -98.115931,40.437644,0
            -98.116273,40.437641,0
            -98.116456,40.43764,0
            -98.119701,40.437637,0
            -98.122788,40.437635,0
            -98.123533,40.437642,0
            -98.123681,40.437642,0
            -98.12496,40.437643,0
            -98.127441,40.43763,0
            -98.129287,40.437644,0
            -98.131753,40.437622,0
            -98.134224,40.437621,0
            -98.135431,40.437616,0
            -98.136617,40.437611,0
            -98.139934,40.43761,0
            -98.14039,40.437609,0
            -98.141663,40.437608,0
            -98.14646,40.43759,0
            -98.151548,40.437577,0
            -98.154013,40.437575,0
            -98.156469,40.437565,0
            -98.158022,40.437567,0
            -98.164013,40.43756,0
            -98.165366,40.43755,0
            -98.166437,40.437541,0
            -98.173651,40.437539,0
            -98.176284,40.437532,0
            -98.178016,40.437533,0
            -98.179707,40.437533,0
            -98.184382,40.437528,0
            -98.193324,40.437511,0
            -98.197203,40.437513,0
            -98.203404,40.437497,0
            -98.205333,40.437491,0
            -98.213463,40.437468,0
            -98.213979,40.437466,0
            -98.216214,40.437468,0
            -98.219252,40.437455,0
            -98.220073,40.437451,0
            -98.221901,40.437451,0
            -98.222395,40.437447,0
            -98.224804,40.437434,0
            -98.225013,40.437434,0
            -98.225964,40.437435,0
            -98.228138,40.437424,0
            -98.23074,40.437433,0
            -98.231824,40.437427,0
            -98.233695,40.437406,0
            -98.235033,40.437402,0
            -98.236019,40.437395,0
            -98.237584,40.437393,0
            -98.239418,40.437383,0
            -98.239836,40.437386,0
            -98.240787,40.437375,0
            -98.241407,40.437374,0
            -98.243284,40.437379,0
            -98.24369,40.437369,0
            -98.245023,40.437373,0
            -98.245605,40.437371,0
            -98.249376,40.43736,0
            -98.249599,40.437351,0
            -98.250851,40.437353,0
            -98.258545,40.437364,0
            -98.260506,40.437365,0
            -98.264057,40.43733,0
            -98.264494,40.437327,0
            -98.267915,40.437307,0
            -98.269253,40.437296,0
            -98.271394,40.437312,0
            -98.271691,40.437317,0
            -98.27589,40.437258,0
            -98.276078,40.437257,0
            -98.278021,40.437254,0
            -98.282733,40.437263,0
            -98.284941,40.437258,0
            -98.292041,40.437274,0
            -98.29319,40.437275,0
            -98.295691,40.437274,0
            -98.297002,40.437285,0
            -98.297553,40.437289,0
            -98.299576,40.437286,0
            -98.302625,40.437289,0
            -98.305574,40.437299,0
            -98.305858,40.437299,0
            -98.307587,40.4373,0
            -98.31023,40.437312,0
            -98.315307,40.437313,0
            -98.316006,40.437313,0
            -98.31871,40.437316,0
            -98.319378,40.437316,0
            -98.323313,40.437317,0
            -98.326156,40.437314,0
            -98.328845,40.437311,0
            -98.329941,40.437304,0
            -98.330532,40.437303,0
            -98.330802,40.437302,0
            -98.331304,40.437304,0
            -98.332437,40.437307,0
            -98.332514,40.437307,0
            -98.333402,40.43731,0
            -98.334896,40.437298,0
            -98.33533,40.437294,0
            -98.338455,40.43729,0
            -98.34314,40.437285,0
            -98.344382,40.437276,0
            -98.344587,40.437275,0
            -98.345238,40.437282,0
            -98.347997,40.437279,0
            -98.349537,40.437274,0
            -98.350185,40.437272,0
            -98.35217,40.437281,0
            -98.353878,40.437287,0
            -98.355087,40.437288,0
            -98.355667,40.437316,0
            -98.356662,40.437319,0
            -98.358311,40.437321,0
            -98.358611,40.437317,0
            -98.360033,40.4373,0
            -98.360494,40.437287,0
            -98.361751,40.437267,0
            -98.364926,40.437246,0
            -98.368245,40.437245,0
            -98.370486,40.437239,0
            -98.372877,40.437233,0
            -98.373887,40.437231,0
            -98.38248,40.437244,0
            -98.382874,40.437239,0
            -98.385625,40.437239,0
            -98.388341,40.437245,0
            -98.389299,40.437247,0
            -98.390506,40.43725,0
            -98.391674,40.437254,0
            -98.393099,40.437251,0
            -98.395323,40.437254,0
            -98.397237,40.437257,0
            -98.398195,40.437262,0
            -98.39939,40.437262,0
            -98.400259,40.43726,0
            -98.401803,40.437267,0
            -98.402617,40.43727,0
            -98.402705,40.437271,0
            -98.403412,40.437275,0
            -98.404062,40.437277,0
          </coordinates>
        </LineString>
        <LineString>
          <tessellate>1</tessellate>
          <coordinates>
            -98.404062,40.437277,0
            -98.404724,40.43728,0
            -98.404971,40.437282,0
            -98.405131,40.437283,0
            -98.405669,40.437272,0
            -98.405796,40.437311,0
            -98.405887,40.437339,0
            -98.405941,40.437389,0
            -98.405989,40.437454,0
            -98.406056,40.437573,0
            -98.405764,40.437661,0
            -98.405474,40.437752,0
            -98.405227,40.437839,0
            -98.404759,40.438044,0
            -98.404504,40.438173,0
          </coordinates>
        </LineString>
        <LineString>
          <tessellate>1</tessellate>
          <coordinates>
            -98.404504,40.438173,0
            -98.40431,40.438272,0
            -98.403801,40.438578,0
            -98.403215,40.439011,0
            -98.402798,40.439404,0
            -98.402526,40.439674,0
            -98.402283,40.440003,0
            -98.402047,40.440338,0
            -98.401896,40.440592,0
            -98.401779,40.440849,0
            -98.401695,40.44106,0
            -98.401587,40.441395,0
            -98.401516,40.44164,0
            -98.40146,40.441938,0
            -98.401432,40.442214,0
            -98.401418,40.442584,0
            -98.401441,40.442945,0
            -98.401495,40.443412,0
            -98.401532,40.443909,0
            -98.401563,40.444333,0
            -98.401584,40.444579,0
            -98.401689,40.445804,0
            -98.401789,40.447292,0
            -98.401807,40.447941,0
            -98.401817,40.448839,0
            -98.401815,40.44993,0
            -98.401804,40.451726,0
            -98.401828,40.453253,0
            -98.401827,40.455701,0
            -98.401844,40.456788,0
            -98.40184,40.457929,0
            -98.401848,40.460803,0
            -98.401854,40.464642,0
            -98.401866,40.466317,0
            -98.40189,40.469978,0
            -98.401902,40.471233,0
            -98.401938,40.477794,0
            -98.40196,40.480853,0
            -98.401976,40.483583,0
            -98.401988,40.485947,0
            -98.402004,40.488267,0
            -98.402026,40.49119,0
            -98.402056,40.495354,0
            -98.40207,40.499401,0
            -98.402059,40.502551,0
            -98.402059,40.502672,0
            -98.402055,40.504537,0
            -98.402041,40.507339,0
            -98.402031,40.509851,0
            -98.402019,40.513029,0
            -98.402004,40.515848,0
            -98.402008,40.517156,0
            -98.401995,40.520772,0
            -98.401991,40.522164,0
            -98.401991,40.524467,0
            -98.402067,40.529915,0
            -98.402158,40.535658,0
            -98.402183,40.538991,0
            -98.402192,40.53978,0
            -98.402189,40.541305,0
            -98.402211,40.545775,0
            -98.402206,40.546389,0
            -98.402139,40.549822,0
            -98.402054,40.552998,0
            -98.402042,40.553494,0
            -98.401978,40.559071,0
            -98.401976,40.559627,0
            -98.401973,40.559985,0
            -98.401959,40.561077,0
            -98.401965,40.56133,0
            -98.401994,40.563059,0
            -98.402035,40.564363,0
            -98.402066,40.565173,0
            -98.402106,40.56603,0
            -98.402124,40.566999,0
            -98.402059,40.567149,0
            -98.402043,40.567663,0
            -98.402056,40.56795,0
            -98.40213,40.568055,0
            -98.402729,40.568047,0
            -98.403002,40.567985,0
            -98.406516,40.568014,0
            -98.407058,40.568011,0
            -98.408204,40.568004,0
            -98.408371,40.568005,0
            -98.409386,40.567989,0
            -98.409482,40.567987,0
            -98.411635,40.567988,0
            -98.411792,40.567988,0
            -98.411928,40.567986,0
          </coordinates>
        </LineString>
        <LineString>
          <tessellate>1</tessellate>
          <coordinates>
            -98.411928,40.567986,0
            -98.413781,40.567964,0
            -98.415651,40.567954,0
            -98.417582,40.567951,0
            -98.419471,40.567934,0
            -98.421044,40.56795,0
            -98.424441,40.56795,0
            -98.427519,40.567965,0
            -98.430456,40.567971,0
            -98.430775,40.567972,0
            -98.433618,40.567973,0
            -98.439241,40.568013,0
            -98.439512,40.56802,0
            -98.439876,40.568034,0
            -98.43999,40.568031,0
            -98.440067,40.568029,0
            -98.442147,40.568036,0
            -98.444496,40.56805,0
            -98.449769,40.56807,0
            -98.452264,40.568083,0
            -98.45348,40.56809,0
            -98.457044,40.568111,0
            -98.457342,40.568142,0
            -98.457626,40.568167,0
            -98.457797,40.568179,0
            -98.457804,40.568179,0
            -98.457924,40.568185,0
            -98.458093,40.568179,0
            -98.458268,40.568162,0
            -98.458417,40.568148,0
            -98.458552,40.568146,0
            -98.458622,40.568165,0
            -98.458721,40.568233,0
            -98.458762,40.568269,0
            -98.458812,40.568297,0
            -98.458897,40.56832,0
            -98.458987,40.568321,0
            -98.459072,40.568299,0
            -98.45914,40.568259,0
            -98.459279,40.568218,0
            -98.459371,40.568196,0
            -98.459496,40.568174,0
            -98.459702,40.568166,0
            -98.460798,40.568149,0
            -98.460937,40.568116,0
            -98.468503,40.568104,0
            -98.470587,40.568094,0
            -98.472771,40.568111,0
            -98.474778,40.5681,0
            -98.476889,40.568108,0
            -98.478012,40.568103,0
            -98.478989,40.568098,0
            -98.487539,40.568079,0
            -98.489523,40.568075,0
            -98.495661,40.568049,0
            -98.496974,40.568034,0
            -98.498019,40.568033,0
            -98.499944,40.56803,0
            -98.505611,40.568004,0
            -98.506483,40.568008,0
            -98.508173,40.568017,0
            -98.509384,40.568019,0
            -98.511188,40.568007,0
            -98.512726,40.567997,0
            -98.515425,40.567986,0
            -98.516021,40.567988,0
            -98.516523,40.567991,0
            -98.516901,40.567987,0
            -98.52071,40.567947,0
            -98.521405,40.567943,0
            -98.523063,40.567932,0
            -98.524925,40.567915,0
            -98.526952,40.56791,0
            -98.529108,40.567898,0
            -98.533323,40.567878,0
            -98.535208,40.567863,0
            -98.536074,40.567857,0
            -98.537398,40.567861,0
            -98.539296,40.567874,0
            -98.544597,40.567886,0
            -98.545852,40.567888,0
            -98.549939,40.567914,0
            -98.552621,40.56791,0
            -98.553216,40.567909,0
            -98.554194,40.567915,0
            -98.556028,40.567921,0
            -98.557862,40.567916,0
            -98.559912,40.567917,0
            -98.560658,40.567918,0
            -98.562326,40.56792,0
            -98.564054,40.567936,0
            -98.565976,40.56792,0
            -98.569166,40.567919,0
            -98.573207,40.567912,0
            -98.576243,40.5679,0
            -98.581096,40.567888,0
            -98.584118,40.567871,0
            -98.587946,40.567856,0
            -98.590033,40.567854,0
            -98.592272,40.567842,0
            -98.592965,40.567838,0
            -98.594655,40.567838,0
            -98.597887,40.567807,0
            -98.599813,40.567807,0
            -98.601413,40.567796,0
            -98.603612,40.567782,0
            -98.606877,40.567777,0
            -98.610088,40.567765,0
            -98.61723,40.567743,0
            -98.619989,40.567734,0
            -98.624027,40.567716,0
            -98.624871,40.567711,0
            -98.629085,40.567703,0
            -98.630147,40.567701,0
            -98.634281,40.567678,0
            -98.636508,40.567669,0
            -98.639902,40.567661,0
            -98.642217,40.567652,0
            -98.643042,40.567648,0
            -98.645003,40.567642,0
            -98.648125,40.567678,0
            -98.649859,40.567672,0
            -98.653148,40.567673,0
            -98.655452,40.567686,0
            -98.657598,40.567699,0
            -98.657724,40.5677,0
            -98.660399,40.567705,0
            -98.661326,40.567708,0
            -98.665164,40.56771,0
            -98.667193,40.567707,0
            -98.676001,40.567673,0
            -98.67906,40.56768,0
            -98.680538,40.56768,0
            -98.682497,40.567675,0
            -98.682806,40.567674,0
            -98.685649,40.567673,0
            -98.686241,40.567674,0
            -98.690632,40.567684,0
            -98.694472,40.567699,0
            -98.694844,40.567697,0
            -98.69573,40.567689,0
            -98.698381,40.567698,0
            -98.705235,40.567706,0
            -98.708346,40.567706,0
            -98.710583,40.567714,0
            -98.715036,40.567719,0
            -98.717794,40.567715,0
            -98.71945,40.567711,0
            -98.724093,40.567722,0
            -98.727926,40.567713,0
            -98.730894,40.567725,0
            -98.733603,40.567722,0
            -98.739027,40.567716,0
            -98.742205,40.567719,0
            -98.743046,40.567712,0
            -98.743377,40.567709,0
            -98.74469,40.567697,0
            -98.746818,40.567702,0
            -98.749338,40.567699,0
            -98.75266,40.567706,0
            -98.75329,40.567698,0
            -98.756125,40.567686,0
            -98.756705,40.567692,0
            -98.758346,40.567695,0
            -98.760676,40.567691,0
            -98.76189,40.567698,0
            -98.764173,40.567703,0
            -98.767387,40.567718,0
            -98.768449,40.567721,0
            -98.770874,40.56773,0
            -98.771149,40.56773,0
            -98.773943,40.567727,0
            -98.781024,40.567763,0
            -98.78374,40.567768,0
            -98.785079,40.567762,0
            -98.786045,40.567768,0
            -98.787276,40.567775,0
            -98.788101,40.567772,0
            -98.789352,40.567774,0
            -98.789485,40.567774,0
            -98.789823,40.567776,0
            -98.790197,40.5678,0
            -98.79154,40.567801,0
            -98.792009,40.567801,0
            -98.792113,40.567795,0
            -98.793083,40.56774,0
            -98.794184,40.567616,0
            -98.794869,40.567478,0
            -98.79515,40.567402,0
            -98.795484,40.567317,0
            -98.796384,40.567043,0
            -98.797108,40.566743,0
            -98.798004,40.566326,0
            -98.798546,40.56602,0
            -98.799089,40.565663,0
            -98.799487,40.565354,0
            -98.800113,40.564833,0
            -98.801064,40.564034,0
            -98.801578,40.563674,0
            -98.802081,40.563355,0
            -98.802533,40.563104,0
            -98.803281,40.562754,0
            -98.804204,40.562372,0
            -98.806995,40.561183,0
            -98.80807,40.560721,0
            -98.808732,40.560441,0
            -98.809269,40.560213,0
            -98.810558,40.559667,0
            -98.811695,40.559169,0
            -98.814004,40.558181,0
            -98.815453,40.557553,0
            -98.818303,40.556328,0
            -98.818793,40.556139,0
            -98.81902,40.556041,0
            -98.822776,40.554434,0
            -98.824602,40.553644,0
            -98.824833,40.55355,0
            -98.825761,40.553159,0
            -98.826369,40.552903,0
            -98.828506,40.551983,0
            -98.829923,40.551382,0
            -98.833217,40.549967,0
            -98.835613,40.548948,0
            -98.837858,40.547974,0
            -98.839923,40.547081,0
            -98.842715,40.545912,0
            -98.844893,40.544961,0
            -98.845413,40.544746,0
            -98.847549,40.543825,0
            -98.851483,40.54215,0
            -98.852465,40.541737,0
            -98.854757,40.540834,0
            -98.856877,40.540058,0
            -98.857068,40.539986,0
            -98.859279,40.539115,0
            -98.860343,40.538661,0
            -98.861502,40.538172,0
            -98.863326,40.537394,0
            -98.86375,40.537215,0
            -98.868422,40.535207,0
            -98.873025,40.533252,0
            -98.875567,40.532147,0
            -98.875879,40.532017,0
            -98.877996,40.531132,0
            -98.880681,40.529972,0
            -98.883317,40.528844,0
            -98.885609,40.527856,0
            -98.888162,40.526764,0
            -98.890404,40.525797,0
            -98.891651,40.525244,0
            -98.892845,40.524714,0
            -98.894323,40.524107,0
            -98.89487,40.523878,0
            -98.897706,40.522669,0
            -98.898937,40.522129,0
            -98.900815,40.521284,0
            -98.902325,40.520619,0
            -98.907163,40.518463,0
            -98.907846,40.518126,0
            -98.90931,40.517489,0
            -98.912643,40.515998,0
            -98.913553,40.515569,0
            -98.914483,40.515164,0
            -98.918786,40.513328,0
            -98.925485,40.510467,0
            -98.928325,40.509246,0
            -98.929456,40.508792,0
            -98.93043,40.508427,0
            -98.931902,40.507924,0
            -98.932691,40.50769,0
            -98.934554,40.50716,0
            -98.936856,40.506575,0
            -98.939226,40.506013,0
            -98.940841,40.505654,0
            -98.942002,40.505389,0
            -98.94222,40.505339,0
            -98.94241,40.505294,0
            -98.943655,40.504971,0
            -98.944218,40.504822,0
            -98.944328,40.504794,0
            -98.945763,40.504423,0
            -98.946848,40.504142,0
            -98.947733,40.503919,0
            -98.949116,40.503568,0
            -98.950478,40.503271,0
            -98.950677,40.503231,0
            -98.951357,40.503133,0
            -98.95164,40.503106,0
            -98.951768,40.503094,0
            -98.951769,40.503379,0
            -98.951782,40.503829,0
            -98.95179,40.503893,0
            -98.9518,40.503932,0
            -98.951828,40.504017,0
            -98.951831,40.504893,0
            -98.951836,40.505758,0
            -98.951844,40.506641,0
            -98.951847,40.506939,0
            -98.951879,40.510248,0
            -98.951896,40.51073,0
            -98.951895,40.511231,0
            -98.951897,40.512384,0
            -98.95191,40.513655,0
            -98.951909,40.513785,0
            -98.951895,40.515006,0
            -98.951906,40.516006,0
            -98.951872,40.517537,0
            -98.951858,40.51964,0
          </coordinates>
        </LineString>
        <LineString>
          <tessellate>1</tessellate>
          <coordinates>
            -98.951858,40.51964,0
            -98.951853,40.520369,0
            -98.951892,40.524783,0
            -98.951912,40.527005,0
            -98.95192,40.528527,0
            -98.95191,40.53112,0
            -98.951894,40.53244,0
            -98.951875,40.535257,0
            -98.951854,40.536961,0
            -98.95184,40.538246,0
            -98.951836,40.538551,0
            -98.951833,40.538676,0
            -98.951817,40.539326,0
            -98.951819,40.541019,0
            -98.951796,40.542551,0
            -98.951795,40.54288,0
            -98.951792,40.54406,0
            -98.951822,40.546521,0
            -98.951824,40.547168,0
            -98.951825,40.548681,0
            -98.951829,40.550313,0
            -98.951827,40.551652,0
            -98.951827,40.553851,0
            -98.951816,40.556547,0
            -98.951807,40.560671,0
            -98.9518,40.563431,0
            -98.951832,40.568357,0
            -98.951868,40.57023,0
            -98.951887,40.571699,0
            -98.951895,40.573271,0
            -98.951934,40.57483,0
            -98.951936,40.575594,0
            -98.951911,40.576042,0
            -98.951874,40.577667,0
            -98.951847,40.578884,0
            -98.951811,40.580204,0
            -98.951805,40.5811,0
            -98.951754,40.58251,0
            -98.95175,40.582888,0
            -98.95174,40.584041,0
            -98.951706,40.586127,0
            -98.95171,40.588158,0
            -98.951676,40.59069,0
            -98.951689,40.592298,0
            -98.951657,40.594251,0
            -98.951653,40.595239,0
            -98.95166,40.597411,0
            -98.951668,40.600221,0
            -98.951658,40.600757,0
            -98.951627,40.60396,0
            -98.951616,40.604816,0
            -98.951604,40.606555,0
            -98.951586,40.607924,0
            -98.951571,40.609832,0
            -98.951571,40.609879,0
            -98.951554,40.611266,0
            -98.951552,40.611581,0
            -98.95155,40.612442,0
            -98.951513,40.616491,0
            -98.95149,40.617406,0
            -98.951505,40.618919,0
            -98.951494,40.620964,0
            -98.951477,40.62241,0
            -98.951466,40.626455,0
            -98.951456,40.628865,0
            -98.951446,40.631522,0
            -98.951436,40.632509,0
            -98.951411,40.637108,0
            -98.951432,40.641011,0
            -98.9516,40.641008,0
            -98.953064,40.640987,0
            -98.954695,40.640983,0
            -98.955798,40.640965,0
            -98.957747,40.640946,0
            -98.95971,40.640927,0
            -98.960974,40.640922,0
            -98.963273,40.640939,0
            -98.964482,40.640946,0
            -98.966571,40.640964,0
            -98.969632,40.640993,0
            -98.970416,40.640999,0
            -98.974192,40.640997,0
            -98.981771,40.640999,0
            -98.98949,40.640998,0
            -98.99594,40.641001,0
            -98.996574,40.640997,0
            -98.996857,40.640997,0
          </coordinates>
        </LineString>
        <LineString>
          <tessellate>1</tessellate>
          <coordinates>
            -98.996857,40.640997,0
            -98.998111,40.640996,0
            -98.998435,40.640999,0
            -99.004929,40.641,0
            -99.008547,40.641,0
            -99.010723,40.641,0
            -99.014035,40.640999,0
            -99.01478,40.640996,0
            -99.023358,40.640994,0
            -99.027688,40.640993,0
            -99.031789,40.640991,0
            -99.032295,40.640991,0
            -99.037815,40.640985,0
            -99.043309,40.640982,0
            -99.046045,40.640982,0
            -99.056366,40.640991,0
            -99.056472,40.640993,0
            -99.057342,40.640986,0
            -99.065889,40.64098,0
            -99.074407,40.640985,0
            -99.079614,40.640989,0
            -99.083327,40.640992,0
            -99.0846,40.640993,0
            -99.084798,40.640993,0
            -99.084792,40.641947,0
            -99.084795,40.64253,0
            -99.084798,40.643199,0
          </coordinates>
        </LineString>
        <LineString>
          <tessellate>1</tessellate>
          <coordinates>
            -99.084798,40.643199,0
            -99.084824,40.648267,0
            -99.084822,40.649083,0
            -99.084859,40.649522,0
            -99.084906,40.649932,0
            -99.085014,40.650497,0
            -99.085135,40.650977,0
            -99.085211,40.651209,0
            -99.085761,40.652885,0
            -99.085977,40.65365,0
            -99.086101,40.654352,0
            -99.086146,40.654731,0
            -99.086177,40.655126,0
            -99.086188,40.655511,0
            -99.086187,40.656384,0
            -99.086117,40.659158,0
            -99.08611,40.659605,0
            -99.086025,40.660232,0
            -99.085977,40.661544,0
            -99.085991,40.662418,0
            -99.085939,40.664347,0
            -99.085933,40.664558,0
            -99.085899,40.666986,0
            -99.085875,40.66758,0
            -99.085868,40.668941,0
            -99.085846,40.669642,0
            -99.085814,40.671027,0
            -99.085801,40.671708,0
            -99.085798,40.672318,0
            -99.085762,40.672991,0
            -99.08566,40.673427,0
            -99.085429,40.674483,0
            -99.085124,40.675709,0
            -99.085063,40.675985,0
            -99.084927,40.676801,0
            -99.084835,40.677771,0
            -99.084776,40.678635,0
            -99.084743,40.679964,0
          </coordinates>
        </LineString>
        <LineString>
          <tessellate>1</tessellate>
          <coordinates>
            -99.084743,40.679964,0
            -99.084727,40.680602,0
            -99.084722,40.681852,0
            -99.084691,40.683682,0
            -99.084688,40.683861,0
            -99.084671,40.685047,0
            -99.084181,40.685041,0
            -99.083411,40.685031,0
            -99.082049,40.685013,0
            -99.081359,40.685016,0
            -99.080639,40.685018,0
            -99.080236,40.68502,0
          </coordinates>
        </LineString>
        <LineString>
          <tessellate>1</tessellate>
          <coordinates>
            -99.080236,40.68502,0
            -99.079974,40.685022,0
            -99.079283,40.685026,0
            -99.078588,40.685024,0
            -99.077913,40.685022,0
            -99.076537,40.685024,0
            -99.075848,40.685018,0
            -99.075164,40.685013,0
            -99.073789,40.684999,0
            -99.072449,40.684993,0
            -99.07115,40.684986,0
            -99.069414,40.684956,0
            -99.068548,40.684943,0
            -99.068003,40.68494,0
            -99.067712,40.684945,0
            -99.067496,40.68496,0
            -99.067052,40.684996,0
            -99.066916,40.685002,0
            -99.06678,40.685006,0
            -99.066652,40.685009,0
            -99.066483,40.685008,0
            -99.065701,40.685003,0
            -99.063602,40.684975,0
            -99.063502,40.684975,0
            -99.063161,40.684971,0
            -99.061766,40.684955,0
            -99.061401,40.684952,0
            -99.061308,40.684951,0
            -99.061175,40.68495,0
            -99.059344,40.68495,0
            -99.057508,40.684937,0
            -99.056778,40.684929,0
            -99.053582,40.684908,0
            -99.051516,40.68489,0
            -99.04739,40.684858,0
            -99.046908,40.684856,0
            -99.045989,40.68485,0
            -99.036317,40.684803,0
            -99.035442,40.684801,0
            -99.03138,40.684782,0
            -99.030892,40.684757,0
            -99.030659,40.684747,0
            -99.030548,40.684745,0
            -99.030092,40.684743,0
          </coordinates>
        </LineString>
        <LineString>
          <tessellate>1</tessellate>
          <coordinates>
            -99.030092,40.684743,0
            -99.029189,40.684738,0
            -99.029024,40.684735,0
            -99.029027,40.684316,0
            -99.029094,40.67785,0
            -99.029098,40.67749,0
            -99.029104,40.6756,0
            -99.029131,40.674333,0
            -99.029148,40.673254,0
            -99.02915,40.672775,0
            -99.029152,40.67267,0
            -99.029159,40.67228,0
            -99.02935,40.672281,0
            -99.029559,40.672282,0
            -99.029679,40.67228,0
            -99.029779,40.672278,0
            -99.029892,40.672268,0
            -99.029989,40.672253,0
            -99.030095,40.672227,0
            -99.030217,40.672187,0
            -99.030343,40.67213,0
            -99.030453,40.672067,0
            -99.030555,40.671993,0
            -99.03065,40.671904,0
            -99.030727,40.67182,0
            -99.030788,40.671728,0
            -99.030833,40.67164,0
            -99.030868,40.671548,0
            -99.030879,40.671495,0
            -99.030889,40.671418,0
            -99.03089,40.671386,0
            -99.030897,40.671269,0
            -99.030906,40.671192,0
            -99.030915,40.671138,0
            -99.030929,40.671088,0
            -99.030958,40.671007,0
            -99.030983,40.670953,0
            -99.031018,40.670895,0
            -99.031079,40.67081,0
            -99.031114,40.670768,0
            -99.031171,40.670714,0
            -99.031241,40.670656,0
            -99.031297,40.670618,0
            -99.031374,40.670567,0
            -99.031445,40.670528,0
            -99.031526,40.67049,0
            -99.031642,40.670445,0
            -99.031782,40.670409,0
            -99.03192,40.670387,0
            -99.032049,40.670374,0
            -99.032125,40.670373,0
            -99.032213,40.670371,0
            -99.03325,40.670371,0
            -99.035691,40.67037,0
            -99.03582,40.670372,0
            -99.035929,40.670375,0
            -99.036,40.670377,0
            -99.036116,40.670388,0
            -99.036214,40.670401,0
            -99.036372,40.67043,0
            -99.03657,40.67048,0
            -99.036718,40.670527,0
            -99.036873,40.67058,0
            -99.037106,40.670699,0
            -99.037396,40.670825,0
            -99.037635,40.670902,0
            -99.037831,40.670956,0
            -99.038207,40.671002,0
            -99.038502,40.670999,0
            -99.038725,40.670984,0
            -99.039219,40.670919,0
            -99.039224,40.6708,0
          </coordinates>
        </LineString>
      </MultiGeometry>
    </Placemark>
    <Placemark>