
      <name>E: Independence to St. Joseph
</name>
      <description><![CDATA[Approx. Distance: 74 miles<br><br>Update 5/30: Adjusted routing into St. Joseph Stage stop]]></description>
      <styleUrl>#line-0288D1-6231</styleUrl>
      <MultiGeometry>
        <LineString>
          <tessellate>1</tessellate>
          <coordinates>
            -94.418442,39.093507,0
            -94.418446,39.093351,0
            -94.41845,39.093193,0
            -94.418458,39.092908,0
            -94.41846,39.092829,0
            -94.41835,39.092825,0
            -94.417789,39.092807,0
            -94.417164,39.092786,0
            -94.417054,39.092766,0
            -94.416961,39.092762,0
            -94.415897,39.092732,0
          </coordinates>
        </LineString>
        <LineString>
          <tessellate>1</tessellate>
          <coordinates>
            -94.415897,39.092732,0
            -94.415788,39.092729,0
            -94.415678,39.092742,0
            -94.41567,39.092835,0
            -94.415647,39.093281,0
            -94.415647,39.093285,0
            -94.415646,39.093411,0
            -94.415644,39.093497,0
          </coordinates>
        </LineString>
        <LineString>
          <tessellate>1</tessellate>
          <coordinates>
            -94.415644,39.093497,0
            -94.415638,39.093691,0
            -94.415636,39.093784,0
            -94.415731,39.093788,0
            -94.416223,39.093809,0
            -94.416925,39.093839,0
            -94.417023,39.093843,0
            -94.417124,39.093846,0
            -94.417689,39.093866,0
            -94.418315,39.093888,0
            -94.418425,39.093892,0
            -94.418528,39.093896,0
            -94.419204,39.09392,0
          </coordinates>
        </LineString>
        <LineString>
          <tessellate>1</tessellate>
          <coordinates>
            -94.419204,39.09392,0
            -94.419341,39.093925,0
            -94.419678,39.093937,0
            -94.419796,39.093941,0
            -94.419797,39.094014,0
            -94.419781,39.094606,0
            -94.419781,39.094619,0
            -94.419791,39.094714,0
            -94.419789,39.094746,0
            -94.419743,39.095692,0
            -94.41974,39.095751,0
            -94.419737,39.095818,0
            -94.419707,39.096435,0
            -94.419704,39.096495,0
            -94.419697,39.096624,0
            -94.419679,39.097004,0
            -94.419685,39.097088,0
            -94.419648,39.097186,0
            -94.419638,39.097212,0
            -94.419628,39.097365,0
            -94.419611,39.097606,0
            -94.419608,39.097671,0
            -94.419623,39.097732,0
            -94.41967,39.097799,0
            -94.419872,39.097947,0
            -94.420018,39.098058,0
            -94.420032,39.098073,0
            -94.42013,39.098182,0
          </coordinates>
        </LineString>
        <LineString>
          <tessellate>1</tessellate>
          <coordinates>
            -94.42013,39.098182,0
            -94.420203,39.098262,0
            -94.420378,39.098389,0
            -94.420553,39.09848,0
            -94.421041,39.098653,0
            -94.421243,39.09876,0
            -94.421311,39.098806,0
            -94.421386,39.098857,0
            -94.421494,39.098952,0
            -94.42167,39.099165,0
            -94.42178,39.099415,0
            -94.421854,39.099724,0
            -94.421918,39.099899,0
            -94.422041,39.100105,0
            -94.42218,39.100268,0
            -94.422339,39.100409,0
            -94.422493,39.100508,0
            -94.422525,39.100524,0
            -94.422652,39.100586,0
            -94.422957,39.100705,0
            -94.423138,39.100813,0
            -94.423263,39.100932,0
            -94.423361,39.101066,0
            -94.423413,39.101206,0
            -94.423405,39.10135,0
            -94.42347,39.101429,0
            -94.423474,39.101586,0
            -94.423473,39.101603,0
            -94.423467,39.101783,0
            -94.423462,39.101936,0
            -94.423458,39.102034,0
            -94.423558,39.10203,0
            -94.423603,39.102027,0
            -94.423741,39.102018,0
            -94.423795,39.102016,0
          </coordinates>
        </LineString>
        <LineString>
          <tessellate>1</tessellate>
          <coordinates>
            -94.423795,39.102016,0
            -94.424388,39.101997,0
            -94.426089,39.101893,0
            -94.426284,39.10187,0
            -94.426394,39.10184,0
            -94.426521,39.101812,0
            -94.426864,39.101828,0
            -94.426925,39.101831,0
            -94.427098,39.101838,0
            -94.427152,39.101841,0
            -94.427254,39.101846,0
            -94.427355,39.10185,0
            -94.427657,39.101862,0
            -94.42792,39.101871,0
            -94.428148,39.10188,0
            -94.428214,39.101882,0
            -94.428721,39.101896,0
            -94.429091,39.101908,0
            -94.429505,39.101923,0
            -94.431441,39.101995,0
            -94.43283,39.102046,0
            -94.433594,39.102072,0
            -94.434671,39.102107,0
            -94.434962,39.102114,0
            -94.435264,39.102127,0
            -94.435505,39.102132,0
            -94.435524,39.102132,0
            -94.435762,39.102141,0
            -94.435863,39.102145,0
            -94.436177,39.102157,0
            -94.436419,39.102168,0
            -94.436777,39.102183,0
            -94.437175,39.1022,0
            -94.437389,39.10221,0
            -94.437823,39.102231,0
            -94.438164,39.10224,0
            -94.438387,39.102247,0
            -94.438912,39.102264,0
            -94.439247,39.102274,0
            -94.43937,39.102278,0
            -94.439703,39.102289,0
            -94.439975,39.102297,0
            -94.440275,39.102307,0
            -94.440299,39.102308,0
            -94.441235,39.102338,0
          </coordinates>
        </LineString>
        <LineString>
          <tessellate>1</tessellate>
          <coordinates>
            -94.441235,39.102338,0
            -94.442818,39.10239,0
            -94.443015,39.102394,0
            -94.443356,39.102403,0
            -94.44351,39.102408,0
            -94.443978,39.102424,0
            -94.444042,39.102426,0
            -94.444232,39.102432,0
            -94.444452,39.102439,0
            -94.444872,39.102453,0
            -94.445156,39.102463,0
            -94.445268,39.102466,0
            -94.446028,39.102491,0
            -94.446166,39.102496,0
            -94.4466,39.10251,0
            -94.447289,39.102533,0
            -94.44868,39.102578,0
            -94.449526,39.102604,0
            -94.449696,39.10261,0
            -94.449738,39.102611,0
            -94.449995,39.10262,0
            -94.450051,39.10262,0
            -94.45024,39.102632,0
            -94.450547,39.102642,0
            -94.451093,39.102655,0
            -94.451228,39.10266,0
            -94.451433,39.102668,0
            -94.45163,39.10268,0
            -94.451752,39.102687,0
            -94.451809,39.10269,0
            -94.451824,39.102691,0
            -94.451867,39.102693,0
            -94.452151,39.102709,0
            -94.452381,39.102722,0
            -94.452653,39.102735,0
            -94.452716,39.102738,0
            -94.452843,39.102744,0
            -94.452932,39.102779,0
            -94.453,39.102796,0
            -94.453056,39.102803,0
            -94.453199,39.102808,0
            -94.453385,39.102814,0
            -94.453982,39.102833,0
            -94.454501,39.10285,0
            -94.454966,39.102864,0
            -94.455337,39.102875,0
            -94.455648,39.102887,0
            -94.456415,39.102916,0
            -94.456694,39.102922,0
            -94.456825,39.102927,0
            -94.456907,39.102931,0
            -94.456953,39.102933,0
            -94.457086,39.102939,0
            -94.457231,39.102944,0
            -94.45737,39.102947,0
            -94.457617,39.102951,0
            -94.457799,39.102953,0
            -94.457935,39.102951,0
            -94.458008,39.102945,0
            -94.458074,39.102928,0
            -94.458129,39.102901,0
            -94.458243,39.102894,0
            -94.458385,39.102882,0
            -94.4585,39.102864,0
            -94.458632,39.102841,0
            -94.458802,39.102811,0
            -94.458942,39.102783,0
            -94.459076,39.102753,0
            -94.459211,39.102723,0
            -94.459357,39.102685,0
            -94.459487,39.102649,0
            -94.459624,39.102613,0
            -94.459752,39.102578,0
            -94.459886,39.10253,0
            -94.460014,39.102489,0
            -94.460137,39.102442,0
            -94.460261,39.102397,0
            -94.460394,39.102344,0
            -94.460702,39.102222,0
            -94.46097,39.102114,0
            -94.4614,39.101936,0
            -94.461647,39.101833,0
            -94.461773,39.101784,0
            -94.461854,39.101746,0
            -94.461915,39.101717,0
            -94.462024,39.101665,0
            -94.462141,39.101604,0
            -94.462254,39.101543,0
            -94.462276,39.10153,0
          </coordinates>
        </LineString>
        <LineString>
          <tessellate>1</tessellate>
          <coordinates>
            -94.462276,39.10153,0
            -94.462376,39.10147,0
            -94.462809,39.10121,0
            -94.46295,39.101125,0
            -94.463158,39.101011,0
            -94.463277,39.100955,0
            -94.463404,39.100908,0
            -94.463528,39.100869,0
            -94.463656,39.100835,0
            -94.463774,39.10081,0
            -94.463833,39.100798,0
            -94.463942,39.100785,0
            -94.46406,39.100775,0
            -94.464189,39.10077,0
            -94.464339,39.100775,0
            -94.464482,39.100785,0
            -94.464613,39.100803,0
            -94.464752,39.100828,0
            -94.464879,39.100857,0
            -94.465008,39.100896,0
            -94.465141,39.100942,0
            -94.465258,39.100994,0
            -94.465379,39.101055,0
            -94.465491,39.101125,0
            -94.465595,39.101191,0
            -94.465697,39.10126,0
            -94.465923,39.101415,0
            -94.466143,39.101563,0
            -94.466345,39.1017,0
            -94.46657,39.101851,0
            -94.46687,39.102054,0
            -94.466998,39.102134,0
            -94.467088,39.102194,0
            -94.467179,39.102249,0
            -94.467304,39.102326,0
            -94.467313,39.102363,0
            -94.467338,39.102407,0
            -94.467402,39.102457,0
            -94.467618,39.102596,0
            -94.467797,39.102712,0
            -94.468244,39.102992,0
            -94.468374,39.103073,0
            -94.468515,39.10316,0
            -94.468683,39.103264,0
            -94.468987,39.103441,0
            -94.469013,39.103458,0
            -94.469186,39.103565,0
            -94.469426,39.103726,0
            -94.469644,39.103873,0
            -94.469695,39.103899,0
            -94.469776,39.103911,0
            -94.469823,39.103943,0
            -94.469863,39.10397,0
            -94.469894,39.103991,0
            -94.470009,39.104082,0
          </coordinates>
        </LineString>
        <LineString>
          <tessellate>1</tessellate>
          <coordinates>
            -94.470009,39.104082,0
            -94.470199,39.104233,0
            -94.470328,39.10434,0
            -94.470516,39.104498,0
            -94.470691,39.104655,0
            -94.470876,39.104832,0
            -94.471057,39.105002,0
            -94.471237,39.105175,0
            -94.471413,39.105341,0
            -94.471601,39.105528,0
            -94.471792,39.105704,0
            -94.472059,39.105968,0
            -94.472574,39.106446,0
            -94.472781,39.106607,0
            -94.472987,39.106752,0
            -94.473245,39.106917,0
            -94.473463,39.107053,0
            -94.473691,39.107176,0
            -94.473937,39.107301,0
            -94.474163,39.107403,0
            -94.474399,39.107494,0
            -94.474692,39.107607,0
            -94.474946,39.107698,0
            -94.475033,39.107724,0
            -94.475383,39.107815,0
            -94.475656,39.10788,0
            -94.475931,39.107934,0
            -94.476213,39.107983,0
            -94.4765,39.108021,0
            -94.476779,39.108043,0
            -94.477063,39.108061,0
            -94.477348,39.108067,0
            -94.477634,39.108058,0
            -94.477915,39.108039,0
            -94.478193,39.108005,0
            -94.478472,39.107962,0
            -94.478734,39.107915,0
            -94.478938,39.107874,0
            -94.479378,39.107779,0
            -94.479585,39.107736,0
            -94.479831,39.107677,0
            -94.482217,39.107145,0
            -94.48243,39.107102,0
            -94.482442,39.1071,0
            -94.482578,39.107075,0
            -94.482715,39.10705,0
            -94.48285,39.107024,0
            -94.482994,39.107001,0
            -94.483145,39.106981,0
            -94.483251,39.106966,0
            -94.48331,39.106969,0
            -94.483393,39.106976,0
            -94.483674,39.10694,0
            -94.483955,39.106903,0
            -94.484235,39.106868,0
            -94.484423,39.106855,0
            -94.484798,39.10682,0
            -94.485147,39.106794,0
            -94.485246,39.106786,0
            -94.485396,39.106778,0
            -94.485683,39.106765,0
            -94.485881,39.106758,0
            -94.486578,39.106735,0
            -94.486817,39.106727,0
            -94.487101,39.106718,0
            -94.487242,39.106706,0
            -94.487383,39.106695,0
            -94.487529,39.106679,0
            -94.487765,39.106644,0
            -94.487905,39.106617,0
            -94.488176,39.106566,0
            -94.488313,39.106534,0
            -94.488449,39.106503,0
            -94.488583,39.106468,0
            -94.488717,39.106427,0
            -94.488808,39.106399,0
            -94.488893,39.106372,0
            -94.488967,39.106331,0
            -94.489052,39.106282,0
            -94.489739,39.106072,0
            -94.489833,39.106043,0
          </coordinates>
        </LineString>
        <LineString>
          <tessellate>1</tessellate>
          <coordinates>
            -94.489833,39.106043,0
            -94.490101,39.105962,0
            -94.490708,39.105783,0
            -94.490827,39.105749,0
            -94.491305,39.105614,0
            -94.491344,39.105602,0
            -94.491428,39.105577,0
            -94.491968,39.105411,0
            -94.493098,39.105065,0
            -94.493441,39.104966,0
            -94.493914,39.104827,0
            -94.494253,39.104745,0
            -94.494471,39.104701,0
            -94.494749,39.104651,0
            -94.495031,39.104605,0
            -94.495304,39.104563,0
            -94.49559,39.104528,0
            -94.49589,39.104498,0
            -94.496077,39.104479,0
            -94.496377,39.104462,0
            -94.49665,39.104453,0
            -94.496921,39.104441,0
            -94.497059,39.104442,0
            -94.497203,39.104441,0
            -94.497352,39.104444,0
            -94.497496,39.104451,0
            -94.49763,39.104459,0
            -94.497817,39.104465,0
            -94.498252,39.104479,0
            -94.499853,39.104532,0
            -94.499884,39.104533,0
          </coordinates>
        </LineString>
        <LineString>
          <tessellate>1</tessellate>
          <coordinates>
            -94.499884,39.104533,0
            -94.500411,39.104554,0
            -94.50069,39.104569,0
            -94.501001,39.104577,0
            -94.502624,39.10464,0
            -94.502723,39.104641,0
            -94.502791,39.104642,0
            -94.502867,39.104643,0
            -94.503939,39.104657,0
            -94.504411,39.104674,0
            -94.505078,39.1047,0
            -94.505089,39.1047,0
            -94.505183,39.104705,0
            -94.505199,39.104706,0
            -94.506247,39.104737,0
            -94.506489,39.104747,0
            -94.507301,39.104781,0
            -94.507372,39.104784,0
            -94.507613,39.104794,0
            -94.507826,39.104803,0
            -94.508028,39.104811,0
            -94.508328,39.104823,0
            -94.508527,39.10483,0
            -94.508768,39.104839,0
            -94.509233,39.104855,0
            -94.509646,39.10487,0
            -94.509994,39.104882,0
            -94.510154,39.104888,0
            -94.51041,39.104897,0
            -94.510543,39.104902,0
            -94.510643,39.104906,0
            -94.511209,39.104926,0
            -94.511454,39.104935,0
            -94.511901,39.10495,0
            -94.512065,39.104956,0
            -94.512284,39.104964,0
            -94.51275,39.10498,0
            -94.514452,39.105041,0
            -94.514574,39.105047,0
            -94.515036,39.10507,0
            -94.515127,39.105075,0
            -94.51543,39.105086,0
            -94.515636,39.105093,0
            -94.51605,39.10511,0
            -94.516785,39.105133,0
            -94.516989,39.105139,0
            -94.517124,39.105145,0
            -94.517189,39.105148,0
            -94.517919,39.10518,0
            -94.517966,39.105182,0
            -94.518277,39.105189,0
            -94.518575,39.105197,0
            -94.519018,39.105209,0
            -94.519111,39.105212,0
            -94.519214,39.105222,0
            -94.519326,39.105226,0
            -94.519839,39.105243,0
            -94.520052,39.105249,0
            -94.520303,39.105254,0
            -94.520501,39.105264,0
            -94.520604,39.105269,0
            -94.521022,39.105289,0
            -94.521114,39.105287,0
            -94.521303,39.105295,0
            -94.521455,39.105301,0
            -94.522299,39.105334,0
            -94.522615,39.105346,0
            -94.522788,39.105353,0
            -94.523377,39.105377,0
            -94.523432,39.105379,0
            -94.523511,39.105381,0
            -94.524914,39.105422,0
            -94.525709,39.105442,0
            -94.525745,39.105443,0
            -94.526111,39.105456,0
            -94.526238,39.105461,0
            -94.527243,39.1055,0
            -94.527446,39.105508,0
            -94.528009,39.10553,0
            -94.528405,39.105546,0
            -94.529178,39.105577,0
            -94.529498,39.105588,0
            -94.529566,39.105591,0
            -94.529647,39.105593,0
            -94.53035,39.105613,0
            -94.530728,39.105623,0
            -94.531517,39.105646,0
            -94.531904,39.105657,0
            -94.532538,39.105684,0
            -94.533051,39.105706,0
            -94.534121,39.105745,0
            -94.534177,39.105748,0
            -94.534262,39.10575,0
            -94.534848,39.105772,0
            -94.535252,39.105787,0
            -94.535362,39.105791,0
            -94.536879,39.10584,0
            -94.537243,39.105852,0
            -94.537477,39.105857,0
            -94.537614,39.105862,0
            -94.537685,39.105864,0
            -94.537783,39.105867,0
            -94.538491,39.105891,0
            -94.538768,39.105903,0
            -94.539088,39.105918,0
            -94.540493,39.10596,0
            -94.541111,39.105984,0
            -94.541272,39.105991,0
            -94.541841,39.106013,0
            -94.542302,39.106028,0
            -94.543544,39.106065,0
          </coordinates>
        </LineString>
        <LineString>
          <tessellate>1</tessellate>
          <coordinates>
            -94.543544,39.106065,0
            -94.543608,39.106067,0
            -94.543839,39.106074,0
            -94.543987,39.106079,0
            -94.544123,39.106084,0
            -94.54434,39.106098,0
            -94.544587,39.106107,0
            -94.544721,39.106112,0
            -94.544937,39.106119,0
            -94.544968,39.10612,0
            -94.545247,39.106129,0
            -94.545798,39.106148,0
            -94.545946,39.106153,0
            -94.546024,39.106156,0
            -94.546169,39.10616,0
            -94.54637,39.106167,0
            -94.546559,39.106174,0
            -94.546941,39.106187,0
            -94.547998,39.106223,0
            -94.548165,39.106228,0
            -94.548269,39.106232,0
            -94.54837,39.106235,0
            -94.548495,39.106239,0
            -94.548717,39.106245,0
            -94.548963,39.106251,0
            -94.54903,39.106253,0
            -94.549217,39.106258,0
            -94.54932,39.10626,0
            -94.549681,39.106272,0
            -94.550005,39.106283,0
            -94.550088,39.106287,0
            -94.550398,39.106297,0
            -94.550868,39.106311,0
            -94.550952,39.106316,0
            -94.551084,39.10632,0
            -94.551547,39.106335,0
            -94.55191,39.106347,0
            -94.5524,39.106364,0
            -94.552645,39.106376,0
            -94.553258,39.106398,0
            -94.553736,39.106416,0
            -94.553944,39.106423,0
            -94.554422,39.106442,0
            -94.554509,39.106445,0
            -94.554579,39.106447,0
            -94.555205,39.106469,0
            -94.555622,39.106484,0
            -94.555689,39.106487,0
            -94.55576,39.106489,0
            -94.556286,39.106509,0
            -94.556462,39.106516,0
            -94.557087,39.10654,0
            -94.557145,39.106543,0
            -94.557876,39.106573,0
            -94.557974,39.106577,0
            -94.558337,39.106592,0
            -94.558519,39.1066,0
            -94.558616,39.106604,0
            -94.558696,39.106606,0
            -94.558895,39.106612,0
            -94.559637,39.106632,0
            -94.56,39.106642,0
            -94.560147,39.106646,0
            -94.560315,39.106652,0
            -94.560607,39.106663,0
            -94.560743,39.106668,0
            -94.560979,39.106677,0
            -94.561262,39.106688,0
            -94.561422,39.106694,0
            -94.562788,39.106743,0
            -94.563309,39.106765,0
            -94.563448,39.10677,0
            -94.563916,39.106789,0
            -94.564124,39.106798,0
            -94.564818,39.106817,0
          </coordinates>
        </LineString>
        <LineString>
          <tessellate>1</tessellate>
          <coordinates>
            -94.564818,39.106817,0
            -94.56491,39.106819,0
            -94.565646,39.106843,0
            -94.565904,39.106852,0
            -94.566253,39.106864,0
            -94.566652,39.106877,0
            -94.567554,39.106907,0
            -94.568229,39.10693,0
            -94.568375,39.106934,0
            -94.568791,39.106948,0
            -94.568975,39.106954,0
            -94.570055,39.106983,0
            -94.570106,39.106985,0
            -94.570548,39.107001,0
            -94.571048,39.107017,0
            -94.571702,39.107042,0
            -94.572353,39.107066,0
            -94.573058,39.107091,0
            -94.573487,39.107107,0
            -94.57361,39.107111,0
            -94.573711,39.107114,0
            -94.573901,39.10712,0
            -94.574495,39.10714,0
            -94.574752,39.107171,0
            -94.574954,39.107242,0
            -94.575068,39.107288,0
            -94.575178,39.107369,0
            -94.576366,39.10851,0
            -94.576465,39.108603,0
            -94.576602,39.108793,0
            -94.576613,39.108826,0
          </coordinates>
        </LineString>
        <LineString>
          <tessellate>1</tessellate>
          <coordinates>
            -94.576613,39.108826,0
            -94.57682,39.109464,0
            -94.576839,39.109523,0
            -94.576856,39.109578,0
            -94.576896,39.109699,0
            -94.577136,39.110459,0
            -94.577341,39.11108,0
            -94.57739,39.111316,0
            -94.577528,39.111722,0
            -94.577546,39.111786,0
          </coordinates>
        </LineString>
        <LineString>
          <tessellate>1</tessellate>
          <coordinates>
            -94.577546,39.111786,0
            -94.577884,39.112984,0
            -94.578099,39.113576,0
            -94.579419,39.119915,0
            -94.579747,39.121513,0
            -94.57999,39.122664,0
            -94.580215,39.123798,0
            -94.580305,39.124328,0
            -94.580381,39.124952,0
            -94.580503,39.12577,0
            -94.580534,39.126103,0
            -94.580539,39.12668,0
            -94.58054,39.126779,0
            -94.58054,39.126826,0
            -94.580542,39.126931,0
            -94.58054,39.127045,0
            -94.580538,39.12719,0
            -94.580532,39.127636,0
            -94.580528,39.12798,0
            -94.580523,39.128324,0
            -94.580516,39.128811,0
            -94.58051,39.129298,0
            -94.580507,39.129509,0
            -94.580502,39.129872,0
            -94.580499,39.130068,0
            -94.580495,39.130419,0
            -94.580493,39.130549,0
            -94.580491,39.130633,0
            -94.580486,39.130945,0
          </coordinates>
        </LineString>
        <LineString>
          <tessellate>1</tessellate>
          <coordinates>
            -94.580486,39.130945,0
            -94.580473,39.131701,0
            -94.580468,39.131966,0
            -94.580461,39.13237,0
            -94.580437,39.133803,0
            -94.580432,39.134074,0
            -94.58043,39.134197,0
            -94.580428,39.134312,0
            -94.580423,39.134659,0
            -94.580422,39.134737,0
            -94.580415,39.135239,0
            -94.580409,39.135634,0
            -94.580403,39.136036,0
            -94.580382,39.137585,0
            -94.58038,39.137713,0
            -94.580378,39.137842,0
            -94.580377,39.137946,0
            -94.580362,39.139081,0
            -94.580358,39.139382,0
            -94.580352,39.139829,0
            -94.580347,39.140264,0
            -94.580346,39.141115,0
            -94.58034,39.141326,0
            -94.580341,39.141467,0
            -94.58034,39.14156,0
            -94.580337,39.141731,0
            -94.580304,39.142676,0
            -94.580297,39.142994,0
            -94.580283,39.143581,0
            -94.580276,39.143873,0
            -94.580269,39.144451,0
            -94.580267,39.144607,0
            -94.580262,39.145017,0
            -94.580261,39.145169,0
            -94.58026,39.145234,0
            -94.580248,39.14591,0
            -94.580245,39.146082,0
            -94.58023,39.14694,0
            -94.58022,39.147542,0
            -94.580219,39.147579,0
            -94.580218,39.147664,0
            -94.580205,39.148533,0
            -94.580203,39.148862,0
            -94.580201,39.149049,0
            -94.580243,39.149331,0
            -94.580243,39.149789,0
            -94.58022,39.150487,0
            -94.580225,39.150549,0
            -94.580236,39.15071,0
            -94.580266,39.150837,0
            -94.580365,39.15111,0
            -94.580532,39.151387,0
            -94.580869,39.151754,0
            -94.581173,39.151966,0
            -94.581362,39.152059,0
            -94.581554,39.152153,0
            -94.581696,39.152214,0
            -94.581981,39.152307,0
            -94.582092,39.152336,0
          </coordinates>
        </LineString>
        <LineString>
          <tessellate>1</tessellate>
          <coordinates>
            -94.582092,39.152336,0
            -94.583143,39.152609,0
            -94.583483,39.152749,0
            -94.58382,39.152905,0
            -94.584222,39.153169,0
            -94.584662,39.153513,0
            -94.584948,39.153828,0
            -94.585194,39.154205,0
            -94.585566,39.154952,0
            -94.585918,39.15566,0
            -94.586002,39.155828,0
            -94.587285,39.158408,0
            -94.587773,39.159423,0
            -94.588574,39.160362,0
            -94.589075,39.160774,0
            -94.589533,39.16104,0
            -94.590235,39.161442,0
            -94.591361,39.162087,0
            -94.591882,39.162385,0
          </coordinates>
        </LineString>
        <LineString>
          <tessellate>1</tessellate>
          <coordinates>
            -94.591882,39.162385,0
            -94.594549,39.163909,0
            -94.594946,39.16412,0
            -94.598545,39.165379,0
            -94.599048,39.16556,0
            -94.599478,39.165701,0
          </coordinates>
        </LineString>
        <LineString>
          <tessellate>1</tessellate>
          <coordinates>
            -94.599478,39.165701,0
            -94.600569,39.166059,0
            -94.601253,39.166236,0
            -94.601718,39.166347,0
            -94.602538,39.166462,0
            -94.603541,39.166535,0
            -94.611958,39.166619,0
            -94.61237,39.166639,0
            -94.612871,39.166712,0
            -94.613394,39.166814,0
            -94.613982,39.166954,0
            -94.614449,39.167112,0
            -94.615409,39.16757,0
            -94.616223,39.168033,0
            -94.616501,39.168189,0
            -94.617265,39.168651,0
            -94.617865,39.169003,0
            -94.618304,39.169302,0
            -94.618817,39.169704,0
            -94.620311,39.171051,0
            -94.621012,39.17173,0
            -94.62236,39.172883,0
            -94.622617,39.17304,0
            -94.622691,39.17307,0
            -94.622896,39.173154,0
            -94.623122,39.173246,0
            -94.623269,39.17328,0
            -94.623491,39.173331,0
            -94.623564,39.173348,0
            -94.624106,39.17339,0
            -94.624561,39.173372,0
            -94.624794,39.173347,0
          </coordinates>
        </LineString>
        <LineString>
          <tessellate>1</tessellate>
          <coordinates>
            -94.624794,39.173347,0
            -94.625089,39.173316,0
            -94.625612,39.173274,0
            -94.626813,39.173133,0
            -94.627654,39.173045,0
            -94.628384,39.173026,0
            -94.629264,39.173091,0
            -94.629636,39.173155,0
            -94.62999,39.173236,0
            -94.631133,39.173574,0
            -94.631287,39.173616,0
            -94.635371,39.174723,0
            -94.638966,39.175543,0
            -94.639039,39.175559,0
            -94.639152,39.175584,0
            -94.643336,39.176523,0
            -94.64513,39.176964,0
            -94.646661,39.17738,0
            -94.648488,39.17787,0
            -94.648824,39.177961,0
            -94.650316,39.178363,0
            -94.652335,39.178896,0
            -94.652631,39.178972,0
            -94.653005,39.179062,0
            -94.653321,39.179125,0
            -94.653587,39.179169,0
            -94.654154,39.179252,0
            -94.654613,39.179304,0
            -94.6552,39.179361,0
            -94.655908,39.179421,0
            -94.656363,39.179465,0
            -94.656637,39.179499,0
            -94.656835,39.179535,0
            -94.657056,39.179579,0
            -94.657347,39.179647,0
            -94.657703,39.179742,0
            -94.657826,39.179777,0
            -94.657999,39.17982,0
            -94.659819,39.180464,0
            -94.661601,39.181093,0
            -94.66256,39.181432,0
            -94.663878,39.181902,0
            -94.665363,39.182432,0
            -94.674608,39.18573,0
          </coordinates>
        </LineString>
        <LineString>
          <tessellate>1</tessellate>
          <coordinates>
            -94.674608,39.18573,0
            -94.676216,39.186304,0
            -94.67791,39.187009,0
            -94.678815,39.187414,0
            -94.679719,39.187819,0
            -94.680379,39.188139,0
            -94.680852,39.188345,0
            -94.681555,39.188652,0
            -94.681882,39.188785,0
            -94.682078,39.188843,0
            -94.682105,39.188851,0
            -94.682239,39.188878,0
            -94.682265,39.188886,0
            -94.682597,39.188965,0
            -94.682753,39.189006,0
            -94.682816,39.189056,0
            -94.682849,39.189089,0
            -94.682905,39.189178,0
            -94.68292,39.18925,0
            -94.68292,39.189369,0
            -94.68292,39.189555,0
            -94.682919,39.189622,0
            -94.682919,39.189647,0
            -94.682917,39.189789,0
            -94.682914,39.190164,0
          </coordinates>
        </LineString>
        <LineString>
          <tessellate>1</tessellate>
          <coordinates>
            -94.682914,39.190164,0
            -94.682912,39.190348,0
            -94.682913,39.190904,0
            -94.682914,39.190965,0
            -94.682915,39.191079,0
            -94.682917,39.191281,0
            -94.682919,39.191464,0
            -94.682915,39.191931,0
            -94.682917,39.191947,0
            -94.682923,39.191998,0
            -94.682925,39.19212,0
            -94.682927,39.192269,0
            -94.682933,39.192553,0
            -94.682938,39.193036,0
            -94.682884,39.193338,0
            -94.682866,39.193397,0
            -94.682709,39.193929,0
            -94.68238,39.195051,0
            -94.682236,39.195483,0
            -94.682211,39.195573,0
            -94.682006,39.196094,0
            -94.681914,39.196375,0
            -94.681903,39.196431,0
            -94.681872,39.196583,0
            -94.681859,39.196857,0
            -94.681865,39.197011,0
            -94.681917,39.197276,0
            -94.682355,39.198442,0
            -94.682404,39.198597,0
            -94.682438,39.198766,0
            -94.682461,39.199009,0
            -94.682461,39.199157,0
            -94.682454,39.199846,0
            -94.682403,39.20069,0
            -94.682356,39.201087,0
            -94.682347,39.201149,0
            -94.682302,39.201465,0
            -94.682298,39.201494,0
            -94.682289,39.201556,0
            -94.682282,39.2016,0
            -94.682251,39.201806,0
            -94.682211,39.202343,0
            -94.682204,39.202454,0
            -94.682199,39.202545,0
            -94.682187,39.202803,0
            -94.682189,39.203111,0
            -94.682189,39.20338,0
            -94.682199,39.203804,0
            -94.682207,39.203946,0
            -94.682213,39.204069,0
            -94.682255,39.20445,0
            -94.68229,39.204758,0
            -94.682317,39.204998,0
            -94.682398,39.205493,0
            -94.682432,39.205813,0
            -94.682517,39.206494,0
            -94.682517,39.206497,0
            -94.682524,39.206557,0
            -94.682532,39.206609,0
            -94.682563,39.206835,0
            -94.68257,39.20691,0
            -94.682603,39.207207,0
            -94.682604,39.207399,0
            -94.682588,39.207616,0
            -94.682549,39.207836,0
            -94.682485,39.208056,0
            -94.682407,39.208238,0
            -94.682348,39.208329,0
            -94.682094,39.208719,0
            -94.681855,39.209076,0
            -94.681704,39.209301,0
            -94.681545,39.209538,0
            -94.681504,39.209598,0
            -94.681374,39.209671,0
            -94.681017,39.210224,0
          </coordinates>
        </LineString>
        <LineString>
          <tessellate>1</tessellate>
          <coordinates>
            -94.681017,39.210224,0
            -94.680993,39.210262,0
            -94.680769,39.21061,0
            -94.680666,39.210728,0
            -94.68058,39.210879,0
            -94.680751,39.210886,0
            -94.680939,39.210885,0
            -94.681404,39.210891,0
            -94.681658,39.210894,0
          </coordinates>
        </LineString>
        <LineString>
          <tessellate>1</tessellate>
          <coordinates>
            -94.681658,39.210894,0
            -94.683212,39.210913,0
            -94.684085,39.210923,0
            -94.684424,39.210927,0
            -94.684802,39.210932,0
            -94.684952,39.210933,0
            -94.685089,39.210932,0
            -94.685913,39.210921,0
            -94.686973,39.210907,0
            -94.687046,39.210906,0
            -94.687263,39.210898,0
            -94.688424,39.210853,0
            -94.688479,39.210851,0
            -94.689786,39.210786,0
            -94.692059,39.210668,0
            -94.692918,39.210624,0
            -94.693407,39.210599,0
            -94.69403,39.210566,0
            -94.695986,39.210464,0
            -94.696696,39.210428,0
            -94.697019,39.210411,0
            -94.697161,39.210403,0
            -94.698873,39.21032,0
            -94.699407,39.210272,0
            -94.699675,39.210247,0
            -94.699813,39.21025,0
            -94.700014,39.210302,0
            -94.700078,39.210362,0
            -94.700154,39.210399,0
            -94.700241,39.210417,0
            -94.700331,39.210413,0
            -94.700415,39.210389,0
            -94.700486,39.210347,0
            -94.700511,39.210324,0
            -94.700745,39.210283,0
            -94.70116,39.2102,0
            -94.701314,39.210192,0
            -94.702252,39.21014,0
            -94.704863,39.209995,0
            -94.707256,39.209892,0
            -94.707596,39.209887,0
            -94.708251,39.20991,0
            -94.708877,39.209961,0
            -94.709824,39.210099,0
            -94.712313,39.2106,0
            -94.713737,39.21086,0
            -94.715705,39.211314,0
            -94.717262,39.211633,0
            -94.7174,39.211653,0
            -94.717845,39.211716,0
            -94.718145,39.211757,0
            -94.718474,39.211802,0
            -94.71922,39.211877,0
            -94.720031,39.211921,0
            -94.720946,39.211977,0
            -94.722898,39.212054,0
            -94.723963,39.212117,0
            -94.724284,39.212152,0
            -94.724647,39.212221,0
            -94.724786,39.212247,0
            -94.725289,39.212409,0
            -94.725744,39.212581,0
            -94.726169,39.21281,0
            -94.726196,39.212829,0
            -94.726514,39.213048,0
            -94.726825,39.213304,0
            -94.727859,39.214416,0
            -94.730375,39.217123,0
            -94.73057,39.217331,0
            -94.730931,39.217715,0
            -94.731401,39.218087,0
            -94.731519,39.218181,0
            -94.732297,39.218716,0
            -94.733002,39.21912,0
            -94.733972,39.219551,0
          </coordinates>
        </LineString>
        <LineString>
          <tessellate>1</tessellate>
          <coordinates>
            -94.733972,39.219551,0
            -94.734609,39.219793,0
            -94.734727,39.219843,0
            -94.73477,39.219873,0
            -94.734825,39.219922,0
            -94.734864,39.219991,0
            -94.734902,39.220065,0
            -94.734966,39.220126,0
            -94.735039,39.220165,0
            -94.735122,39.220189,0
            -94.73521,39.220195,0
            -94.735274,39.220189,0
            -94.735336,39.220173,0
            -94.735456,39.220142,0
            -94.735536,39.220132,0
            -94.735618,39.22014,0
            -94.735763,39.220168,0
            -94.735945,39.22022,0
            -94.736287,39.22033,0
            -94.736975,39.220555,0
            -94.737477,39.220718,0
            -94.738829,39.221172,0
            -94.739253,39.221313,0
            -94.741342,39.22199,0
            -94.742749,39.222464,0
            -94.742799,39.22248,0
            -94.743043,39.22256,0
            -94.743452,39.222694,0
            -94.743853,39.222823,0
            -94.744502,39.223033,0
            -94.745618,39.223379,0
            -94.746599,39.223698,0
            -94.747725,39.224065,0
            -94.74886,39.224433,0
            -94.750056,39.224822,0
            -94.750424,39.224945,0
            -94.750785,39.225053,0
            -94.751168,39.225134,0
            -94.751401,39.225177,0
            -94.751852,39.225229,0
            -94.752283,39.225243,0
            -94.752745,39.225233,0
            -94.753443,39.22518,0
            -94.754286,39.225135,0
            -94.755094,39.225119,0
            -94.755822,39.225097,0
            -94.75593,39.225081,0
            -94.755982,39.225076,0
            -94.75603,39.225079,0
            -94.756087,39.225085,0
            -94.756148,39.225106,0
            -94.756229,39.225143,0
            -94.756381,39.225209,0
            -94.756451,39.225245,0
            -94.756536,39.225263,0
            -94.756608,39.225259,0
            -94.756661,39.225251,0
            -94.756713,39.225234,0
            -94.756906,39.225191,0
            -94.757195,39.225145,0
            -94.757404,39.225132,0
            -94.757609,39.225127,0
            -94.758603,39.22512,0
            -94.758745,39.225116,0
            -94.75995,39.225089,0
            -94.760139,39.225085,0
            -94.760314,39.225081,0
            -94.760633,39.225074,0
            -94.760966,39.225066,0
            -94.761277,39.22506,0
            -94.762562,39.225031,0
            -94.76305,39.22502,0
            -94.763339,39.225014,0
            -94.764109,39.225004,0
            -94.764812,39.224972,0
            -94.765795,39.224932,0
            -94.766178,39.224921,0
            -94.766343,39.22492,0
            -94.767037,39.224914,0
            -94.767493,39.22491,0
            -94.767825,39.224927,0
            -94.768402,39.22501,0
            -94.768457,39.225026,0
            -94.768616,39.22507,0
            -94.769775,39.225392,0
            -94.770295,39.225516,0
            -94.772208,39.22606,0
            -94.77225,39.226073,0
            -94.774077,39.226617,0
            -94.775029,39.227008,0
            -94.77536,39.227174,0
            -94.775935,39.227462,0
            -94.776088,39.227565,0
            -94.776783,39.228028,0
            -94.777049,39.228207,0
            -94.77822,39.229128,0
            -94.778587,39.229437,0
            -94.779917,39.230505,0
            -94.78012,39.230675,0
            -94.781364,39.231629,0
            -94.781854,39.23189,0
            -94.782395,39.232113,0
            -94.783575,39.232435,0
            -94.785169,39.23287,0
            -94.788555,39.233777,0
            -94.789919,39.234142,0
            -94.792085,39.234723,0
            -94.79315,39.235008,0
            -94.794473,39.235362,0
            -94.79534,39.235595,0
            -94.796244,39.235837,0
            -94.798675,39.236488,0
            -94.799173,39.236616,0
            -94.799654,39.236774,0
            -94.799983,39.236904,0
            -94.800272,39.237043,0
            -94.800395,39.237116,0
            -94.80072,39.237348,0
            -94.800951,39.237585,0
            -94.801201,39.237946,0
            -94.801233,39.237992,0
            -94.801586,39.238872,0
            -94.801896,39.239722,0
          </coordinates>
        </LineString>
        <LineString>
          <tessellate>1</tessellate>
          <coordinates>
            -94.801896,39.239722,0
            -94.802268,39.240743,0
            -94.803435,39.24406,0
            -94.80478,39.247684,0
            -94.805597,39.249881,0
            -94.806546,39.252426,0
            -94.806994,39.253636,0
            -94.807063,39.253813,0
            -94.807581,39.255201,0
            -94.807996,39.256137,0
            -94.808555,39.257059,0
            -94.80906,39.257835,0
            -94.809565,39.25847,0
            -94.810341,39.259281,0
            -94.810972,39.259911,0
            -94.812501,39.261233,0
            -94.814782,39.263206,0
            -94.815845,39.264125,0
            -94.817157,39.265281,0
            -94.818763,39.266678,0
            -94.818974,39.266878,0
            -94.819033,39.266924,0
            -94.823247,39.270607,0
            -94.823538,39.270915,0
            -94.824131,39.271589,0
            -94.824675,39.272155,0
            -94.825767,39.273113,0
            -94.826039,39.27333,0
            -94.827689,39.274776,0
            -94.828448,39.275431,0
            -94.828673,39.275618,0
            -94.830014,39.276548,0
            -94.830315,39.276772,0
            -94.831511,39.277811,0
            -94.832517,39.278708,0
            -94.833515,39.279575,0
            -94.833987,39.280044,0
            -94.834228,39.280332,0
            -94.834721,39.280976,0
            -94.834919,39.281249,0
            -94.835165,39.281588,0
            -94.835962,39.282702,0
            -94.836616,39.283636,0
            -94.836906,39.284051,0
            -94.837143,39.284435,0
            -94.837216,39.284553,0
            -94.83788,39.28563,0
            -94.839501,39.288556,0
            -94.839549,39.288643,0
            -94.840229,39.289845,0
            -94.841501,39.292094,0
            -94.844154,39.29682,0
            -94.845828,39.299822,0
            -94.846051,39.300236,0
            -94.846919,39.301954,0
            -94.847315,39.302901,0
            -94.847512,39.30337,0
            -94.847739,39.303944,0
            -94.848623,39.30618,0
            -94.849188,39.307628,0
            -94.850454,39.31087,0
            -94.850469,39.310907,0
            -94.851272,39.31264,0
            -94.851433,39.312987,0
            -94.851468,39.313063,0
            -94.852255,39.314886,0
            -94.852406,39.315274,0
            -94.853094,39.317046,0
            -94.854577,39.321322,0
            -94.854841,39.322004,0
            -94.854906,39.322172,0
            -94.854919,39.322206,0
            -94.854995,39.322404,0
            -94.855107,39.322687,0
            -94.856353,39.32584,0
            -94.857138,39.32786,0
            -94.858532,39.331447,0
            -94.859591,39.334169,0
            -94.859721,39.334505,0
            -94.86034,39.336099,0
            -94.861009,39.337835,0
            -94.861397,39.338988,0
            -94.861568,39.339384,0
            -94.862294,39.341338,0
            -94.862737,39.342522,0
            -94.863395,39.344174,0
            -94.864229,39.346285,0
            -94.864947,39.348162,0
            -94.865513,39.349626,0
            -94.865941,39.350716,0
          </coordinates>
        </LineString>
        <LineString>
          <tessellate>1</tessellate>
          <coordinates>
            -94.865941,39.350716,0
            -94.866733,39.352735,0
            -94.869638,39.360194,0
            -94.871023,39.363774,0
            -94.871086,39.364049,0
            -94.871131,39.364335,0
            -94.871113,39.36466,0
            -94.871098,39.364726,0
            -94.871005,39.365141,0
            -94.870915,39.365332,0
            -94.870835,39.365502,0
            -94.87077,39.365639,0
            -94.870626,39.365852,0
            -94.870306,39.366191,0
            -94.869913,39.36648,0
            -94.868387,39.367415,0
            -94.868116,39.367618,0
            -94.867878,39.367802,0
            -94.867446,39.368185,0
            -94.867372,39.368267,0
            -94.866815,39.368927,0
            -94.866553,39.369327,0
            -94.866489,39.369425,0
            -94.86604,39.370402,0
            -94.865482,39.372046,0
          </coordinates>
        </LineString>
        <LineString>
          <tessellate>1</tessellate>
          <coordinates>
            -94.865482,39.372046,0
            -94.865026,39.373392,0
            -94.864844,39.373934,0
            -94.864636,39.374556,0
            -94.864126,39.376111,0
            -94.864089,39.376255,0
            -94.864047,39.376439,0
            -94.864032,39.37652,0
            -94.863973,39.37689,0
            -94.863948,39.377115,0
            -94.863918,39.377557,0
            -94.863901,39.378076,0
            -94.863899,39.378136,0
            -94.864025,39.378905,0
            -94.864065,39.379068,0
            -94.864528,39.381054,0
            -94.864748,39.382007,0
            -94.86508,39.383368,0
            -94.865169,39.38409,0
            -94.865127,39.384986,0
            -94.865088,39.385363,0
            -94.864987,39.385873,0
            -94.864715,39.386854,0
            -94.864696,39.38692,0
            -94.863587,39.390915,0
            -94.86348,39.391454,0
            -94.863403,39.392882,0
            -94.863365,39.393526,0
            -94.863159,39.397617,0
            -94.863139,39.398474,0
            -94.863119,39.399126,0
            -94.863215,39.399714,0
            -94.863271,39.400034,0
            -94.8634,39.400854,0
            -94.863534,39.401443,0
            -94.863723,39.402016,0
            -94.864078,39.402843,0
            -94.864343,39.403308,0
            -94.864646,39.40384,0
            -94.865143,39.404634,0
            -94.865928,39.405645,0
            -94.866884,39.406565,0
            -94.867624,39.407206,0
            -94.868085,39.40755,0
            -94.868616,39.407945,0
            -94.869915,39.408768,0
            -94.870275,39.408965,0
            -94.870565,39.409123,0
            -94.871575,39.409542,0
            -94.87291,39.410057,0
            -94.873927,39.410378,0
          </coordinates>
        </LineString>
        <LineString>
          <tessellate>1</tessellate>
          <coordinates>
            -94.873927,39.410378,0
            -94.881303,39.412706,0
            -94.881768,39.412843,0
            -94.882497,39.413071,0
            -94.882661,39.413122,0
            -94.883814,39.413483,0
            -94.884974,39.413845,0
            -94.885539,39.414022,0
            -94.886194,39.414257,0
            -94.887235,39.414611,0
            -94.88774,39.414859,0
            -94.887882,39.414948,0
            -94.888534,39.41536,0
            -94.889714,39.416343,0
            -94.889919,39.416514,0
            -94.890184,39.416752,0
            -94.890317,39.416872,0
            -94.891249,39.417713,0
            -94.894218,39.420308,0
            -94.894457,39.420504,0
            -94.894647,39.420648,0
            -94.895251,39.421105,0
            -94.895713,39.421389,0
            -94.896629,39.42176,0
            -94.89737,39.421987,0
            -94.897451,39.422012,0
            -94.897825,39.422105,0
            -94.898433,39.422256,0
            -94.898829,39.422346,0
            -94.89932,39.422458,0
            -94.899373,39.42247,0
            -94.899738,39.422553,0
            -94.899813,39.42257,0
            -94.89986,39.422581,0
            -94.900652,39.42278,0
            -94.90125,39.422948,0
            -94.901261,39.422951,0
            -94.901821,39.423125,0
            -94.902354,39.423337,0
            -94.902753,39.423492,0
            -94.903304,39.423775,0
            -94.903942,39.424121,0
            -94.9043,39.424355,0
            -94.904957,39.424833,0
            -94.905391,39.425205,0
            -94.905721,39.425533,0
            -94.908803,39.428594,0
            -94.909399,39.429196,0
            -94.91028,39.430085,0
            -94.911201,39.430987,0
            -94.91228,39.432063,0
            -94.912662,39.432449,0
            -94.913735,39.433531,0
            -94.913783,39.43358,0
            -94.914191,39.433994,0
            -94.914381,39.434128,0
            -94.914738,39.434379,0
            -94.915009,39.434547,0
            -94.915085,39.434593,0
            -94.915607,39.434823,0
            -94.916606,39.435156,0
            -94.917388,39.435254,0
            -94.918171,39.435283,0
            -94.91991,39.435216,0
            -94.920596,39.435233,0
            -94.921208,39.435287,0
            -94.921413,39.435316,0
            -94.922511,39.435473,0
            -94.923722,39.435698,0
            -94.925155,39.435964,0
            -94.92816,39.436489,0
            -94.930148,39.436836,0
            -94.931375,39.43705,0
            -94.931588,39.437088,0
            -94.932171,39.437192,0
            -94.932753,39.437296,0
            -94.934674,39.437603,0
            -94.938004,39.438136,0
            -94.940648,39.438506,0
            -94.942348,39.438735,0
            -94.94302,39.438882,0
            -94.943597,39.439028,0
            -94.944052,39.439192,0
            -94.944277,39.439303,0
            -94.944897,39.43959,0
            -94.945311,39.439831,0
            -94.945975,39.440299,0
            -94.946511,39.440782,0
            -94.947065,39.441456,0
            -94.947335,39.44186,0
            -94.948003,39.442766,0
            -94.948652,39.443602,0
            -94.949699,39.444585,0
            -94.950249,39.445044,0
            -94.95589,39.449374,0
            -94.956791,39.450055,0
            -94.959767,39.452352,0
            -94.960787,39.453144,0
          </coordinates>
        </LineString>
        <LineString>
          <tessellate>1</tessellate>
          <coordinates>
            -94.960787,39.453144,0
            -94.962136,39.454193,0
            -94.964617,39.456044,0
            -94.966168,39.457232,0
            -94.96707,39.457929,0
            -94.967839,39.458632,0
            -94.969052,39.459732,0
            -94.971267,39.461784,0
            -94.973234,39.46357,0
            -94.974633,39.464845,0
            -94.974954,39.465137,0
            -94.978237,39.468122,0
            -94.979888,39.469762,0
            -94.983136,39.473064,0
            -94.983178,39.473107,0
            -94.983364,39.473298,0
            -94.984095,39.474044,0
            -94.985457,39.475442,0
            -94.987005,39.477217,0
            -94.990624,39.481567,0
            -94.991847,39.483078,0
            -94.995168,39.486995,0
            -94.996458,39.488599,0
            -94.999167,39.49236,0
            -94.999333,39.492592,0
            -95.000327,39.494005,0
            -95.000769,39.494634,0
            -95.001161,39.495192,0
            -95.00151,39.495607,0
            -95.002034,39.496175,0
            -95.003684,39.497954,0
            -95.003796,39.49807,0
            -95.005553,39.499847,0
            -95.009342,39.503716,0
            -95.011529,39.505984,0
            -95.0117,39.506162,0
            -95.011791,39.50626,0
            -95.015522,39.510093,0
            -95.018045,39.512695,0
            -95.019407,39.5141,0
            -95.020211,39.514954,0
            -95.021471,39.516236,0
            -95.023413,39.518249,0
            -95.024315,39.519162,0
            -95.025082,39.519964,0
            -95.026185,39.521122,0
            -95.026661,39.521573,0
            -95.031291,39.526371,0
            -95.032157,39.527304,0
            -95.035904,39.531137,0
            -95.036762,39.532056,0
            -95.037427,39.532916,0
            -95.037751,39.533425,0
            -95.038969,39.535341,0
            -95.039671,39.536601,0
            -95.042395,39.541747,0
            -95.042621,39.542199,0
            -95.043767,39.544281,0
            -95.044078,39.545019,0
            -95.044753,39.54699,0
            -95.044988,39.547733,0
            -95.04533,39.548322,0
            -95.045609,39.548706,0
            -95.045982,39.549175,0
            -95.046525,39.549917,0
            -95.046697,39.550213,0
            -95.04685,39.550499,0
            -95.047046,39.551023,0
            -95.047152,39.551503,0
            -95.047243,39.552064,0
            -95.047213,39.552684,0
            -95.047129,39.553211,0
            -95.046488,39.555185,0
            -95.046177,39.556124,0
            -95.04601,39.556627,0
            -95.045834,39.557281,0
            -95.045476,39.558286,0
            -95.044766,39.560261,0
            -95.044747,39.560318,0
            -95.044077,39.562408,0
            -95.042682,39.566536,0
            -95.041161,39.571123,0
            -95.038672,39.578637,0
            -95.038571,39.579006,0
            -95.038041,39.580932,0
            -95.037517,39.581919,0
            -95.035892,39.583956,0
            -95.03516,39.584858,0
            -95.034902,39.585145,0
            -95.033902,39.586338,0
            -95.033354,39.587041,0
            -95.032743,39.587788,0
            -95.032172,39.588502,0
            -95.032033,39.588669,0
            -95.031616,39.589167,0
            -95.031316,39.589526,0
            -95.030793,39.590142,0
            -95.03039,39.590647,0
            -95.029946,39.591182,0
            -95.028575,39.592879,0
            -95.028303,39.593247,0
            -95.027964,39.593738,0
            -95.027622,39.594264,0
            -95.027354,39.594748,0
            -95.027103,39.59518,0
            -95.026617,39.596047,0
            -95.026392,39.596481,0
            -95.026223,39.596779,0
            -95.025708,39.597724,0
            -95.025437,39.598248,0
            -95.024988,39.599044,0
            -95.024256,39.600417,0
            -95.023903,39.601112,0
            -95.023431,39.601981,0
            -95.023084,39.602656,0
            -95.022901,39.602997,0
            -95.022678,39.603387,0
            -95.022466,39.603728,0
            -95.022237,39.604053,0
            -95.021983,39.604391,0
            -95.021716,39.604699,0
            -95.021226,39.605192,0
            -95.020513,39.605804,0
            -95.018715,39.607205,0
            -95.017751,39.607966,0
            -95.017069,39.60852,0
            -95.016257,39.609138,0
            -95.014966,39.610153,0
            -95.014124,39.610824,0
            -95.013127,39.611595,0
            -95.012789,39.611843,0
            -95.012468,39.612047,0
            -95.01206,39.612282,0
            -95.011504,39.612594,0
            -95.011183,39.612767,0
            -95.010801,39.612973,0
            -95.008776,39.614082,0
            -95.007937,39.614514,0
            -95.007917,39.614524,0
            -95.006307,39.615384,0
            -95.005106,39.616035,0
            -95.004542,39.616341,0
            -95.003911,39.616668,0
            -95.003344,39.616977,0
            -95.002912,39.617218,0
            -95.002351,39.617532,0
            -95.001461,39.617999,0
            -95.000808,39.61835,0
            -95.000416,39.61856,0
            -95.000007,39.61878,0
            -94.996561,39.620646,0
            -94.995212,39.621356,0
            -94.993799,39.622116,0
            -94.993664,39.622189,0
            -94.988399,39.625022,0
            -94.98747,39.625513,0
            -94.986249,39.626195,0
            -94.985745,39.626458,0
            -94.983378,39.627724,0
            -94.982851,39.628012,0
            -94.982593,39.628153,0
            -94.980333,39.629352,0
            -94.979356,39.629879,0
            -94.978474,39.630351,0
            -94.976703,39.631313,0
            -94.975891,39.631738,0
            -94.974181,39.632646,0
            -94.973568,39.632982,0
            -94.973212,39.633177,0
            -94.972489,39.633572,0
            -94.97144,39.634144,0
            -94.970653,39.634556,0
            -94.969832,39.635001,0
            -94.969341,39.635256,0
            -94.968748,39.635564,0
            -94.968637,39.635625,0
            -94.967685,39.636154,0
            -94.966555,39.636758,0
            -94.964167,39.638059,0
            -94.964036,39.63813,0
            -94.963493,39.638422,0
            -94.962904,39.638731,0
            -94.96256,39.638934,0
            -94.961497,39.639496,0
            -94.960136,39.640229,0
            -94.959317,39.640676,0
            -94.959007,39.640849,0
            -94.957794,39.641494,0
            -94.956761,39.642039,0
            -94.955559,39.642697,0
            -94.955066,39.642951,0
            -94.951342,39.644957,0
            -94.950977,39.645144,0
            -94.950227,39.64556,0
            -94.947771,39.646875,0
            -94.945472,39.648104,0
            -94.943121,39.649352,0
            -94.942104,39.649909,0
            -94.941426,39.650267,0
            -94.940887,39.650566,0
            -94.938122,39.652031,0
            -94.937505,39.652374,0
            -94.936121,39.653101,0
            -94.93544,39.653478,0
            -94.934126,39.654165,0
            -94.93363,39.654451,0
            -94.931544,39.655589,0
            -94.930081,39.656387,0
            -94.929445,39.656744,0
            -94.928911,39.657118,0
            -94.928368,39.657574,0
            -94.927872,39.658075,0
            -94.927582,39.658382,0
            -94.927274,39.658693,0
            -94.926996,39.658982,0
            -94.926415,39.659444,0
            -94.925707,39.659872,0
            -94.924977,39.660223,0
            -94.923998,39.660548,0
            -94.921467,39.661218,0
            -94.920776,39.661398,0
            -94.920243,39.661576,0
            -94.919876,39.661732,0
            -94.919498,39.661928,0
            -94.919123,39.662126,0
            -94.918788,39.662329,0
            -94.918544,39.662513,0
            -94.91823,39.66277,0
            -94.917831,39.663165,0
            -94.917556,39.663479,0
            -94.91709,39.664181,0
            -94.916901,39.664573,0
            -94.916697,39.665111,0
            -94.916484,39.665969,0
            -94.916403,39.66623,0
            -94.916282,39.666564,0
            -94.916153,39.666888,0
            -94.916076,39.667015,0
            -94.915639,39.667625,0
            -94.915413,39.667904,0
            -94.915025,39.668322,0
            -94.914404,39.668977,0
          </coordinates>
        </LineString>
        <LineString>
          <tessellate>1</tessellate>
          <coordinates>
            -94.914404,39.668977,0
            -94.914209,39.669183,0
            -94.913755,39.669673,0
            -94.913415,39.670028,0
            -94.913025,39.67046,0
            -94.912732,39.670766,0
            -94.912225,39.671314,0
            -94.911696,39.671868,0
            -94.90999,39.673721,0
            -94.909566,39.674167,0
            -94.907991,39.675866,0
            -94.907742,39.676131,0
            -94.906343,39.677632,0
            -94.905892,39.678128,0
            -94.905175,39.678901,0
            -94.90484,39.679244,0
            -94.904376,39.679758,0
            -94.903533,39.680663,0
            -94.902828,39.681394,0
            -94.902341,39.681935,0
            -94.901769,39.682554,0
            -94.901583,39.682742,0
            -94.900387,39.68403,0
            -94.900013,39.684426,0
            -94.899604,39.684873,0
            -94.89933,39.685161,0
            -94.898981,39.685545,0
            -94.898316,39.686247,0
            -94.897827,39.686771,0
            -94.897337,39.687316,0
            -94.897163,39.687504,0
            -94.896512,39.688187,0
            -94.896302,39.688424,0
            -94.895998,39.688747,0
            -94.895309,39.689497,0
            -94.894563,39.6903,0
            -94.894175,39.690728,0
            -94.893647,39.691276,0
            -94.892368,39.69265,0
            -94.891873,39.693155,0
            -94.891636,39.693409,0
            -94.891454,39.693594,0
            -94.891085,39.693919,0
            -94.890865,39.694122,0
            -94.890573,39.694377,0
            -94.890026,39.694916,0
            -94.889759,39.695206,0
            -94.889225,39.695798,0
            -94.888212,39.696838,0
            -94.887761,39.697342,0
            -94.887342,39.697811,0
            -94.886986,39.698176,0
            -94.886826,39.698345,0
            -94.886247,39.698962,0
            -94.885786,39.699498,0
            -94.885386,39.700069,0
            -94.885171,39.700358,0
            -94.884816,39.700777,0
            -94.884455,39.70118,0
            -94.883778,39.701883,0
            -94.883386,39.70233,0
            -94.883281,39.702443,0
            -94.883003,39.702743,0
            -94.882505,39.703291,0
            -94.881934,39.703862,0
            -94.880974,39.704896,0
            -94.880437,39.705481,0
            -94.880079,39.70585,0
            -94.879882,39.706052,0
            -94.878915,39.707113,0
            -94.877962,39.708135,0
            -94.877446,39.70867,0
            -94.877009,39.709149,0
            -94.876647,39.709546,0
            -94.876145,39.710087,0
            -94.875764,39.710486,0
            -94.875386,39.710884,0
            -94.875253,39.711024,0
            -94.875003,39.711252,0
            -94.874852,39.711397,0
            -94.874672,39.711535,0
            -94.874454,39.711668,0
            -94.874365,39.711736,0
            -94.874282,39.711799,0
            -94.874233,39.711824,0
            -94.874016,39.711937,0
            -94.873956,39.711968,0
            -94.873572,39.71214,0
            -94.873,39.712383,0
            -94.872583,39.712555,0
            -94.872413,39.712648,0
            -94.872135,39.7128,0
            -94.872046,39.712849,0
            -94.871828,39.713,0
            -94.871499,39.71327,0
            -94.87129,39.71346,0
            -94.87102,39.713738,0
            -94.870936,39.713825,0
            -94.870833,39.713931,0
            -94.870639,39.714137,0
            -94.87062,39.714157,0
            -94.87024,39.714576,0
            -94.869829,39.715009,0
            -94.869412,39.715454,0
            -94.869026,39.715878,0
            -94.868611,39.716327,0
            -94.868549,39.716394,0
            -94.86848,39.716467,0
            -94.868202,39.716767,0
            -94.867782,39.717211,0
            -94.867376,39.717636,0
            -94.867035,39.718006,0
            -94.866965,39.71808,0
            -94.866537,39.71854,0
            -94.866194,39.718941,0
            -94.865922,39.719259,0
            -94.865815,39.719368,0
            -94.865754,39.719409,0
            -94.865676,39.719445,0
            -94.865559,39.719447,0
            -94.86545,39.719507,0
            -94.865351,39.71958,0
            -94.864646,39.720321,0
            -94.864285,39.720699,0
            -94.864084,39.72091,0
            -94.86395,39.721062,0
            -94.863632,39.721422,0
            -94.863462,39.721615,0
            -94.863331,39.721777,0
            -94.862983,39.722133,0
            -94.862659,39.722484,0
            -94.862319,39.722852,0
            -94.861939,39.72325,0
            -94.861335,39.723874,0
            -94.861232,39.723987,0
            -94.860887,39.724365,0
            -94.860578,39.724702,0
            -94.860244,39.72507,0
            -94.860093,39.725237,0
            -94.859908,39.725439,0
            -94.859864,39.725487,0
            -94.859736,39.725629,0
            -94.859554,39.725821,0
            -94.859412,39.726001,0
            -94.859326,39.726156,0
            -94.859262,39.726406,0
            -94.859224,39.726548,0
            -94.859184,39.726643,0
            -94.859085,39.726784,0
            -94.85879,39.727155,0
            -94.857769,39.728459,0
            -94.856831,39.729667,0
            -94.855733,39.731094,0
            -94.854534,39.732633,0
            -94.853642,39.7338,0
            -94.853137,39.734453,0
            -94.853016,39.734622,0
            -94.852915,39.734777,0
            -94.852851,39.734892,0
            -94.85281,39.73501,0
            -94.852768,39.735159,0
            -94.852753,39.735277,0
            -94.852743,39.73542,0
            -94.852763,39.736687,0
            -94.852769,39.736935,0
          </coordinates>
        </LineString>
        <LineString>
          <tessellate>1</tessellate>
          <coordinates>
            -94.852769,39.736935,0
            -94.852818,39.738869,0
            -94.852824,39.739069,0
            -94.852824,39.739547,0
            -94.852824,39.74022,0
            -94.852824,39.740763,0
            -94.852824,39.740967,0
            -94.852827,39.74117,0
            -94.852815,39.74167,0
            -94.852836,39.741894,0
            -94.852834,39.742462,0
            -94.852843,39.743371,0
            -94.852854,39.743871,0
            -94.852856,39.744801,0
            -94.852842,39.745531,0
          </coordinates>
        </LineString>
        <LineString>
          <tessellate>1</tessellate>
          <coordinates>
            -94.852842,39.745531,0
            -94.852839,39.74566,0
            -94.852834,39.745914,0
            -94.852837,39.746826,0
            -94.852849,39.748154,0
            -94.852848,39.748387,0
            -94.852847,39.748567,0
            -94.852847,39.748648,0
            -94.852846,39.748773,0
            -94.852846,39.748828,0
            -94.852846,39.748877,0
            -94.852845,39.749057,0
            -94.852841,39.750146,0
            -94.852836,39.75151,0
            -94.85283,39.752442,0
            -94.852829,39.752588,0
            -94.852838,39.753141,0
            -94.852833,39.753371,0
            -94.852832,39.753939,0
            -94.852829,39.754294,0
            -94.85282,39.754624,0
            -94.852825,39.755446,0
            -94.852834,39.75667,0
            -94.852855,39.757195,0
            -94.852857,39.757403,0
            -94.852849,39.757909,0
            -94.852854,39.75902,0
            -94.852157,39.759019,0
            -94.851819,39.759019,0
            -94.851665,39.759017,0
          </coordinates>
        </LineString>
        <LineString>
          <tessellate>1</tessellate>
          <coordinates>
            -94.851665,39.759017,0
            -94.85125,39.759012,0
            -94.850642,39.759004,0
            -94.849337,39.758991,0
            -94.84934,39.7581,0
            -94.849342,39.757755,0
            -94.849333,39.757195,0
            -94.84932,39.756293,0
            -94.849316,39.755844,0
            -94.849315,39.755334,0
            -94.849054,39.755326,0
            -94.848682,39.755314,0
            -94.848494,39.75531,0
            -94.848029,39.755297,0
            -94.848029,39.75584,0
            -94.84803,39.755935,0
          </coordinates>
        </LineString>
      </MultiGeometry>
    </Placemark>
    <Placemark>