
      <name>F: St. Joseph To Beatrice</name>
      <description>Approx 138 miles</description>
      <styleUrl>#line-0288D1-6231</styleUrl>
      <MultiGeometry>
        <LineString>
          <tessellate>1</tessellate>
          <coordinates>
            -94.84803,39.755923,0
            -94.848036,39.756292,0
            -94.848512,39.756293,0
            -94.84932,39.756293,0
            -94.849316,39.755844,0
          </coordinates>
        </LineString>
        <LineString>
          <tessellate>1</tessellate>
          <coordinates>
            -94.849316,39.755844,0
            -94.849315,39.755334,0
            -94.84931,39.75453,0
            -94.849306,39.75448,0
            -94.849308,39.754443,0
            -94.8493,39.753553,0
            -94.8493,39.75261,0
            -94.849283,39.751678,0
            -94.849285,39.750754,0
            -94.849356,39.75067,0
            -94.849483,39.750497,0
            -94.849546,39.750395,0
            -94.84961,39.750273,0
            -94.849637,39.750194,0
            -94.849657,39.750103,0
            -94.849644,39.749642,0
            -94.849646,39.749575,0
          </coordinates>
        </LineString>
        <LineString>
          <tessellate>1</tessellate>
          <coordinates>
            -94.849646,39.749575,0
            -94.849647,39.749544,0
            -94.849665,39.74946,0
            -94.849699,39.749371,0
            -94.849739,39.749292,0
            -94.849777,39.749238,0
            -94.849829,39.749195,0
            -94.8499,39.749166,0
            -94.850291,39.749088,0
            -94.852425,39.748898,0
            -94.853178,39.748835,0
            -94.853284,39.748828,0
            -94.853493,39.748817,0
            -94.853573,39.748813,0
            -94.853704,39.748806,0
            -94.854565,39.748762,0
            -94.854649,39.748757,0
            -94.855141,39.748716,0
            -94.855665,39.74865,0
            -94.856416,39.748578,0
            -94.856821,39.748553,0
            -94.857325,39.748551,0
            -94.857915,39.748594,0
            -94.858679,39.748654,0
            -94.859709,39.748792,0
            -94.860573,39.748928,0
            -94.864089,39.749592,0
            -94.864897,39.749733,0
            -94.865617,39.749859,0
            -94.866197,39.74993,0
            -94.866354,39.74994,0
            -94.866854,39.74997,0
            -94.867446,39.749998,0
            -94.86804,39.749995,0
            -94.868687,39.749956,0
            -94.869203,39.749904,0
            -94.86982,39.749816,0
            -94.870187,39.749744,0
          </coordinates>
        </LineString>
        <LineString>
          <tessellate>1</tessellate>
          <coordinates>
            -94.870187,39.749744,0
            -94.87028,39.749726,0
            -94.870745,39.749621,0
            -94.871268,39.749479,0
            -94.871744,39.749324,0
            -94.87231,39.749117,0
            -94.872868,39.748878,0
            -94.873544,39.748547,0
            -94.874885,39.747828,0
            -94.876579,39.74693,0
            -94.878249,39.746047,0
            -94.879273,39.745526,0
            -94.8803,39.745032,0
            -94.881217,39.744628,0
            -94.882146,39.744235,0
            -94.883305,39.743778,0
            -94.884135,39.743472,0
            -94.885003,39.743172,0
            -94.886352,39.742749,0
            -94.887672,39.742367,0
            -94.888579,39.74213,0
            -94.889528,39.741903,0
            -94.89113,39.741561,0
            -94.892101,39.741374,0
            -94.893063,39.741215,0
            -94.893704,39.741122,0
            -94.893742,39.741117,0
            -94.893934,39.741092,0
            -94.894759,39.740983,0
            -94.895935,39.740849,0
            -94.897106,39.740746,0
            -94.897872,39.740696,0
            -94.898908,39.740644,0
            -94.899836,39.740623,0
            -94.902612,39.740591,0
            -94.906103,39.740576,0
            -94.911208,39.740556,0
            -94.912547,39.740552,0
            -94.913246,39.740574,0
            -94.913818,39.740619,0
            -94.914658,39.740723,0
            -94.915505,39.74088,0
            -94.916184,39.741048,0
            -94.916733,39.74121,0
            -94.917307,39.74141,0
            -94.917882,39.741641,0
            -94.918475,39.741908,0
            -94.918909,39.742128,0
            -94.919337,39.74237,0
            -94.919801,39.742654,0
            -94.920318,39.743013,0
            -94.920807,39.743387,0
            -94.921228,39.743776,0
            -94.921632,39.744165,0
            -94.922083,39.744616,0
            -94.923714,39.746265,0
            -94.924441,39.747013,0
            -94.924776,39.74732,0
            -94.925064,39.747572,0
            -94.925559,39.747958,0
            -94.925916,39.748208,0
            -94.92628,39.748462,0
            -94.927414,39.749145,0
            -94.928266,39.749677,0
            -94.929661,39.750484,0
            -94.931531,39.751548,0
            -94.93258,39.752193,0
            -94.935036,39.753704,0
            -94.935853,39.754207,0
            -94.935879,39.754223,0
            -94.936687,39.75472,0
            -94.937771,39.755385,0
            -94.939448,39.756414,0
            -94.939887,39.756679,0
            -94.941092,39.757409,0
            -94.941269,39.757514,0
            -94.941491,39.757651,0
            -94.942676,39.758375,0
            -94.945026,39.759802,0
            -94.945346,39.76001,0
            -94.945888,39.760345,0
            -94.946265,39.760577,0
            -94.94647,39.760673,0
            -94.946616,39.760734,0
            -94.946762,39.760775,0
            -94.946911,39.760807,0
            -94.947104,39.760817,0
            -94.947659,39.760809,0
            -94.94872,39.760799,0
            -94.948807,39.7608,0
            -94.948965,39.760803,0
            -94.94916,39.760822,0
            -94.949397,39.760875,0
            -94.949572,39.760932,0
            -94.949778,39.761015,0
            -94.950046,39.761166,0
            -94.9506,39.761522,0
            -94.950919,39.761718,0
            -94.951871,39.762339,0
            -94.952009,39.76243,0
            -94.952379,39.762701,0
            -94.952918,39.763183,0
            -94.953252,39.763531,0
            -94.953447,39.763734,0
            -94.955075,39.76546,0
            -94.955462,39.765865,0
            -94.957411,39.767933,0
            -94.958302,39.768878,0
            -94.958668,39.769337,0
            -94.95885,39.769592,0
            -94.959154,39.770045,0
            -94.959326,39.770355,0
            -94.959573,39.770852,0
            -94.959816,39.771379,0
            -94.959992,39.771725,0
            -94.960205,39.772098,0
            -94.960478,39.772502,0
            -94.960801,39.772883,0
            -94.961095,39.773198,0
            -94.961488,39.773562,0
            -94.96168,39.773722,0
            -94.961765,39.773792,0
            -94.962001,39.773973,0
            -94.962516,39.774299,0
            -94.962925,39.774515,0
            -94.963192,39.774654,0
            -94.963609,39.774853,0
            -94.964163,39.775067,0
            -94.964658,39.775236,0
            -94.965059,39.775359,0
            -94.96556,39.775448,0
            -94.965977,39.775523,0
            -94.966605,39.775597,0
            -94.969072,39.775861,0
            -94.969687,39.775953,0
            -94.970159,39.776044,0
            -94.970606,39.776146,0
            -94.971006,39.776257,0
            -94.971417,39.776382,0
            -94.971765,39.776503,0
            -94.972069,39.776617,0
            -94.972593,39.776836,0
            -94.972985,39.777025,0
            -94.973445,39.777276,0
            -94.973565,39.777347,0
            -94.973871,39.777527,0
            -94.974395,39.777876,0
            -94.974945,39.778276,0
            -94.975367,39.778568,0
            -94.975699,39.778793,0
            -94.97634,39.779258,0
            -94.97677,39.779528,0
            -94.977276,39.779818,0
            -94.977711,39.780028,0
            -94.978278,39.780261,0
            -94.978839,39.780456,0
            -94.979289,39.780582,0
            -94.97985,39.780711,0
            -94.980338,39.780798,0
            -94.980827,39.780852,0
            -94.981401,39.780906,0
            -94.981821,39.780923,0
            -94.986465,39.781107,0
            -94.987533,39.781156,0
            -94.988574,39.781232,0
            -94.989846,39.781352,0
            -94.991021,39.781484,0
            -94.997373,39.782199,0
            -94.998148,39.782252,0
            -94.9989,39.782279,0
            -94.99946,39.782269,0
            -94.99999,39.782251,0
            -95.000514,39.782215,0
            -95.001131,39.782159,0
            -95.002515,39.781962,0
            -95.003819,39.781787,0
            -95.004816,39.781691,0
            -95.00555,39.781641,0
            -95.005633,39.781635,0
            -95.006624,39.781615,0
            -95.007567,39.781613,0
            -95.00878,39.781672,0
            -95.009328,39.781718,0
            -95.009977,39.781796,0
            -95.010482,39.781861,0
            -95.010726,39.781892,0
            -95.021323,39.783449,0
            -95.022226,39.783579,0
            -95.022656,39.783642,0
            -95.023947,39.783845,0
            -95.025152,39.78406,0
            -95.025771,39.784184,0
            -95.026344,39.784302,0
            -95.030558,39.785295,0
            -95.034318,39.7862,0
            -95.035108,39.78639,0
            -95.035835,39.786588,0
            -95.036532,39.7868,0
            -95.037162,39.786999,0
            -95.037776,39.787208,0
            -95.038664,39.78755,0
            -95.039365,39.787833,0
            -95.040191,39.788188,0
            -95.04309,39.789483,0
            -95.047182,39.791283,0
            -95.051296,39.793091,0
            -95.051605,39.793198,0
            -95.051886,39.793287,0
            -95.052165,39.793356,0
            -95.052336,39.793398,0
            -95.052829,39.793482,0
            -95.053339,39.793537,0
            -95.05377,39.793559,0
            -95.05409,39.793562,0
            -95.054659,39.79354,0
            -95.055138,39.793509,0
            -95.057125,39.793391,0
            -95.05717,39.793388,0
            -95.064524,39.792954,0
            -95.064632,39.792947,0
            -95.068315,39.79273,0
            -95.07146,39.792545,0
            -95.072262,39.792518,0
            -95.072964,39.792525,0
            -95.073813,39.792573,0
            -95.074595,39.792651,0
            -95.075337,39.792764,0
            -95.076073,39.79291,0
            -95.076733,39.793053,0
            -95.080942,39.793972,0
            -95.081408,39.794066,0
            -95.081881,39.794151,0
            -95.082298,39.794216,0
            -95.08274,39.794281,0
            -95.083239,39.794341,0
            -95.083681,39.794387,0
            -95.084199,39.79443,0
            -95.084763,39.794468,0
            -95.085182,39.794486,0
            -95.085611,39.794497,0
            -95.086201,39.794507,0
            -95.087492,39.794491,0
            -95.091627,39.794513,0
            -95.092212,39.7945,0
            -95.093221,39.794471,0
            -95.096437,39.79447,0
            -95.097188,39.794487,0
            -95.097834,39.794531,0
            -95.098997,39.794659,0
            -95.100662,39.794835,0
            -95.101541,39.794951,0
            -95.10333,39.795419,0
            -95.113207,39.797492,0
            -95.114702,39.797738,0
            -95.115691,39.797857,0
            -95.117223,39.797951,0
            -95.118098,39.797961,0
            -95.124853,39.798069,0
            -95.132268,39.798071,0
            -95.137896,39.79806,0
            -95.139292,39.798033,0
            -95.143038,39.798081,0
            -95.143272,39.798084,0
            -95.147252,39.798134,0
            -95.148191,39.798132,0
            -95.152875,39.798155,0
            -95.158222,39.798192,0
            -95.159299,39.798259,0
            -95.160232,39.798347,0
            -95.16173,39.798543,0
            -95.16367,39.798909,0
            -95.166638,39.799519,0
            -95.171754,39.800571,0
            -95.173352,39.800895,0
            -95.174406,39.801131,0
            -95.175183,39.801338,0
            -95.176081,39.801621,0
            -95.177033,39.80196,0
            -95.17772,39.802211,0
            -95.178704,39.802636,0
            -95.179455,39.803009,0
            -95.180509,39.80355,0
            -95.181779,39.804203,0
            -95.186265,39.806521,0
            -95.188817,39.807815,0
            -95.19049,39.808711,0
            -95.191413,39.809192,0
            -95.19524,39.811397,0
            -95.197208,39.812524,0
            -95.198768,39.813435,0
            -95.202286,39.815458,0
            -95.203298,39.816043,0
            -95.206554,39.817894,0
            -95.218659,39.824881,0
            -95.222955,39.827312,0
            -95.227441,39.8299,0
            -95.23305,39.833096,0
            -95.23381,39.833481,0
            -95.234984,39.833996,0
            -95.23626,39.834469,0
            -95.237183,39.834768,0
            -95.238163,39.835037,0
            -95.239006,39.835242,0
            -95.239616,39.835356,0
            -95.240485,39.835516,0
            -95.246313,39.836542,0
            -95.260731,39.839067,0
            -95.261832,39.839246,0
            -95.26496,39.839791,0
            -95.265535,39.839888,0
            -95.26837,39.840429,0
            -95.269736,39.840672,0
            -95.276908,39.84187,0
            -95.278707,39.842012,0
            -95.283919,39.842111,0
            -95.294965,39.842141,0
            -95.298954,39.842136,0
            -95.302838,39.842132,0
            -95.307706,39.842122,0
            -95.321781,39.842101,0
            -95.328178,39.842082,0
            -95.335946,39.842057,0
            -95.338627,39.842043,0
            -95.339759,39.842038,0
            -95.339993,39.842037,0
            -95.340083,39.842037,0
            -95.341473,39.842031,0
            -95.342399,39.842043,0
            -95.343242,39.842074,0
            -95.344029,39.842111,0
            -95.345656,39.842223,0
            -95.349625,39.842523,0
            -95.350631,39.842601,0
            -95.351645,39.84267,0
            -95.352501,39.842699,0
            -95.353874,39.842677,0
            -95.354303,39.842663,0
            -95.355641,39.842609,0
            -95.356151,39.842572,0
            -95.356784,39.842523,0
            -95.357581,39.84243,0
            -95.358464,39.842317,0
            -95.358694,39.842287,0
            -95.359107,39.842234,0
            -95.361334,39.841945,0
            -95.362843,39.841711,0
            -95.363989,39.841547,0
            -95.365325,39.841407,0
            -95.366135,39.841339,0
            -95.366816,39.841281,0
            -95.367647,39.841227,0
            -95.36842,39.841186,0
            -95.369471,39.841157,0
            -95.374685,39.841176,0
            -95.377452,39.841176,0
            -95.378298,39.841172,0
            -95.386621,39.841169,0
            -95.393435,39.841161,0
            -95.396376,39.841157,0
            -95.39661,39.841157,0
            -95.396908,39.841156,0
            -95.403372,39.841157,0
            -95.406123,39.841147,0
            -95.409003,39.841181,0
            -95.410185,39.841228,0
            -95.411327,39.841272,0
            -95.412048,39.841316,0
            -95.41514,39.841519,0
            -95.415812,39.841568,0
            -95.418835,39.841757,0
            -95.420061,39.841848,0
            -95.421524,39.841941,0
            -95.422973,39.842001,0
            -95.424824,39.842059,0
            -95.426193,39.842079,0
            -95.431675,39.842062,0
            -95.434116,39.84205,0
            -95.434458,39.842046,0
            -95.442911,39.842016,0
            -95.448567,39.841993,0
            -95.451728,39.841981,0
            -95.451962,39.84198,0
            -95.452194,39.841979,0
            -95.456045,39.841962,0
            -95.457367,39.841954,0
            -95.458292,39.841937,0
            -95.459353,39.841905,0
            -95.460227,39.841873,0
            -95.461334,39.841819,0
            -95.465061,39.841599,0
            -95.470387,39.841286,0
            -95.470949,39.841255,0
            -95.473298,39.841119,0
            -95.477723,39.84086,0
            -95.48327,39.840536,0
            -95.484099,39.840487,0
            -95.485878,39.840364,0
            -95.486616,39.840321,0
            -95.487047,39.840292,0
            -95.487931,39.840247,0
            -95.488856,39.84022,0
            -95.489363,39.840216,0
            -95.489597,39.840214,0
            -95.489868,39.840212,0
            -95.490975,39.840216,0
            -95.492756,39.840274,0
            -95.494281,39.840342,0
            -95.497458,39.840451,0
            -95.500695,39.840594,0
            -95.503511,39.8407,0
            -95.504767,39.840741,0
            -95.505722,39.84082,0
            -95.506468,39.840931,0
            -95.50678,39.840982,0
            -95.507008,39.84102,0
            -95.507444,39.841091,0
            -95.508281,39.841256,0
            -95.509434,39.841532,0
            -95.510416,39.841705,0
            -95.511591,39.841853,0
            -95.512889,39.841956,0
            -95.514144,39.841994,0
            -95.516489,39.842043,0
            -95.517789,39.842043,0
            -95.518728,39.842004,0
            -95.519428,39.841961,0
            -95.520689,39.841827,0
            -95.521638,39.841691,0
            -95.52221,39.841596,0
            -95.523218,39.841401,0
            -95.523747,39.841282,0
            -95.524487,39.841135,0
            -95.525364,39.840984,0
            -95.526112,39.840881,0
            -95.52689,39.840787,0
            -95.526929,39.840783,0
            -95.527161,39.840759,0
            -95.527558,39.840719,0
            -95.528419,39.840669,0
            -95.529532,39.840647,0
            -95.530671,39.840656,0
            -95.532082,39.840682,0
            -95.536168,39.840727,0
            -95.536789,39.840737,0
            -95.538232,39.840759,0
            -95.539675,39.840801,0
            -95.540313,39.840808,0
            -95.54187,39.840826,0
            -95.543911,39.840847,0
            -95.545657,39.840872,0
            -95.545891,39.840876,0
            -95.54618,39.84088,0
            -95.546846,39.840899,0
            -95.548753,39.840974,0
            -95.550594,39.841069,0
            -95.55147,39.841137,0
            -95.553361,39.841304,0
            -95.555401,39.841516,0
            -95.556878,39.841691,0
            -95.559692,39.842016,0
            -95.5604,39.842124,0
            -95.560967,39.842231,0
            -95.561475,39.84239,0
            -95.561873,39.842535,0
            -95.562232,39.842733,0
            -95.56258,39.842948,0
            -95.562881,39.84318,0
            -95.563299,39.843648,0
            -95.563568,39.844069,0
            -95.563716,39.844416,0
            -95.563807,39.844805,0
            -95.563853,39.845292,0
            -95.563856,39.84623,0
            -95.563862,39.84658,0
            -95.563886,39.846746,0
            -95.564015,39.847151,0
            -95.564174,39.847436,0
            -95.564374,39.847686,0
            -95.564538,39.847866,0
            -95.564716,39.848029,0
            -95.564993,39.848223,0
            -95.565308,39.848394,0
            -95.565622,39.84852,0
            -95.565976,39.848616,0
            -95.566327,39.848668,0
            -95.566665,39.848687,0
            -95.566999,39.848696,0
            -95.568831,39.84872,0
            -95.582769,39.84861,0
            -95.600469,39.848587,0
            -95.601284,39.848585,0
            -95.606423,39.848607,0
            -95.620366,39.848594,0
            -95.625238,39.848576,0
            -95.629859,39.84854,0
            -95.630718,39.848534,0
            -95.631434,39.848536,0
            -95.639245,39.848503,0
            -95.648652,39.848472,0
            -95.658015,39.848413,0
            -95.667412,39.848379,0
            -95.668947,39.848355,0
            -95.669857,39.848276,0
            -95.670567,39.848193,0
            -95.671444,39.848035,0
            -95.672379,39.847794,0
            -95.676557,39.846423,0
            -95.681443,39.844767,0
            -95.682299,39.844477,0
            -95.683269,39.844148,0
            -95.688217,39.842474,0
            -95.690523,39.841735,0
            -95.691317,39.841516,0
            -95.692053,39.841372,0
            -95.692654,39.84129,0
            -95.69339,39.841183,0
            -95.69536,39.841122,0
            -95.708181,39.841163,0
            -95.714224,39.841147,0
            -95.719884,39.841159,0
            -95.72122,39.841162,0
            -95.723632,39.841186,0
            -95.72528,39.841195,0
            -95.726791,39.841202,0
            -95.728245,39.841211,0
            -95.729734,39.841218,0
            -95.731077,39.841226,0
            -95.731934,39.84123,0
            -95.732853,39.841235,0
            -95.733541,39.841239,0
            -95.7357,39.841236,0
            -95.736912,39.841238,0
            -95.737146,39.841239,0
            -95.738755,39.841242,0
            -95.751927,39.84128,0
            -95.761264,39.841323,0
            -95.768702,39.841386,0
            -95.770665,39.841382,0
            -95.773612,39.841386,0
            -95.783888,39.841427,0
            -95.7844,39.841428,0
            -95.788649,39.841433,0
            -95.789336,39.841442,0
            -95.790543,39.841443,0
            -95.807522,39.841513,0
            -95.815695,39.841541,0
            -95.821633,39.841563,0
            -95.826344,39.841576,0
            -95.831088,39.841582,0
            -95.845149,39.841583,0
            -95.855238,39.841575,0
            -95.86409,39.841562,0
            -95.882872,39.841427,0
            -95.897807,39.841319,0
            -95.901755,39.841313,0
            -95.906873,39.841297,0
            -95.920442,39.841292,0
            -95.921101,39.841292,0
            -95.939316,39.841254,0
            -95.958061,39.841264,0
            -95.971686,39.841234,0
            -95.977515,39.84121,0
            -95.982154,39.84119,0
            -95.984147,39.841203,0
            -95.985618,39.841213,0
            -95.989732,39.841223,0
            -95.992777,39.8412,0
            -95.995762,39.841213,0
            -96.005225,39.841217,0
            -96.013153,39.841207,0
            -96.020774,39.841216,0
            -96.020921,39.841216,0
            -96.022176,39.841218,0
            -96.033204,39.841224,0
            -96.036631,39.841225,0
            -96.039089,39.841231,0
            -96.03973,39.841233,0
            -96.040867,39.841238,0
            -96.042335,39.841266,0
            -96.045048,39.84126,0
            -96.0494,39.841247,0
            -96.050033,39.841247,0
            -96.052037,39.841246,0
            -96.054034,39.841288,0
            -96.054194,39.841287,0
            -96.05479,39.841291,0
            -96.055098,39.841294,0
            -96.05579,39.841288,0
            -96.056609,39.841296,0
            -96.056673,39.841294,0
            -96.057304,39.841273,0
            -96.057843,39.841274,0
            -96.058638,39.841276,0
            -96.058939,39.841277,0
            -96.06003,39.841281,0
            -96.061437,39.841283,0
            -96.062688,39.841285,0
            -96.064105,39.841293,0
            -96.065381,39.841291,0
            -96.066497,39.841291,0
            -96.066736,39.841294,0
            -96.06773,39.841296,0
            -96.068078,39.841297,0
            -96.068665,39.841298,0
            -96.069438,39.8413,0
            -96.070753,39.841303,0
            -96.071457,39.841304,0
            -96.074929,39.841317,0
            -96.078521,39.841348,0
            -96.079991,39.841357,0
            -96.080575,39.841361,0
            -96.080865,39.841362,0
            -96.081511,39.84137,0
            -96.081717,39.841374,0
            -96.082392,39.841376,0
            -96.082473,39.841377,0
            -96.085132,39.841398,0
            -96.086474,39.841409,0
            -96.087315,39.841415,0
            -96.088661,39.841426,0
            -96.089469,39.841433,0
            -96.089554,39.841433,0
            -96.091524,39.841444,0
            -96.092439,39.84145,0
            -96.093055,39.841456,0
            -96.093406,39.841458,0
            -96.097765,39.841492,0
            -96.099033,39.841502,0
            -96.103238,39.841532,0
            -96.108391,39.841576,0
            -96.109702,39.841588,0
            -96.114456,39.841622,0
            -96.117581,39.841642,0
            -96.118865,39.841655,0
            -96.118981,39.841656,0
            -96.122304,39.841684,0
            -96.124163,39.841686,0
            -96.126308,39.841707,0
            -96.127835,39.841711,0
            -96.12839,39.841713,0
            -96.145045,39.841688,0
            -96.152418,39.841663,0
            -96.163232,39.841644,0
            -96.164059,39.841638,0
            -96.167496,39.841613,0
            -96.169271,39.841609,0
            -96.169989,39.841607,0
            -96.173756,39.841614,0
            -96.175304,39.841606,0
            -96.175486,39.841605,0
            -96.179469,39.841609,0
            -96.180114,39.841596,0
            -96.181096,39.841597,0
            -96.182946,39.841599,0
            -96.185262,39.841571,0
            -96.186524,39.841585,0
            -96.187097,39.841584,0
            -96.187968,39.841579,0
            -96.190839,39.841559,0
            -96.195545,39.841556,0
            -96.20064,39.841498,0
            -96.201734,39.841479,0
            -96.204725,39.841431,0
            -96.208912,39.84148,0
            -96.211089,39.841527,0
            -96.213084,39.841565,0
            -96.215478,39.841582,0
            -96.219383,39.841579,0
            -96.220024,39.841584,0
            -96.220454,39.841584,0
            -96.22472,39.841591,0
            -96.229858,39.84158,0
            -96.232212,39.841587,0
            -96.239006,39.841581,0
            -96.239587,39.841584,0
            -96.244139,39.841568,0
            -96.244701,39.84157,0
            -96.24977,39.841584,0
            -96.250214,39.841579,0
            -96.252052,39.841578,0
            -96.254069,39.841587,0
            -96.256876,39.841587,0
            -96.258519,39.841578,0
            -96.261205,39.841583,0
            -96.263762,39.841643,0
            -96.272392,39.841918,0
            -96.273348,39.841955,0
            -96.274438,39.841997,0
            -96.274746,39.842009,0
            -96.276379,39.842052,0
            -96.276664,39.842059,0
            -96.279014,39.842084,0
            -96.281465,39.84209,0
            -96.283711,39.8421,0
            -96.284282,39.842103,0
            -96.286967,39.842099,0
            -96.289996,39.8421,0
            -96.295864,39.842102,0
            -96.298302,39.842109,0
            -96.307609,39.842064,0
            -96.308794,39.842057,0
            -96.309013,39.842049,0
            -96.314754,39.841895,0
            -96.31852,39.841808,0
            -96.3248,39.841701,0
            -96.328061,39.841702,0
            -96.328879,39.8417,0
            -96.331344,39.841692,0
            -96.333595,39.841714,0
            -96.339344,39.841696,0
            -96.351282,39.841688,0
            -96.352904,39.84169,0
            -96.354048,39.841683,0
            -96.355174,39.841676,0
            -96.358804,39.841676,0
            -96.362229,39.841701,0
            -96.362599,39.84171,0
            -96.365322,39.841773,0
            -96.370048,39.841895,0
            -96.374144,39.842002,0
            -96.375058,39.842027,0
            -96.376368,39.842045,0
            -96.377185,39.84204,0
            -96.378987,39.842026,0
            -96.379706,39.84202,0
            -96.381569,39.842012,0
            -96.383166,39.842016,0
            -96.384891,39.842004,0
            -96.386482,39.841989,0
            -96.387827,39.841976,0
            -96.388827,39.841974,0
            -96.395518,39.841954,0
            -96.397097,39.841941,0
            -96.398937,39.841919,0
            -96.400702,39.841855,0
            -96.402186,39.841811,0
            -96.405241,39.841712,0
            -96.405735,39.841696,0
            -96.406811,39.841668,0
            -96.407273,39.841656,0
            -96.408912,39.841655,0
            -96.411462,39.841629,0
            -96.413279,39.841605,0
            -96.414562,39.841611,0
            -96.414838,39.841613,0
            -96.416517,39.841597,0
            -96.417032,39.841609,0
            -96.422089,39.841576,0
            -96.426461,39.841573,0
            -96.432183,39.841561,0
            -96.43722,39.841543,0
            -96.437916,39.841541,0
            -96.440818,39.841541,0
            -96.441897,39.841535,0
            -96.442909,39.841534,0
            -96.445745,39.841524,0
            -96.447052,39.841523,0
            -96.450027,39.84149,0
            -96.459209,39.841473,0
            -96.462622,39.841443,0
            -96.468406,39.841459,0
            -96.470732,39.84145,0
            -96.472377,39.841447,0
            -96.478008,39.841442,0
            -96.481354,39.841453,0
            -96.482413,39.841445,0
            -96.483191,39.841448,0
            -96.483658,39.84145,0
            -96.484836,39.841425,0
            -96.486553,39.841364,0
            -96.487907,39.841315,0
            -96.489203,39.841281,0
            -96.490942,39.841277,0
            -96.492533,39.841275,0
            -96.494382,39.841281,0
            -96.497215,39.841293,0
            -96.501279,39.841293,0
            -96.504172,39.841298,0
            -96.505784,39.841308,0
            -96.507294,39.841356,0
            -96.509131,39.841436,0
            -96.510649,39.841499,0
            -96.511188,39.841514,0
            -96.51303,39.841524,0
            -96.514063,39.841531,0
            -96.51717,39.841543,0
            -96.518095,39.841542,0
            -96.518385,39.841546,0
            -96.518756,39.841544,0
            -96.519594,39.841554,0
            -96.520049,39.841559,0
            -96.521229,39.841553,0
            -96.52247,39.841546,0
            -96.523543,39.841542,0
            -96.524554,39.841535,0
            -96.52534,39.84154,0
            -96.527,39.841554,0
            -96.527314,39.841552,0
            -96.528372,39.841546,0
            -96.532994,39.841587,0
            -96.536134,39.841611,0
            -96.538854,39.84162,0
            -96.53947,39.841616,0
            -96.540076,39.84162,0
            -96.542578,39.841632,0
            -96.546147,39.84167,0
            -96.552809,39.841701,0
            -96.554959,39.841727,0
            -96.557654,39.841726,0
            -96.558773,39.841728,0
            -96.56191,39.841762,0
            -96.562507,39.841768,0
            -96.564011,39.841772,0
            -96.565492,39.841776,0
            -96.566626,39.841775,0
            -96.56706,39.841775,0
            -96.571892,39.841643,0
            -96.575082,39.841529,0
            -96.577381,39.841496,0
            -96.580104,39.8415,0
            -96.582042,39.841514,0
            -96.586037,39.841552,0
            -96.594519,39.84166,0
            -96.596098,39.841687,0
            -96.598408,39.84174,0
            -96.600889,39.84179,0
            -96.601871,39.841804,0
            -96.602336,39.841812,0
            -96.60409,39.841817,0
            -96.605636,39.841822,0
            -96.607105,39.841839,0
            -96.607342,39.841839,0
            -96.607789,39.841843,0
            -96.60817,39.841838,0
            -96.608537,39.841845,0
            -96.609332,39.841842,0
            -96.610477,39.84185,0
            -96.612854,39.841868,0
            -96.613183,39.841869,0
            -96.613486,39.841865,0
            -96.613766,39.841868,0
            -96.614195,39.841873,0
            -96.614922,39.841876,0
            -96.616224,39.841883,0
            -96.616755,39.841883,0
            -96.617439,39.841887,0
            -96.618344,39.841894,0
            -96.618722,39.841894,0
            -96.619765,39.841899,0
            -96.620851,39.841913,0
            -96.621626,39.841921,0
            -96.622797,39.841934,0
            -96.624011,39.841938,0
            -96.624397,39.841944,0
            -96.626158,39.841978,0
            -96.626735,39.841979,0
            -96.627111,39.841982,0
            -96.628244,39.841981,0
            -96.631271,39.841979,0
            -96.631688,39.841984,0
            -96.632537,39.842012,0
            -96.632628,39.842018,0
            -96.632808,39.842026,0
            -96.633012,39.842024,0
            -96.633476,39.842026,0
            -96.634443,39.842068,0
            -96.634723,39.84207,0
            -96.635326,39.842066,0
            -96.635625,39.84207,0
            -96.636111,39.842081,0
            -96.636499,39.84209,0
            -96.636901,39.8421,0
            -96.638133,39.842122,0
            -96.638514,39.842122,0
            -96.638752,39.842125,0
            -96.639489,39.842139,0
            -96.640723,39.842143,0
            -96.641944,39.842146,0
            -96.643167,39.842149,0
            -96.644384,39.842147,0
            -96.645644,39.842156,0
            -96.646868,39.842151,0
            -96.648073,39.842163,0
            -96.649299,39.842171,0
            -96.650517,39.842173,0
            -96.65176,39.842169,0
            -96.652991,39.842172,0
            -96.653119,39.842173,0
            -96.655219,39.842172,0
            -96.65839,39.842051,0
            -96.660929,39.84202,0
            -96.661678,39.842054,0
            -96.662852,39.842094,0
            -96.664001,39.842145,0
            -96.664326,39.842156,0
            -96.664902,39.842175,0
            -96.665489,39.842251,0
            -96.665904,39.842329,0
            -96.66623,39.842446,0
            -96.666372,39.842531,0
            -96.666487,39.842618,0
            -96.666608,39.842771,0
            -96.666704,39.842976,0
            -96.666707,39.843445,0
          </coordinates>
        </LineString>
        <LineString>
          <tessellate>1</tessellate>
          <coordinates>
            -96.666707,39.843445,0
            -96.666713,39.844619,0
            -96.666732,39.846349,0
            -96.666768,39.848322,0
            -96.666764,39.849281,0
            -96.666785,39.850123,0
            -96.666807,39.852239,0
            -96.666811,39.852609,0
            -96.666799,39.853922,0
            -96.666816,39.855372,0
            -96.66684,39.857167,0
            -96.666852,39.859221,0
            -96.666869,39.86162,0
            -96.666907,39.86305,0
            -96.666949,39.863963,0
            -96.666933,39.864651,0
            -96.666887,39.865138,0
            -96.666783,39.865796,0
            -96.666615,39.866518,0
            -96.666362,39.867298,0
            -96.66625,39.867941,0
            -96.666167,39.868486,0
            -96.666089,39.869073,0
            -96.666065,39.869487,0
            -96.666085,39.869864,0
            -96.666082,39.870779,0
            -96.66615,39.871796,0
            -96.666252,39.872669,0
            -96.666301,39.873532,0
            -96.666384,39.874082,0
            -96.666436,39.874856,0
            -96.666455,39.874978,0
            -96.666483,39.875381,0
            -96.666532,39.87568,0
            -96.666601,39.87646,0
            -96.666637,39.876754,0
            -96.666779,39.878352,0
            -96.666916,39.879826,0
            -96.666943,39.880918,0
            -96.666977,39.881949,0
            -96.667023,39.885603,0
            -96.666994,39.886755,0
            -96.667014,39.887233,0
            -96.66703,39.89287,0
            -96.667031,39.897189,0
            -96.667028,39.897839,0
            -96.667062,39.90104,0
            -96.667065,39.901402,0
            -96.667071,39.902195,0
            -96.667032,39.903084,0
            -96.667013,39.903551,0
            -96.666811,39.911567,0
            -96.666822,39.91191,0
            -96.666529,39.912798,0
            -96.666275,39.913232,0
            -96.665963,39.913742,0
            -96.665664,39.914093,0
            -96.665316,39.914502,0
            -96.664831,39.914891,0
            -96.661885,39.91735,0
            -96.658666,39.920027,0
            -96.657994,39.920911,0
            -96.657591,39.921781,0
            -96.657322,39.922664,0
            -96.657309,39.92303,0
            -96.65729,39.925065,0
            -96.657294,39.926907,0
            -96.657305,39.928809,0
            -96.657294,39.937505,0
            -96.657285,39.937888,0
            -96.657284,39.939245,0
            -96.657293,39.940585,0
            -96.657284,39.942179,0
            -96.657301,39.94327,0
            -96.657278,39.947499,0
            -96.657153,39.954996,0
            -96.657163,39.956844,0
            -96.657154,39.957814,0
            -96.657148,39.958473,0
            -96.657199,39.968373,0
            -96.657205,39.969527,0
            -96.657222,39.972063,0
            -96.657255,39.975926,0
            -96.657276,39.981133,0
            -96.657292,39.983209,0
            -96.657289,39.983721,0
            -96.657313,39.986541,0
            -96.657318,39.986846,0
            -96.657322,39.987952,0
            -96.657326,39.988711,0
            -96.657318,39.990054,0
            -96.657348,39.992234,0
            -96.657349,39.992344,0
            -96.657385,39.994278,0
            -96.657381,39.995965,0
            -96.657371,39.996363,0
            -96.65733,39.996758,0
            -96.657167,39.997342,0
            -96.656885,39.998176,0
            -96.656627,39.998775,0
            -96.656287,39.999333,0
            -96.656004,39.999734,0
            -96.655793,40.000008,0
            -96.654862,40.001338,0
            -96.653962,40.002498,0
            -96.653279,40.003385,0
            -96.653207,40.003507,0
            -96.653096,40.003693,0
            -96.652941,40.003966,0
            -96.652784,40.004271,0
            -96.652637,40.004589,0
            -96.65246,40.005157,0
            -96.652405,40.005352,0
            -96.652311,40.005751,0
            -96.652282,40.005917,0
            -96.652263,40.006077,0
            -96.652244,40.006237,0
            -96.652218,40.006545,0
            -96.652205,40.007577,0
            -96.652203,40.008556,0
            -96.652205,40.00898,0
            -96.652208,40.009669,0
            -96.652199,40.011842,0
            -96.652204,40.012159,0
            -96.652206,40.012294,0
            -96.652212,40.012731,0
            -96.652211,40.012824,0
            -96.652205,40.013306,0
            -96.6522,40.013699,0
            -96.652209,40.014558,0
            -96.652211,40.015778,0
            -96.652217,40.016501,0
            -96.652219,40.016777,0
            -96.652206,40.01749,0
            -96.652221,40.019565,0
            -96.652226,40.020231,0
            -96.652211,40.021286,0
            -96.652209,40.022006,0
            -96.652203,40.023186,0
            -96.652201,40.023642,0
            -96.652215,40.02466,0
            -96.65221,40.025119,0
            -96.65222,40.0264,0
            -96.652224,40.028325,0
            -96.652222,40.028873,0
            -96.652227,40.029683,0
            -96.65223,40.030272,0
            -96.652211,40.0341,0
            -96.652214,40.037824,0
            -96.652208,40.03813,0
            -96.652192,40.038938,0
            -96.652194,40.039177,0
            -96.652195,40.039332,0
            -96.6522,40.039801,0
            -96.652196,40.040325,0
            -96.652251,40.042294,0
            -96.652246,40.044012,0
            -96.652256,40.044748,0
            -96.652257,40.04483,0
            -96.652259,40.047068,0
            -96.652213,40.049285,0
            -96.652217,40.049595,0
            -96.65222,40.054254,0
            -96.65221,40.055627,0
            -96.652233,40.056913,0
            -96.652238,40.057187,0
            -96.652236,40.058178,0
            -96.652236,40.058328,0
            -96.652286,40.059258,0
            -96.652203,40.0619,0
            -96.652149,40.066111,0
            -96.652131,40.066949,0
            -96.652112,40.0689,0
            -96.652074,40.071502,0
            -96.652068,40.073813,0
            -96.652061,40.07414,0
            -96.652028,40.076699,0
            -96.652017,40.077294,0
          </coordinates>
        </LineString>
        <LineString>
          <tessellate>1</tessellate>
          <coordinates>
            -96.652017,40.077294,0
            -96.651974,40.079686,0
            -96.651952,40.081165,0
            -96.65196,40.081296,0
            -96.651983,40.081691,0
            -96.652004,40.082192,0
            -96.652066,40.082581,0
            -96.652145,40.082975,0
            -96.652227,40.08326,0
            -96.652276,40.083432,0
            -96.652425,40.08384,0
            -96.652602,40.084215,0
            -96.652749,40.084514,0
            -96.652872,40.084737,0
            -96.65301,40.084974,0
            -96.653238,40.085291,0
            -96.653561,40.08569,0
            -96.653812,40.085987,0
            -96.654503,40.086727,0
            -96.655111,40.087369,0
            -96.65565,40.087951,0
            -96.655986,40.088307,0
            -96.657044,40.089443,0
            -96.658061,40.090519,0
            -96.658952,40.091451,0
            -96.659752,40.092335,0
            -96.660936,40.093597,0
            -96.661739,40.094439,0
            -96.662618,40.0954,0
            -96.663394,40.096208,0
            -96.664039,40.096897,0
            -96.664836,40.097735,0
            -96.666009,40.098993,0
            -96.667011,40.100043,0
            -96.667451,40.100519,0
            -96.667844,40.100928,0
            -96.668824,40.101969,0
            -96.66947,40.102683,0
            -96.669646,40.102878,0
            -96.670128,40.103389,0
            -96.670473,40.103792,0
            -96.670659,40.104083,0
            -96.670889,40.104497,0
            -96.670995,40.104732,0
            -96.671236,40.10531,0
            -96.671279,40.105548,0
            -96.671295,40.106038,0
            -96.67131,40.106374,0
            -96.671313,40.106656,0
            -96.671346,40.108342,0
            -96.671363,40.109196,0
            -96.671393,40.113017,0
            -96.671392,40.11314,0
            -96.671391,40.113247,0
          </coordinates>
        </LineString>
        <LineString>
          <tessellate>1</tessellate>
          <coordinates>
            -96.671391,40.113247,0
            -96.671389,40.113432,0
            -96.671398,40.114142,0
            -96.671406,40.114842,0
            -96.67145,40.116383,0
            -96.671442,40.116802,0
            -96.671459,40.117774,0
            -96.671459,40.118202,0
            -96.671476,40.119248,0
            -96.671488,40.119714,0
            -96.671488,40.120301,0
            -96.671486,40.121317,0
            -96.671488,40.122337,0
            -96.67149,40.123343,0
            -96.671484,40.124369,0
            -96.6715,40.125929,0
            -96.671505,40.128551,0
            -96.671525,40.129568,0
            -96.671539,40.129867,0
            -96.671539,40.131875,0
            -96.671528,40.13241,0
            -96.671544,40.133348,0
            -96.67176,40.134104,0
            -96.671878,40.134307,0
            -96.67205,40.134619,0
            -96.672092,40.134696,0
            -96.67258,40.135431,0
            -96.672853,40.13576,0
            -96.673249,40.136178,0
            -96.673491,40.13641,0
            -96.673676,40.136575,0
            -96.673812,40.136697,0
            -96.67413,40.13696,0
            -96.674244,40.137055,0
            -96.674654,40.137369,0
            -96.674954,40.137576,0
            -96.675323,40.137793,0
            -96.675647,40.137974,0
            -96.675993,40.138156,0
            -96.67642,40.138348,0
            -96.676801,40.138504,0
            -96.677228,40.13867,0
            -96.6776,40.1388,0
            -96.678352,40.13902,0
            -96.678687,40.139111,0
            -96.678965,40.139168,0
            -96.679535,40.139272,0
            -96.680169,40.139369,0
            -96.680433,40.139388,0
            -96.680921,40.139434,0
            -96.680987,40.139441,0
            -96.682061,40.139456,0
            -96.685878,40.139441,0
            -96.687053,40.139444,0
            -96.688174,40.139438,0
            -96.689559,40.139417,0
            -96.689935,40.139417,0
            -96.690679,40.139418,0
            -96.692611,40.139401,0
            -96.693845,40.139401,0
            -96.695243,40.139401,0
            -96.697949,40.139388,0
            -96.701055,40.139394,0
            -96.702222,40.139382,0
            -96.703925,40.139381,0
            -96.704744,40.139404,0
            -96.705329,40.139401,0
            -96.706922,40.139371,0
            -96.708799,40.139372,0
            -96.709061,40.139376,0
            -96.710218,40.139372,0
            -96.71138,40.139367,0
            -96.713025,40.139367,0
            -96.713949,40.139363,0
            -96.714748,40.139351,0
            -96.715564,40.139358,0
            -96.716488,40.139353,0
            -96.71748,40.139354,0
            -96.718181,40.139352,0
            -96.719593,40.13935,0
            -96.72076,40.13936,0
            -96.722471,40.139361,0
            -96.722646,40.139363,0
            -96.723055,40.139368,0
            -96.724446,40.139377,0
            -96.724527,40.139374,0
            -96.725176,40.139371,0
          </coordinates>
        </LineString>
        <LineString>
          <tessellate>1</tessellate>
          <coordinates>
            -96.725176,40.139371,0
            -96.725647,40.139369,0
            -96.72672,40.139376,0
            -96.727739,40.139375,0
            -96.728663,40.139373,0
            -96.729723,40.139376,0
            -96.730665,40.139385,0
            -96.732555,40.139384,0
            -96.734044,40.139382,0
            -96.73526,40.139379,0
            -96.736398,40.139392,0
            -96.738454,40.139377,0
            -96.739916,40.139374,0
            -96.740964,40.13937,0
            -96.741025,40.139373,0
            -96.74196,40.139362,0
            -96.742364,40.139358,0
            -96.743031,40.139371,0
            -96.743549,40.139415,0
            -96.743874,40.139476,0
            -96.744158,40.139546,0
            -96.744435,40.139634,0
            -96.744683,40.139721,0
            -96.744912,40.139817,0
            -96.745129,40.139917,0
            -96.745316,40.140021,0
            -96.745509,40.140144,0
            -96.745724,40.140308,0
            -96.745892,40.140453,0
            -96.746053,40.140621,0
            -96.746214,40.140798,0
            -96.746314,40.140923,0
            -96.746363,40.140984,0
            -96.746606,40.141389,0
            -96.746699,40.141633,0
            -96.746774,40.141891,0
            -96.746789,40.141987,0
            -96.746898,40.142424,0
            -96.746829,40.146647,0
            -96.746816,40.147185,0
            -96.746804,40.148524,0
            -96.746782,40.150945,0
            -96.746772,40.151761,0
            -96.746766,40.152232,0
          </coordinates>
        </LineString>
        <LineString>
          <tessellate>1</tessellate>
          <coordinates>
            -96.746766,40.152232,0
            -96.746753,40.153364,0
            -96.746743,40.154563,0
            -96.746729,40.155438,0
            -96.746727,40.156142,0
            -96.746714,40.157299,0
            -96.746715,40.157922,0
            -96.746701,40.15895,0
            -96.746704,40.159817,0
            -96.746696,40.161187,0
            -96.746698,40.16204,0
            -96.746674,40.164009,0
            -96.746675,40.16492,0
            -96.746654,40.166813,0
            -96.746658,40.169045,0
            -96.746643,40.170433,0
            -96.746645,40.171165,0
            -96.74664,40.171863,0
            -96.746634,40.172785,0
            -96.746627,40.173233,0
            -96.746611,40.17406,0
            -96.746608,40.175725,0
            -96.746604,40.176246,0
            -96.746593,40.17774,0
            -96.746578,40.178352,0
            -96.746565,40.180631,0
            -96.746566,40.181104,0
            -96.746567,40.181339,0
            -96.746555,40.182174,0
            -96.746552,40.182902,0
            -96.746542,40.183623,0
            -96.74654,40.183733,0
            -96.746532,40.185543,0
            -96.746512,40.186291,0
            -96.746508,40.186956,0
            -96.746503,40.187951,0
            -96.746504,40.189206,0
            -96.746482,40.190259,0
            -96.746472,40.191797,0
            -96.746461,40.19248,0
            -96.74642,40.196036,0
            -96.746415,40.196868,0
            -96.746399,40.19798,0
            -96.746395,40.198308,0
            -96.746382,40.199323,0
            -96.746377,40.200662,0
            -96.746362,40.201662,0
            -96.746358,40.202339,0
            -96.746334,40.204151,0
            -96.746328,40.204778,0
            -96.746315,40.207954,0
            -96.746324,40.208374,0
            -96.746332,40.208774,0
            -96.746328,40.209165,0
          </coordinates>
        </LineString>
        <LineString>
          <tessellate>1</tessellate>
          <coordinates>
            -96.746328,40.209165,0
            -96.746326,40.209308,0
            -96.746309,40.210022,0
            -96.746313,40.210406,0
            -96.746321,40.2108,0
            -96.746321,40.211256,0
            -96.746315,40.212247,0
            -96.746309,40.213379,0
            -96.746305,40.214544,0
            -96.746307,40.215208,0
            -96.746315,40.217121,0
            -96.74631,40.21872,0
            -96.74631,40.219274,0
            -96.746336,40.22036,0
            -96.746335,40.22116,0
            -96.746321,40.222247,0
            -96.746298,40.225239,0
            -96.746291,40.226506,0
            -96.746294,40.227374,0
            -96.746287,40.229045,0
            -96.746285,40.229384,0
            -96.746285,40.229533,0
            -96.746285,40.229882,0
            -96.74628,40.230985,0
            -96.74626,40.233694,0
            -96.746246,40.236194,0
            -96.746244,40.236377,0
            -96.746238,40.236847,0
            -96.74624,40.237653,0
          </coordinates>
        </LineString>
        <LineString>
          <tessellate>1</tessellate>
          <coordinates>
            -96.74624,40.237653,0
            -96.746243,40.23847,0
            -96.746216,40.240181,0
            -96.746209,40.240664,0
            -96.746199,40.241663,0
            -96.746194,40.241948,0
            -96.746174,40.243152,0
            -96.746162,40.244158,0
            -96.746152,40.245214,0
            -96.746138,40.24547,0
            -96.74612,40.245641,0
            -96.746104,40.245748,0
            -96.746063,40.24591,0
            -96.746,40.246095,0
            -96.745928,40.246264,0
            -96.745846,40.246436,0
            -96.745775,40.246606,0
            -96.745675,40.246845,0
            -96.745623,40.246984,0
            -96.745558,40.247173,0
            -96.745523,40.247295,0
            -96.745504,40.247437,0
            -96.745494,40.247567,0
            -96.745503,40.247765,0
            -96.745525,40.247961,0
            -96.745564,40.248205,0
            -96.745712,40.248758,0
            -96.745809,40.249212,0
            -96.74602,40.250229,0
            -96.746197,40.251237,0
            -96.746235,40.251506,0
            -96.746267,40.2519,0
            -96.746293,40.252513,0
            -96.746299,40.252901,0
          </coordinates>
        </LineString>
        <LineString>
          <tessellate>1</tessellate>
          <coordinates>
            -96.746299,40.252901,0
            -96.746316,40.253943,0
            -96.746329,40.254281,0
            -96.746412,40.255318,0
            -96.746449,40.255561,0
            -96.746651,40.256749,0
            -96.746711,40.257077,0
            -96.746742,40.257344,0
            -96.746758,40.257548,0
            -96.746761,40.257706,0
            -96.746774,40.25806,0
            -96.746767,40.258217,0
            -96.746769,40.259887,0
            -96.746772,40.260274,0
            -96.746772,40.260385,0
            -96.746759,40.26078,0
            -96.746756,40.261003,0
            -96.746758,40.261927,0
            -96.746758,40.262005,0
            -96.746764,40.262794,0
            -96.74677,40.263251,0
            -96.746765,40.263764,0
            -96.746761,40.264298,0
            -96.746758,40.264819,0
            -96.746761,40.265335,0
            -96.746764,40.265866,0
            -96.748128,40.265869,0
            -96.74949,40.265872,0
            -96.749908,40.265873,0
            -96.750125,40.265874,0
            -96.75085,40.265875,0
            -96.751652,40.265877,0
            -96.751872,40.265878,0
            -96.752216,40.265878,0
            -96.752937,40.26588,0
            -96.753395,40.265881,0
            -96.753484,40.265882,0
            -96.753548,40.265882,0
            -96.753587,40.265882,0
            -96.754618,40.265883,0
            -96.754961,40.265885,0
            -96.755521,40.265888,0
          </coordinates>
        </LineString>
        <LineString>
          <tessellate>1</tessellate>
          <coordinates>
            -96.755521,40.265888,0
            -96.75576,40.265889,0
            -96.757031,40.265889,0
            -96.758298,40.265898,0
            -96.760274,40.265898,0
            -96.76241,40.265904,0
            -96.765691,40.265911,0
            -96.766713,40.265913,0
            -96.768065,40.265915,0
            -96.769753,40.265921,0
            -96.770781,40.265923,0
            -96.77087,40.265924,0
            -96.770971,40.265923,0
            -96.772264,40.265925,0
            -96.775074,40.265929,0
            -96.775199,40.26593,0
            -96.775231,40.266083,0
            -96.775272,40.266329,0
            -96.775309,40.266683,0
            -96.775322,40.266915,0
            -96.775329,40.26712,0
            -96.775337,40.267707,0
            -96.775349,40.268425,0
            -96.775357,40.269557,0
            -96.775365,40.27098,0
            -96.775366,40.27102,0
          </coordinates>
        </LineString>
        <LineString>
          <tessellate>1</tessellate>
          <coordinates>
            -96.775365,40.27098,0
            -96.775375,40.271274,0
            -96.775391,40.271497,0
            -96.775417,40.271714,0
            -96.77546,40.271943,0
            -96.775514,40.272168,0
            -96.775544,40.272264,0
            -96.775593,40.272422,0
            -96.775714,40.272723,0
            -96.77583,40.27297,0
            -96.775987,40.273262,0
            -96.776138,40.273509,0
            -96.776281,40.273705,0
            -96.776441,40.273907,0
            -96.776626,40.274118,0
            -96.776832,40.274328,0
            -96.777021,40.274502,0
            -96.777135,40.274606,0
            -96.777377,40.274807,0
            -96.777621,40.274983,0
            -96.777826,40.275121,0
            -96.778062,40.275264,0
            -96.778385,40.275446,0
            -96.779593,40.276086,0
            -96.780415,40.27652,0
            -96.781391,40.277026,0
            -96.781853,40.27726,0
            -96.782126,40.277391,0
            -96.782465,40.277551,0
            -96.78283,40.277716,0
            -96.783031,40.277801,0
            -96.783418,40.277962,0
            -96.783948,40.278168,0
            -96.784694,40.278436,0
            -96.785429,40.278666,0
            -96.787751,40.279377,0
            -96.794348,40.281369,0
            -96.795697,40.281738,0
            -96.796205,40.281874,0
            -96.79669,40.282006,0
            -96.79868,40.282523,0
            -96.800111,40.282921,0
            -96.800642,40.283062,0
            -96.801332,40.283242,0
            -96.801527,40.283292,0
            -96.802359,40.283507,0
            -96.803113,40.283687,0
            -96.803246,40.283719,0
            -96.803595,40.283795,0
            -96.804217,40.283926,0
            -96.805089,40.284092,0
            -96.805657,40.284197,0
            -96.806117,40.284274,0
            -96.806723,40.284372,0
            -96.807411,40.284479,0
            -96.807596,40.284508,0
            -96.808033,40.28457,0
            -96.80839,40.284615,0
            -96.808787,40.284663,0
            -96.809485,40.284733,0
            -96.810158,40.284796,0
            -96.811359,40.284887,0
            -96.811792,40.28492,0
            -96.813294,40.285043,0
            -96.814876,40.285166,0
            -96.815683,40.28523,0
            -96.816813,40.285314,0
            -96.817545,40.28538,0
            -96.818556,40.285481,0
            -96.819895,40.285622,0
            -96.821422,40.285782,0
            -96.822339,40.285873,0
            -96.822338,40.285818,0
            -96.822346,40.285213,0
            -96.822631,40.285214,0
            -96.822759,40.285218,0
            -96.822861,40.285226,0
            -96.822955,40.285237,0
            -96.823049,40.285253,0
            -96.823153,40.285278,0
            -96.823282,40.285314,0
            -96.823405,40.285354,0
            -96.823475,40.285372,0
            -96.823551,40.285389,0
            -96.823629,40.285394,0
            -96.823712,40.285392,0
            -96.823799,40.285387,0
            -96.823889,40.285377,0
            -96.823958,40.285376,0
            -96.824025,40.285385,0
            -96.824095,40.2854,0
            -96.824175,40.28543,0
            -96.824355,40.285515,0
            -96.824443,40.285554,0
            -96.8245,40.285574,0
            -96.824564,40.285584,0
            -96.825006,40.285587,0
            -96.825094,40.2856,0
            -96.825186,40.285606,0
            -96.825307,40.285605,0
            -96.82543,40.285604,0
            -96.825545,40.285604,0
            -96.82567,40.285603,0
          </coordinates>
        </LineString>
      </MultiGeometry>
    </Placemark>
    <Placemark>