0.0
0.013000000000000001
0.052000000000000005
0.11699999999999999
0.20800000000000002
0.32500000000000007
0.46799999999999997
0.6370000000000001
0.8320000000000001
1.053
1.3000000000000003
1.573
1.8719999999999999
2.197
2.5480000000000005
2.925
3.3280000000000003
3.7570000000000006
4.212
4.693
5.200000000000001
5.732999999999999
6.292
6.877000000000001
7.4879999999999995
8.125
8.788
9.477
10.192000000000002
10.933
11.7
12.493
13.312000000000001
14.157000000000002
15.028000000000002
15.924999999999997
16.848
17.797
18.772
19.773000000000003
20.800000000000004
21.852999999999998
22.931999999999995
24.037
25.168
26.325000000000003
27.508000000000003
28.717
29.951999999999998
31.212999999999997
32.5
33.813
35.152
36.517
37.908
39.325
40.76800000000001
42.236999999999995
43.732
45.25299999999999
46.8
48.373
49.972
51.597
53.248000000000005
54.925000000000004
56.62800000000001
58.35700000000001
60.11200000000001
61.89299999999999
63.69999999999999
65.533
67.392
69.27699999999999
71.188
73.125
75.088
77.077
79.09200000000001
81.13300000000001
83.20000000000002
85.29300000000002
87.41199999999999
89.55699999999999
91.72799999999998
93.92499999999998
96.148
98.397
100.672
102.973
105.30000000000001
107.653
110.03200000000001
112.43700000000001
114.868
117.325
119.80799999999999
122.317
124.85199999999999
127.413
130.0
132.613
135.252
137.917
140.608
143.32500000000002
146.068
148.83700000000002
151.632
154.45300000000003
157.3
160.17300000000003
163.07200000000003
165.99699999999996
168.94799999999998
171.92499999999998
174.928
177.95699999999997
181.01199999999997
184.093
187.2
190.333
193.492
196.677
199.888
203.125
206.388
209.677
212.99200000000002
216.33300000000003
219.70000000000002
223.09300000000002
226.51200000000003
229.95700000000002
233.42800000000005
236.92500000000004
240.44800000000004
243.99700000000004
247.57199999999995
251.17299999999997
254.79999999999995
258.453
262.132
265.837
269.568
273.325
277.10799999999995
280.917
284.752
288.613
292.5
296.413
300.352
304.317
308.308
312.32500000000005
316.36800000000005
320.437
324.53200000000004
328.653
332.80000000000007
336.973
341.1720000000001
345.397
349.64799999999997
353.92499999999995
358.22799999999995
362.557
366.9119999999999
371.29299999999995
375.69999999999993
380.133
384.592
389.077
393.588
398.125
402.688
407.27700000000004
411.892
416.533
421.20000000000005
425.89300000000003
430.612
435.3570000000001
440.12800000000004
444.92500000000007
449.74800000000005
454.5970000000001
459.472
464.373
469.3
474.253
479.23199999999997
484.23699999999997
489.268
494.325
499.40799999999996
504.517
509.652
514.813
520.0
525.2129999999999
530.452
535.7169999999999
541.008
546.3249999999999
551.668
557.0369999999999
562.432
567.853
573.3000000000001
578.7729999999999
584.272
589.7969999999999
595.3480000000001
600.925
606.528
612.1569999999999
617.8120000000001
623.493
629.2
634.933
640.6920000000001
646.477
652.2880000000001
658.125
663.9879999999998
669.877
675.7919999999999
681.7330000000001
687.6999999999999
693.693
699.712
705.7570000000001
711.8279999999999
717.9250000000001
724.0479999999999
730.197
736.372
742.5730000000001
748.8
755.0530000000001
761.332
767.6370000000001
773.968
780.3250000000002
786.708
793.1170000000002
799.552
806.0130000000001
812.5
819.0129999999998
825.552
832.1169999999998
838.708
845.3249999999999
851.9680000000001
858.6369999999998
865.3320000000001
872.0529999999999
878.8000000000001
885.5729999999999
892.3720000000001
899.1969999999999
906.0480000000001
912.925
919.8280000000001
926.757
933.7120000000002
940.693
947.7000000000002
954.7330000000001
961.7920000000001
968.877
975.9880000000002
983.125
990.2879999999998
997.4770000000001
1004.6919999999999
1011.9330000000001
1019.1999999999998
1026.4930000000002
1033.812
1041.1570000000002
1048.528
1055.925
1063.348
1070.797
1078.272
1085.773
1093.3
1100.8530000000003
1108.4319999999998
1116.037
1123.668
1131.325
1139.008
1146.7170000000003
1154.452
1162.2130000000002
1170.0
1177.8129999999999
1185.652
1193.5169999999998
1201.408
1209.3249999999998
1217.268
1225.2369999999999
1233.232
1241.253
1249.3000000000002
1257.3729999999998
1265.4720000000002
1273.597
1281.748
1289.925
1298.1280000000002
1306.357
1314.612
1322.893
1331.2000000000003
1339.533
1347.892
1356.277
1364.6880000000003
1373.125
1381.588
1390.077
1398.5919999999999
1407.133
1415.6999999999998
1424.2930000000001
1432.9119999999998
1441.557
1450.228
1458.925
1467.6479999999997
1476.3970000000002
1485.1719999999998
1493.9730000000002
1502.7999999999997
1511.6530000000002
1520.532
1529.4370000000001
1538.368
1547.3250000000003
1556.308
1565.317
1574.352
1583.4130000000002
1592.5
1601.6129999999998
1610.752
1619.917
1629.1080000000002
1638.3249999999998
1647.568
1656.837
1666.132
1675.453
1684.8000000000002
1694.173
1703.5720000000001
1712.997
1722.448
1731.925
1741.4280000000003
1750.9569999999999
1760.5120000000002
1770.0929999999998
1779.7000000000003
1789.3329999999999
1798.9920000000002
1808.6770000000001
1818.3880000000004
1828.125
1837.888
1847.677
1857.492
1867.333
1877.2
1887.093
1897.012
1906.957
1916.9279999999999
1926.9250000000002
1936.9479999999999
1946.997
1957.072
1967.1730000000002
1977.3
1987.4530000000002
1997.6319999999998
2007.837
2018.068
2028.325
2038.608
2048.9170000000004
2059.252
2069.6130000000003
2080.0
2090.4129999999996
2100.8519999999994
2111.3170000000005
2121.808
2132.325
2142.8679999999995
2153.4370000000004
2164.032
2174.653
2185.2999999999997
2195.9730000000004
2206.672
2217.397
2228.1479999999997
2238.9250000000006
2249.728
2260.557
2271.412
2282.2930000000006
2293.2000000000003
2304.133
2315.0919999999996
2326.0770000000007
2337.088
2348.125
2359.1879999999996
2370.2769999999996
2381.3920000000003
2392.533
2403.7
2414.8929999999996
2426.112
2437.357
2448.6279999999997
2459.9249999999993
2471.2480000000005
2482.597
2493.972
2505.3729999999996
2516.8
2528.253
2539.732
2551.2369999999996
2562.7680000000005
2574.3250000000003
2585.908
2597.517
2609.1520000000005
2620.8130000000006
2632.5
2644.2129999999997
2655.9519999999993
2667.717
2679.508
2691.325
2703.1679999999997
2715.0370000000003
2726.9320000000002
2738.8529999999996
2750.7999999999997
2762.773
2774.772
2786.7969999999996
2798.848
2810.925
2823.0280000000002
2835.1569999999997
2847.3119999999994
2859.4930000000004
2871.7000000000003
2883.933
2896.1919999999996
2908.4770000000008
2920.788
2933.125
2945.488
2957.8769999999995
2970.2920000000004
2982.7329999999997
2995.2
3007.6929999999993
3020.2120000000004
3032.757
3045.328
3057.9249999999997
3070.5480000000002
3083.197
3095.872
3108.5729999999994
3121.3000000000006
3134.053
3146.832
3159.6369999999997
3172.4680000000008
3185.3250000000003
3198.208
3211.1169999999997
3224.0520000000006
3237.0130000000004
3250.0
3263.013
3276.051999999999
3289.117
3302.208
3315.325
3328.4679999999994
3341.637
3354.832
3368.053
3381.2999999999997
3394.5730000000003
3407.8720000000003
3421.197
3434.5479999999993
3447.9250000000006
3461.3280000000004
3474.757
3488.2119999999995
3501.693
3515.2000000000003
3528.7329999999997
3542.2919999999995
3555.877000000001
3569.4880000000003
3583.125
3596.7879999999996
3610.4769999999994
3624.1920000000005
3637.933
3651.7
3665.492999999999
3679.3120000000004
3693.1569999999997
3707.028
3720.9249999999993
3734.848000000001
3748.797
3762.772
3776.7729999999992
3790.8000000000006
3804.853
3818.9320000000002
3833.0369999999994
3847.1680000000006
3861.3250000000003
3875.508
3889.7169999999996
3903.9520000000007
3918.2130000000006
3932.5
3946.813
3961.151999999999
3975.5170000000003
3989.9080000000004
4004.325
4018.7679999999996
4033.237
4047.7320000000004
4062.2529999999997
4076.7999999999993
4091.3730000000005
4105.972000000001
4120.597
4135.248
4149.925
4164.628000000001
4179.357
4194.112
4208.893
4223.7
4238.533
4253.392
4268.277
4283.188
4298.125
4313.088
4328.076999999999
4343.092
4358.133
4373.2
4388.293
4403.412000000001
4418.557
4433.727999999999
4448.924999999999
4464.148
4479.397000000001
4494.672
4509.973
4525.3
4540.653
4556.032
4571.437
4586.868000000001
4602.325000000001
4617.808
4633.316999999999
4648.852000000001
4664.4130000000005
4680.0
4695.613
4711.2519999999995
4726.917
4742.608
4758.325
4774.067999999999
4789.837
4805.632
4821.4529999999995
4837.299999999999
4853.173000000001
4869.072
4884.997
4900.947999999999
4916.925000000001
4932.928
4948.957
4965.012
4981.093000000001
4997.200000000001
5013.333
5029.491999999999
5045.677000000001
5061.888000000001
5078.125
5094.388
5110.676999999999
5126.992
5143.3330000000005
5159.7
5176.092999999999
5192.512000000001
5208.957
5225.428
5241.925
5258.448
5274.997
5291.572
5308.173
5324.800000000001
5341.453
5358.132
5374.8369999999995
5391.568
5408.325
5425.108
5441.9169999999995
5458.752000000001
5475.613
5492.5
5509.413
5526.352
5543.317
5560.308
5577.325
5594.3679999999995
5611.437000000001
5628.532
5645.653
5662.799999999999
5679.973000000001
5697.1720000000005
5714.397
5731.647999999999
5748.925
5766.228
5783.557
5800.912
5818.293000000001
5835.7
5853.133
5870.591999999999
5888.077
5905.588000000001
5923.125
5940.687999999999
5958.276999999999
5975.892000000001
5993.533
6011.199999999999
6028.892999999999
6046.612000000001
6064.357
6082.128
6099.924999999999
6117.7480000000005
6135.597
6153.472
6171.373
6189.300000000001
6207.253
6225.232
6243.236999999999
6261.268
6279.325
6297.408
6315.517
6333.652000000001
6351.813
6370.0
6388.213
6406.451999999999
6424.717000000001
6443.008
6461.325
6479.668
6498.037
6516.432000000001
6534.852999999999
6553.299999999999
6571.773
6590.272
6608.797
6627.348
6645.925
6664.528
6683.156999999999
6701.812
6720.493000000001
6739.200000000001
6757.933
6776.692
6795.477000000001
6814.2880000000005
6833.125
6851.988
6870.876999999999
6889.792
6908.733
6927.7
6946.692999999999
6965.712000000001
6984.7570000000005
7003.8279999999995
7022.924999999999
7042.048000000001
7061.197
7080.371999999999
7099.572999999999
7118.800000000001
7138.053000000001
7157.331999999999
7176.637
7195.968000000001
7215.325000000001
7234.7080000000005
7254.117
7273.5520000000015
7293.013000000001
7312.5
7332.012999999999
7351.552
7371.117
7390.708
7410.325
7429.968
7449.637000000001
7469.332
7489.053
7508.8
7528.573
7548.372
7568.196999999999
7588.048
7607.925000000001
7627.828
7647.757
7667.7119999999995
7687.693000000001
7707.700000000001
7727.733
7747.7919999999995
7767.877
7787.988
7808.125
7828.288
7848.476999999999
7868.692000000001
7888.933
7909.2
7929.492999999999
7949.812000000001
7970.157
7990.527999999999
8010.924999999999
8031.348
8051.7970000000005
8072.272
8092.772999999999
8113.3
8133.853
8154.432
8175.036999999999
8195.668000000001
8216.325
8237.008
8257.717
8278.452000000001
8299.213000000002
8320.0
8340.813
8361.651999999998
8382.516999999998
8403.407999999998
8424.325
8445.268000000002
8466.237000000001
8487.232
8508.252999999999
8529.3
8550.373
8571.471999999998
8592.597000000003
8613.748000000001
8634.925
8656.128
8677.356999999998
8698.612
8719.893
8741.199999999999
8762.533000000001
8783.892000000002
8805.277
8826.688
8848.125
8869.588
8891.077
8912.591999999999
8934.133
8955.700000000003
8977.293000000001
8998.912
9020.557
9042.228
9063.925
9085.648
9107.396999999997
9129.172000000002
9150.973000000002
9172.800000000001
9194.653
9216.532
9238.437
9260.367999999999
9282.324999999999
9304.308000000003
9326.317000000001
9348.352
9370.413
9392.5
9414.613
9436.751999999999
9458.917
9481.107999999998
9503.325
9525.568000000001
9547.837000000001
9570.132
9592.453
9614.8
9637.172999999999
9659.571999999998
9681.997000000001
9704.448
9726.925000000001
9749.428
9771.956999999999
9794.511999999999
9817.092999999999
9839.699999999997
9862.333000000002
9884.992000000002
9907.677000000001
9930.388
9953.125
9975.888
9998.677
10021.491999999998
10044.332999999999
10067.2
10090.093
10113.012
10135.957
10158.928
10181.925
10204.947999999999
10227.997
10251.072000000002
10274.173000000003
10297.300000000001
10320.453000000001
10343.632
10366.837
10390.068
10413.324999999999
10436.608000000002
10459.917000000001
10483.252000000002
10506.613000000001
10530.0
10553.412999999999
10576.851999999999
10600.317
10623.807999999997
10647.325000000003
10670.868
10694.437000000002
10718.032
10741.653
10765.3
10788.973
10812.671999999999
10836.397
10860.148000000001
10883.925000000001
10907.728000000001
10931.556999999999
10955.411999999998
10979.293
11003.199999999999
11027.133000000002
11051.092
11075.077000000001
11099.088
11123.125
11147.187999999998
11171.276999999998
11195.392
11219.533
11243.7
11267.893
11292.112000000001
11316.357
11340.627999999999
11364.925
11389.247999999998
11413.596999999998
11437.972000000002
11462.373000000001
11486.800000000001
11511.253
11535.732
11560.237
11584.767999999998
11609.324999999997
11633.908000000003
11658.517000000002
11683.152
11707.813
11732.5
11757.213
11781.952
11806.716999999999
11831.507999999998
11856.325000000003
11881.168000000001
11906.037
11930.931999999999
11955.853
11980.8
12005.773
12030.771999999997
12055.797000000002
12080.848000000002
12105.925000000001
12131.028
12156.157
12181.312
12206.492999999999
12231.699999999999
12256.933000000003
12282.192000000001
12307.477
12332.788
12358.125
12383.488
12408.876999999999
12434.291999999998
12459.732999999998
12485.200000000003
12510.693000000001
12536.212
12561.757
12587.328
12612.925
12638.547999999999
12664.196999999998
12689.872000000003
12715.573000000002
12741.300000000001
12767.053
12792.832
12818.637
12844.467999999999
12870.324999999997
12896.208000000002
12922.117
12948.052000000001
12974.013
13000.0
13026.012999999999
13052.052
13078.116999999998
13104.207999999997
13130.325
13156.468
13182.637000000002
13208.832
13235.053
13261.3
13287.572999999999
13313.871999999998
13340.197000000002
13366.548
13392.925000000001
13419.328
13445.757
13472.212
13498.693
13525.199999999999
13551.733000000002
13578.292000000001
13604.877
13631.488000000001
13658.125
13684.788
13711.476999999999
13738.191999999997
13764.932999999999
13791.700000000003
13818.493
13845.312000000002
13872.157
13899.028
13925.925
13952.847999999998
13979.796999999999
14006.772
14033.773000000003
14060.800000000001
14087.853
14114.931999999999
14142.036999999998
14169.167999999998
14196.324999999999
14223.508000000003
14250.717000000002
14277.952000000001
14305.213000000002
14332.5
14359.813
14387.151999999998
14414.516999999998
14441.907999999998
14469.325
14496.768000000002
14524.237000000001
14551.732
14579.253
14606.8
14634.373
14661.971999999996
14689.597000000002
14717.248000000001
14744.925000000001
14772.627999999999
14800.357
14828.112
14855.892999999998
14883.699999999997
14911.533000000003
14939.392000000003
14967.277
14995.188
15023.125
15051.088
15079.077
15107.091999999997
15135.132999999998
15163.200000000003
15191.293000000001
15219.412
15247.556999999999
15275.728000000001
15303.925
15332.147999999997
15360.396999999997
15388.672000000002
15416.973000000002
15445.300000000001
15473.653000000002
15502.032
15530.437
15558.867999999999
15587.324999999999
15615.808000000003
15644.317000000003
15672.852000000003
15701.413
15730.0
15758.613000000001
15787.252
15815.916999999998
15844.607999999997
15873.325000000003
15902.068000000001
15930.837000000001
15959.632000000001
15988.453
16017.3
16046.172999999999
16075.071999999998
16103.997000000003
16132.948
16161.925000000001
16190.928000000002
16219.957
16249.011999999999
16278.092999999997
16307.199999999997
16336.333000000002
16365.492000000002
16394.677
16423.888000000003
16453.125
16482.388
16511.677
16540.992
16570.333
16599.7
16629.093
16658.512000000002
16687.957
16717.428
16746.925
16776.448
16805.997
16835.572
16865.173
16894.8
16924.452999999998
16954.132
16983.837
17013.568
17043.325
17073.108
17102.917
17132.752
17162.613
17192.5
17222.413
17252.352
17282.317
17312.307999999997
17342.325
17372.368
17402.437
17432.532
17462.653000000002
17492.8
17522.972999999998
17553.172
17583.397000000004
17613.648000000005
17643.925
17674.228
17704.556999999997
17734.911999999997
17765.292999999998
17795.699999999997
17826.133000000005
17856.592
17887.077
17917.588000000003
17948.125
17978.688
18009.277
18039.892
18070.533
18101.2
18131.893
18162.612
18193.357
18224.128
18254.925
18285.748
18316.596999999998
18347.472000000005
18378.373000000003
18409.300000000003
18440.253
18471.232
18502.236999999997
18533.267999999996
18564.324999999997
18595.408000000003
18626.517
18657.652000000002
18688.813
18720.0
18751.212999999996
18782.452
18813.716999999997
18845.007999999998
18876.325
18907.668
18939.037
18970.432
19001.853000000003
19033.3
19064.772999999997
19096.271999999997
19127.797000000002
19159.348
19190.925
19222.528
19254.157
19285.811999999998
19317.493
19349.199999999997
19380.933000000005
19412.692000000003
19444.477
19476.288
19508.125
19539.988
19571.877
19603.791999999998
19635.732999999997
19667.700000000004
19699.693
19731.712
19763.756999999998
19795.828
19827.924999999996
19860.048
19892.197
19924.372000000003
19956.573
19988.800000000003
20021.053
20053.332
20085.637
20117.967999999997
20150.324999999997
20182.708000000002
20215.117000000006
20247.552000000003
20280.013
20312.5
20345.013
20377.552
20410.116999999995
20442.707999999995
20475.325000000004
20507.968
20540.637000000002
20573.332000000002
20606.052999999996
20638.8
20671.572999999997
20704.371999999996
20737.197000000004
20770.048000000003
20802.925
20835.828
20868.756999999998
20901.712
20934.692999999996
20967.7
21000.733
21033.792
21066.877000000004
21099.988
21133.125
21166.288
21199.476999999995
21232.692
21265.932999999997
21299.200000000004
21332.493000000002
21365.812
21399.157
21432.528
21465.925
21499.347999999998
21532.796999999995
21566.272
21599.773
21633.3
21666.853000000003
21700.432
21734.037
21767.667999999998
21801.324999999997
21835.008000000005
21868.717000000004
21902.452
21936.213000000003
21970.0
22003.813
22037.652
22071.516999999996
22105.408
22139.325
22173.268
22207.237
22241.232
22275.252999999997
22309.3
22343.373
22377.471999999998
22411.597
22445.748000000003
22479.925000000003
22514.128
22548.357
22582.612
22616.892999999996
22651.199999999997
22685.533000000003
22719.892000000003
22754.277000000002
22788.688000000002
22823.125
22857.588
22892.076999999997
22926.591999999997
22961.132999999994
22995.7
23030.293
23064.912
23099.556999999997
23134.228
23168.925
23203.648
23238.396999999997
23273.172000000002
23307.973
23342.8
23377.653000000002
23412.532
23447.437
23482.367999999995
23517.324999999997
23552.308
23587.317000000003
23622.352000000003
23657.413
23692.5
23727.612999999998
23762.751999999997
23797.916999999998
23833.107999999997
23868.325000000004
23903.568000000003
23938.837
23974.132
24009.452999999998
24044.799999999996
24080.172999999995
24115.571999999996
24150.997000000003
24186.448000000004
24221.925000000003
24257.428
24292.957
24328.512
24364.093
24399.699999999997
24435.333000000002
24470.992000000002
24506.677
24542.388
24578.125
24613.888
24649.677
24685.492
24721.332999999995
24757.200000000004
24793.093
24829.012
24864.957
24900.928
24936.925
24972.947999999997
25008.996999999996
25045.072
25081.173000000003
25117.3
25153.453
25189.632
25225.837
25262.068
25298.325
25334.608000000004
25370.917000000005
25407.252
25443.613
25480.0
25516.413
25552.852
25589.316999999995
25625.807999999997
25662.325000000004
25698.868000000002
25735.437
25772.032
25808.653
25845.3
25881.972999999998
25918.672
25955.397000000004
25992.148
26028.925
26065.728000000003
26102.556999999997
26139.411999999997
26176.293
26213.199999999997
26250.133000000005
26287.092
26324.077
26361.088
26398.125
26435.188
26472.277
26509.392
26546.533
26583.7
26620.893
26658.112
26695.357000000004
26732.627999999997
26769.925
26807.248
26844.596999999998
26881.972000000005
26919.373
26956.800000000003
26994.253
27031.732
27069.236999999997
27106.768
27144.324999999997
27181.908000000003
27219.517000000003
27257.152000000002
27294.813000000002
27332.5
27370.213
27407.952
27445.716999999997
27483.507999999994
27521.325
27559.168
27597.037000000004
27634.932
27672.853
27710.8
27748.772999999997
27786.771999999997
27824.797000000002
27862.848000000005
27900.925
27939.028000000002
27977.157
28015.311999999998
28053.493
28091.699999999997
28129.933
28168.192000000003
28206.477000000003
28244.788
28283.125
28321.487999999998
28359.876999999997
28398.291999999998
28436.732999999997
28475.200000000004
28513.693000000003
28552.212000000003
28590.757
28629.327999999998
28667.924999999996
28706.548
28745.197
28783.872000000003
28822.573000000004
28861.300000000003
28900.053
28938.832000000002
28977.637
29016.468
29055.324999999997
29094.208000000006
29133.117000000002
29172.052000000003
29211.013000000003
29250.0
29289.013
29328.051999999996
29367.117
29406.208
29445.325000000004
29484.468
29523.637000000002
29562.832
29602.053
29641.3
29680.572999999997
29719.872
29759.197000000004
29798.548000000003
29837.925
29877.328
29916.756999999998
29956.212
29995.693
30035.2
30074.733000000004
30114.292
30153.877
30193.488
30233.125
30272.787999999997
30312.477
30352.192
30391.932999999997
30431.700000000004
30471.493000000002
30511.312
30551.157000000003
30591.028
30630.925
30670.847999999998
30710.796999999995
30750.772000000004
30790.773
30830.800000000003
30870.853
30910.932
30951.037
30991.167999999998
31031.324999999997
31071.508
31111.717000000004
31151.952
31192.213
31232.5
31272.813000000002
31313.152
31353.516999999996
31393.907999999996
31434.325
31474.768000000004
31515.237
31555.732
31596.253
31636.8
31677.372999999996
31717.971999999994
31758.597
31799.248000000003
31839.925000000003
31880.628
31921.357
31962.111999999997
32002.893
32043.699999999997
32084.533000000003
32125.392
32166.277000000002
32207.188000000002
32248.125
32289.088
32330.076999999997
32371.091999999997
32412.132999999998
32453.2
32494.293
32535.412
32576.557
32617.728
32658.925
32700.147999999997
32741.396999999997
32782.672000000006
32823.973000000005
32865.3
32906.653000000006
32948.032
32989.437
33030.868
33072.325
33113.808000000005
33155.317
33196.852000000006
33238.413
33280.0
33321.613000000005
33363.252
33404.917
33446.60799999999
33488.325000000004
33530.06799999999
33571.83700000001
33613.63199999999
33655.453
33697.3
33739.172999999995
33781.07200000001
33822.996999999996
33864.948000000004
33906.92499999999
33948.928
33990.95700000001
34033.011999999995
34075.093
34117.2
34159.333000000006
34201.492
34243.677
34285.88799999999
34328.125
34370.38800000001
34412.676999999996
34454.992000000006
34497.33299999999
34539.7
34582.09299999999
34624.512
34666.956999999995
34709.42799999999
34751.925
34794.448
34836.99700000001
34879.572
34922.173
34964.799999999996
35007.453
35050.132000000005
35092.837
35135.56800000001
35178.325
35221.108
35263.916999999994
35306.752
35349.61299999999
35392.5
35435.41300000001
35478.352
35521.317
35564.308
35607.325000000004
35650.367999999995
35693.437000000005
35736.532
35779.653
35822.80000000001
35865.973
35909.172000000006
35952.397
35995.648
36038.924999999996
36082.228
36125.55700000001
36168.912
36212.293000000005
36255.7
36299.133
36342.592
36386.077
36429.58799999999
36473.125
36516.68800000001
36560.276999999995
36603.89200000001
36647.532999999996
36691.200000000004
36734.89299999999
36778.612
36822.35699999999
36866.128
36909.92500000001
36953.748
36997.597
37041.471999999994
37085.373
37129.299999999996
37173.253000000004
37217.23200000001
37261.236999999994
37305.268000000004
37349.325
37393.408
37437.51699999999
37481.652
37525.812999999995
37570.0
37614.21300000001
37658.452
37702.717000000004
37747.007999999994
37791.325000000004
37835.668
37880.037000000004
37924.43199999999
37968.853
38013.3
38057.773
38102.272000000004
38146.797
38191.348000000005
38235.924999999996
38280.528
38325.15700000001
38369.812
38414.49300000001
38459.2
38503.933000000005
38548.691999999995
38593.477
38638.28799999999
38683.125
38727.988000000005
38772.877
38817.792
38862.733
38907.700000000004
38952.69299999999
38997.712
39042.75699999999
39087.827999999994
39132.925
39178.047999999995
39223.197
39268.371999999996
39313.573000000004
39358.79999999999
39404.053
39449.33200000001
39494.636999999995
39539.96800000001
39585.325
39630.708000000006
39676.11699999999
39721.552
39767.01299999999
39812.5
39858.013000000006
39903.552
39949.117
39994.708
40040.325
40085.96799999999
40131.637
40177.331999999995
40223.053
40268.8
40314.573
40360.372
40406.197
40452.048
40497.92499999999
40543.828
40589.75700000001
40635.712
40681.69300000001
40727.7
40773.73300000001
40819.791999999994
40865.87700000001
40911.988
40958.125
41004.28800000001
41050.477
41096.69200000001
41142.933
41189.200000000004
41235.492999999995
41281.812000000005
41328.15699999999
41374.528
41420.92500000001
41467.348
41513.797
41560.272
41606.773
41653.299999999996
41699.853
41746.43200000001
41793.037
41839.668000000005
41886.325
41933.00800000001
41979.717
42026.452000000005
42073.212999999996
42120.0
42166.81300000001
42213.651999999995
42260.51700000001
42307.407999999996
42354.325000000004
42401.268
42448.237
42495.23199999999
42542.253000000004
42589.30000000001
42636.37299999999
42683.472
42730.596999999994
42777.74800000001
42824.924999999996
42872.128
42919.35700000001
42966.612
43013.89300000001
43061.2
43108.533
43155.892
43203.277
43250.687999999995
43298.125
43345.588
43393.077
43440.592000000004
43488.132999999994
43535.700000000004
43583.29299999999
43630.912000000004
43678.55699999999
43726.227999999996
43773.925
43821.647999999994
43869.397000000004
43917.172
43964.973000000005
44012.799999999996
44060.653000000006
44108.53200000001
44156.437
44204.368
44252.325
44300.308000000005
44348.31699999999
44396.352
44444.41299999999
44492.5
44540.613000000005
44588.75199999999
44636.917
44685.10799999999
44733.325000000004
44781.568
44829.837
44878.132
44926.453
44974.8
45023.172999999995
45071.572
45119.996999999996
45168.448000000004
45216.92499999999
45265.428
45313.957
45362.511999999995
45411.09300000001
45459.7
45508.333000000006
45556.99199999999
45605.677
45654.38799999999
45703.125
45751.888000000006
45800.676999999996
45849.492000000006
45898.333
45947.200000000004
45996.09299999999
46045.012
46093.95699999999
46142.928
46191.925
46240.948
46289.997
46339.07199999999
46388.173
46437.29999999999
46486.453
46535.63200000001
46584.837
46634.06800000001
46683.325
46732.608
46781.916999999994
46831.252
46880.61299999999
46930.0
46979.41300000001
47028.852
47078.317
47127.808
47177.325000000004
47226.867999999995
47276.437
47326.03199999999
47375.653
47425.30000000001
47474.973
47524.672000000006
47574.397
47624.148
47673.924999999996
47723.727999999996
47773.55700000001
47823.412
47873.293000000005
47923.2
47973.133
48023.092
48073.077000000005
48123.08799999999
48173.125
48223.18800000001
48273.277
48323.39200000001
48373.532999999996
48423.700000000004
48473.893
48524.112
48574.35699999999
48624.628
48674.92500000001
48725.248
48775.597
48825.971999999994
48876.373
48926.799999999996
48977.253000000004
49027.73200000001
49078.237
49128.768000000004
49179.325
49229.908
49280.51699999999
49331.152
49381.812999999995
49432.5
49483.21300000001
49533.952
49584.717000000004
49635.507999999994
49686.325000000004
49737.16799999999
49788.037000000004
49838.93199999999
49889.853
49940.80000000001
49991.773
50042.772000000004
50093.79699999999
50144.848
50195.924999999996
50247.028
50298.15700000001
50349.312
50400.49300000001
50451.7
50502.933000000005
50554.191999999995
50605.477
50656.78799999999
50708.125
50759.48800000001
50810.877
50862.29200000001
50913.733
50965.200000000004
51016.69299999999
51068.212
51119.75699999999
51171.328
51222.925
51274.548
51326.19700000001
51377.871999999996
51429.573
51481.29999999999
51533.053
51584.83200000001
51636.637
51688.468
51740.325
51792.208000000006
51844.11699999999
51896.052
51948.01299999999
52000.0
52052.013000000006
52104.051999999996
52156.117000000006
52208.208
52260.325000000004
52312.46799999999
52364.637
52416.83199999999
52469.053
52521.3
52573.573
52625.872
52678.19699999999
52730.54800000001
52782.92499999999
52835.328
52887.75700000001
52940.212
52992.69300000001
53045.2
53097.73300000001
53150.291999999994
53202.877
53255.48799999999
53308.125
53360.78800000001
53413.47699999999
53466.192
53518.93299999999
53571.700000000004
53624.492999999995
53677.312
53730.15699999999
53783.028
53835.92500000001
53888.848
53941.797000000006
53994.772
54047.77300000001
54100.799999999996
54153.853
54206.93200000001
54260.037000000004
54313.168000000005
54366.325
54419.508
54472.71699999999
54525.952000000005
54579.212999999996
54632.5
54685.81300000001
54739.152
54792.517
54845.907999999996
54899.325000000004
54952.76799999999
55006.237
55059.731999999996
55113.253000000004
55166.80000000001
55220.37299999999
55273.972
55327.596999999994
55381.24800000001
55434.924999999996
55488.628
55542.357
55596.112
55649.893000000004
55703.7
55757.533
55811.39199999999
55865.277
55919.187999999995
55973.125
56027.088
56081.077
56135.09200000001
56189.132999999994
56243.200000000004
56297.293
56351.412
56405.556999999986
56459.727999999996
56513.92500000001
56568.147999999994
56622.397000000004
56676.67199999999
56730.973000000005
56785.299999999996
56839.653
56894.032000000014
56948.437
57002.86800000001
57057.325
57111.808000000005
57166.316999999995
57220.852000000006
57275.41299999999
57330.0
57384.613000000005
57439.252
57493.91700000001
57548.60799999999
57603.325000000004
57658.06799999999
57712.837
57767.63199999999
57822.453
57877.3
57932.172999999995
57987.07200000001
58041.996999999996
58096.948000000004
58151.92499999999
58206.928
58261.95700000001
58317.012
58372.09300000001
58427.2
58482.333000000006
58537.492
58592.676999999996
58647.887999999984
58703.125
58758.388000000006
58813.676999999996
58868.992000000006
58924.333
58979.700000000004
59035.09299999999
59090.511999999995
59145.95699999999
59201.428
59256.925
59312.448
59367.997
59423.57199999999
59479.173
59534.79999999999
59590.453
59646.13200000001
59701.837
59757.568000000014
59813.325
59869.108
59924.91699999999
59980.752
60036.61299999999
60092.5
60148.413000000015
60204.352
60260.317
60316.308
60372.325000000004
60428.36799999999
60484.437
60540.53199999999
60596.653000000006
60652.80000000001
60708.973
60765.172000000006
60821.39699999999
60877.648
60933.92499999999
60990.227999999996
61046.55700000001
61102.912000000004
61159.293000000005
61215.7
61272.13300000001
61328.59199999999
61385.077000000005
61441.58799999999
61498.125
61554.68800000001
61611.276999999995
61667.89200000001
61724.532999999996
61781.200000000004
61837.893
61894.61200000001
61951.356999999996
62008.128
62064.92500000001
62121.748
62178.59700000001
62235.471999999994
62292.373
62349.299999999996
62406.253000000004
62463.23200000001
62520.236999999994
62577.26800000001
62634.325
62691.40800000001
62748.51699999999
62805.652
62862.81299999999
62920.0
62977.21300000001
63034.452000000005
63091.717000000004
63149.008
63206.325000000004
63263.66799999999
63321.037000000004
63378.431999999986
63435.852999999996
63493.30000000001
63550.772999999994
63608.272000000004
63665.79699999999
63723.348000000005
63780.924999999996
63838.528000000006
63896.157000000014
63953.812
64011.49300000001
64069.2
64126.933000000005
64184.691999999995
64242.477000000006
64300.28799999999
64358.125
64415.98800000001
64473.877
64531.792
64589.73299999999
64647.700000000004
64705.69299999999
64763.71200000001
64821.75699999999
64879.828
64937.925
64996.047999999995
65054.19700000001
65112.37199999999
65170.573000000004
65228.79999999999
65287.053
65345.33200000001
65403.636999999995
65461.96800000001
65520.32499999999
65578.708
65637.11699999998
65695.55200000001
65754.01299999999
65812.5
65871.013
65929.552
65988.117
66046.708
66105.32500000001
66163.968
66222.637
66281.33199999998
66340.053
66398.8
66457.57299999999
66516.372
66575.197
66634.04800000001
66692.92499999999
66751.828
66810.75700000001
66869.712
66928.69300000001
66987.7
67046.73300000001
67105.792
67164.87700000001
67223.988
67283.125
67342.288
67401.477
67460.692
67519.933
67579.2
67638.49299999999
67697.81199999999
67757.15699999999
67816.528
67875.925
67935.348
67994.797
68054.272
68113.773
68173.3
68232.853
68292.432
68352.037
68411.668
68471.325
68531.008
68590.71699999999
68650.452
68710.21299999999
68770.0
68829.81300000001
68889.652
68949.51699999999
69009.408
69069.325
69129.268
69189.23700000001
69249.23199999999
69309.253
69369.3
69429.37299999999
69489.472
69549.597
69609.748
69669.92499999999
69730.128
69790.357
69850.61200000001
69910.89300000001
69971.2
70031.53300000001
70091.89199999999
70152.277
70212.688
70273.125
70333.58800000002
70394.07699999999
70454.59200000002
70515.13299999999
70575.7
70636.29299999999
70696.912
70757.55699999999
70818.22799999999
70878.92500000002
70939.64799999999
71000.39700000001
71061.17199999999
71121.97300000001
71182.79999999999
71243.653
71304.53200000002
71365.43699999999
71426.368
71487.32499999998
71548.308
71609.317
71670.35200000001
71731.413
71792.5
71853.61300000001
71914.752
71975.91700000002
72037.108
72098.32500000001
72159.568
72220.837
72282.132
72343.45300000001
72404.8
72466.173
72527.572
72588.997
72650.448
72711.92499999999
72773.428
72834.95700000001
72896.512
72958.09300000001
73019.7
73081.33300000001
73142.992
73204.677
73266.38799999999
73328.125
73389.88800000002
73451.677
73513.49200000001
73575.33299999998
73637.20000000001
73699.093
73761.012
73822.957
73884.928
73946.92500000002
74008.94799999999
74070.997
74133.07199999999
74195.17300000001
74257.29999999999
74319.453
74381.63200000001
74443.837
74506.068
74568.325
74630.60800000001
74692.91699999999
74755.252
74817.613
74880.0
74942.41300000002
75004.85199999998
75067.31700000001
75129.808
75192.325
75254.86799999999
75317.437
75380.03199999999
75442.65299999999
75505.3
75567.973
75630.672
75693.397
75756.148
75818.925
75881.728
75944.55700000002
76007.41200000001
76070.293
76133.2
76196.133
76259.09199999999
76322.077
76385.08799999999
76448.125
76511.18800000001
76574.27699999999
76637.392
76700.533
76763.7
76826.893
76890.112
76953.35699999999
77016.628
77079.925
77143.24799999999
77206.59700000001
77269.972
77333.373
77396.79999999999
77460.25300000001
77523.73200000002
77587.237
77650.76800000001
77714.325
77777.908
77841.51699999999
77905.152
77968.813
78032.5
78096.21300000002
78159.952
78223.717
78287.508
78351.325
78415.16799999999
78479.037
78542.93199999999
78606.853
78670.80000000002
78734.773
78798.772
78862.79699999999
78926.848
78990.92499999999
79055.02799999999
79119.157
79183.312
79247.49300000002
79311.69999999998
79375.933
79440.192
79504.477
79568.788
79633.125
79697.48800000001
79761.87700000001
79826.292
79890.733
79955.20000000001
80019.69299999998
80084.212
80148.75699999998
80213.328
80277.925
80342.548
80407.19700000001
80471.87199999999
80536.573
80601.29999999999
80666.053
80730.83200000001
80795.637
80860.46800000002
80925.325
80990.20800000001
81055.11699999998
81120.052
81185.01299999999
81250.0
81315.013
81380.052
81445.117
81510.208
81575.32500000001
81640.46799999998
81705.637
81770.83199999998
81836.053
81901.30000000002
81966.57299999999
82031.872
82097.197
82162.54800000001
82227.92499999999
82293.32800000001
82358.75700000001
82424.21199999998
82489.693
82555.2
82620.73300000001
82686.29199999999
82751.87700000001
82817.48799999998
82883.125
82948.78800000002
83014.477
83080.19200000001
83145.93299999999
83211.7
83277.493
83343.312
83409.15699999999
83475.02799999999
83540.925
83606.848
83672.797
83738.77199999998
83804.773
83870.8
83936.853
84002.932
84069.037
84135.168
84201.325
84267.50800000002
84333.71699999999
84399.952
84466.21299999999
84532.5
84598.81300000001
84665.152
84731.517
84797.90799999998
84864.325
84930.768
84997.23700000001
85063.73199999999
85130.25300000001
85196.80000000002
85263.37299999999
85329.97200000001
85396.597
85463.248
85529.92499999999
85596.628
85663.35700000002
85730.112
85796.89300000001
85863.7
85930.533
85997.39199999999
86064.277
86131.18799999998
86198.125
86265.088
86332.077
86399.092
86466.133
86533.2
86600.29299999999
86667.41200000001
86734.55699999999
86801.728
86868.92500000002
86936.148
87003.39700000001
87070.67199999999
87137.973
87205.29999999999
87272.653
87340.03200000002
87407.437
87474.86800000002
87542.32499999998
87609.808
87677.317
87744.85200000001
87812.41299999999
87880.0
87947.61300000001
88015.252
88082.917
88150.608
88218.32500000001
88286.06799999998
88353.837
88421.632
88489.453
88557.3
88625.173
88693.072
88760.99699999999
88828.948
88896.92499999999
88964.928
89032.95700000001
89101.01199999999
89169.09300000001
89237.2
89305.333
89373.492
89441.67700000001
89509.88799999999
89578.125
89646.388
89714.677
89782.99200000001
89851.333
89919.70000000001
89988.093
90056.512
90124.957
90193.428
90261.92500000002
90330.448
90398.99700000002
90467.57199999999
90536.173
90604.79999999999
90673.45300000001
90742.13200000001
90810.837
90879.56800000001
90948.325
91017.10800000001
91085.917
91154.75200000001
91223.61299999998
91292.5
91361.41300000002
91430.352
91499.31700000001
91568.30799999999
91637.325
91706.36799999999
91775.437
91844.53199999998
91913.653
91982.8
92051.973
92121.172
92190.397
92259.648
92328.925
92398.22799999999
92467.55700000002
92536.912
92606.293
92675.7
92745.133
92814.592
92884.077
92953.58799999999
93023.125
93092.68800000001
93162.27699999999
93231.892
93301.533
93371.2
93440.893
93510.61200000001
93580.35699999999
93650.128
93719.92500000002
93789.748
93859.59700000001
93929.47199999998
93999.37299999999
94069.29999999999
94139.253
94209.232
94279.237
94349.26800000001
94419.325
94489.40800000001
94559.51699999998
94629.652
94699.81299999998
94770.0
94840.213
94910.45199999999
94980.717
95051.00799999999
95121.325
95191.66799999999
95262.037
95332.43199999999
95402.853
95473.30000000002
95543.773
95614.27200000001
95684.79699999999
95755.348
95825.92499999999
95896.528
95967.157
96037.81199999999
96108.493
96179.19999999998
96249.93300000002
96320.69199999998
96391.477
96462.28799999999
96533.125
96603.98800000001
96674.877
96745.79200000002
96816.73300000001
96887.70000000001
96958.69299999998
97029.712
97100.75699999998
97171.828
97242.925
97314.048
97385.19700000001
97456.372
97527.573
97598.79999999999
97670.053
97741.33200000001
97812.637
97883.96800000001
97955.325
98026.708
98098.11699999998
98169.552
98241.01299999999
98312.5
98384.013
98455.552
98527.11700000001
98598.708
98670.32500000001
98741.968
98813.637
98885.332
98957.053
99028.80000000002
99100.573
99172.372
99244.19699999999
99316.048
99387.92499999999
99459.828
99531.75700000001
99603.712
99675.69300000001
99747.7
99819.73300000001
99891.79199999999
99963.877
100035.98799999998
100108.125
100180.288
100252.477
100324.69200000001
100396.93299999999
100469.2
100541.49299999999
100613.812
100686.15699999999
100758.528
100830.925
100903.348
100975.79700000002
101048.272
101120.77300000002
101193.3
101265.853
101338.43200000002
101411.037
101483.66800000002
101556.325
101629.008
101701.71699999999
101774.452
101847.21299999999
101920.0
101992.81300000001
102065.652
102138.517
102211.408
102284.325
102357.26799999998
102430.237
102503.23199999999
102576.253
102649.30000000002
102722.373
102795.47200000001
102868.597
102941.748
103014.92499999999
103088.128
103161.35700000002
103234.612
103307.893
103381.2
103454.53300000001
103527.89199999999
103601.277
103674.688
103748.125
103821.58800000002
103895.077
103968.592
104042.13299999999
104115.7
104189.29299999999
104262.91200000001
104336.55699999999
104410.22799999999
104483.92500000002
104557.64799999999
104631.39700000001
104705.172
104778.97300000001
104852.79999999999
104926.653
105000.53200000002
105074.437
105148.368
105222.32499999998
105296.308
105370.317
105444.352
105518.41299999999
105592.5
105666.61300000001
105740.752
105814.917
105889.108
105963.32500000001
106037.568
106111.837
106186.132
106260.453
106334.8
106409.173
106483.572
106557.99699999999
106632.448
106706.92499999999
106781.42800000001
106855.95700000001
106930.51199999999
107005.09300000001
107079.7
107154.33300000001
107228.992
107303.67700000001
107378.38799999999
107453.125
107527.88800000002
107602.677
107677.492
107752.333
107827.20000000001
107902.093
107977.012
108051.95699999998
108126.928
108201.92500000002
108276.94799999999
108351.99700000002
108427.072
108502.17300000001
108577.29999999999
108652.453
108727.63200000001
108802.837
108878.06800000001
108953.325
109028.60800000001
109103.91699999999
109179.25200000001
109254.613
109330.0
109405.41300000002
109480.852
109556.317
109631.808
109707.325
109782.86799999999
109858.43699999999
109934.03199999998
110009.653
110085.3
110160.97299999998
110236.672
110312.397
110388.14800000002
110463.925
110539.728
110615.55700000002
110691.412
110767.29300000002
110843.2
110919.133
110995.09199999999
111071.077
111147.08799999999
111223.125
111299.18800000001
111375.277
111451.39200000002
111527.533
111603.7
111679.89299999998
111756.11200000001
111832.35699999999
111908.628
111984.92500000002
112061.24799999999
112137.597
112213.972
112290.373
112366.79999999999
112443.253
112519.732
112596.23700000001
112672.76800000001
112749.325
112825.90800000001
112902.51699999999
112979.152
113055.813
113132.5
113209.21300000002
113285.95199999999
113362.71700000002
113439.50799999999
113516.325
113593.16799999999
113670.037
113746.93199999999
113823.85299999999
113900.80000000002
113977.77299999999
114054.77200000001
114131.79699999999
114208.84800000001
114285.92499999999
114363.028
114440.15700000002
114517.31199999999
114594.493
114671.69999999998
114748.933
114826.192
114903.47700000001
114980.788
115058.125
115135.48800000001
115212.877
115290.29200000002
115367.733
115445.20000000001
115522.693
115600.212
115677.75699999998
115755.32800000001
115832.925
115910.548
115988.197
116065.872
116143.573
116221.29999999999
116299.053
116376.83200000002
116454.637
116532.46800000001
116610.325
116688.20800000001
116766.117
116844.05200000001
116922.01299999999
117000.0
117078.01300000002
117156.052
117234.11700000001
117312.20799999998
117390.32500000001
117468.468
117546.637
117624.832
117703.053
117781.30000000002
117859.57299999999
117937.872
118016.19699999999
118094.54800000001
118172.92499999999
118251.328
118329.75700000001
118408.212
118486.69300000001
118565.2
118643.73300000001
118722.29199999999
118800.877
118879.488
118958.125
119036.78800000002
119115.47699999998
119194.19200000001
119272.93299999999
119351.7
119430.49299999999
119509.312
119588.15699999999
119667.02799999999
119745.925
119824.848
119903.797
119982.772
120061.773
120140.8
120219.853
120298.93200000002
120378.03700000001
120457.168
120536.325
120615.508
120694.71699999999
120773.952
120853.21299999999
120932.5
121011.81300000001
121091.15199999999
121170.517
121249.908
121329.325
121408.768
121488.237
121567.73199999999
121647.253
121726.80000000002
121806.37299999999
121885.97200000001
121965.597
122045.248
122124.92499999999
122204.62800000001
122284.35700000002
122364.112
122443.89300000001
122523.7
122603.533
122683.39199999999
122763.277
122843.18799999998
122923.125
123003.08800000002
123083.07699999999
123163.092
123243.133
123323.20000000001
123403.29299999999
123483.412
123563.55699999999
123643.728
123723.92500000002
123804.148
123884.397
123964.67199999999
124044.973
124125.29999999999
124205.65299999999
124286.032
124366.437
124446.86800000002
124527.32499999998
124607.808
124688.31699999998
124768.852
124849.41299999999
124930.0
125010.61300000001
125091.25200000001
125171.917
125252.608
125333.32500000001
125414.06799999998
125494.837
125575.63199999998
125656.453
125737.3
125818.173
125899.07200000001
125979.99699999999
126060.948
126141.92499999999
126222.928
126303.95700000001
126385.012
126466.09300000002
126547.2
126628.33300000001
126709.49199999998
126790.677
126871.88799999998
126953.125
127034.388
127115.677
127196.99200000001
127278.333
127359.70000000001
127441.09299999998
127522.512
127603.95699999998
127685.428
127766.92500000002
127848.44799999999
127929.997
128011.572
128093.17300000001
128174.79999999999
128256.45300000001
128338.13200000001
128419.83699999998
128501.568
128583.325
128665.10800000001
128746.91699999999
128828.75200000001
128910.61299999998
128992.5
129074.41300000002
129156.352
129238.31700000001
129320.30799999999
129402.325
129484.36799999999
129566.437
129648.53199999999
129730.65299999999
129812.8
129894.973
129977.172
130059.39699999998
130141.648
130223.92499999999
130306.228
130388.557
130470.912
130553.293
130635.7
130718.13300000002
130800.59199999999
130883.077
130965.58799999999
131048.125
131130.68800000002
131213.277
131295.89200000002
131378.533
131461.2
131543.89299999998
131626.61200000002
131709.357
131792.128
131874.92500000002
131957.748
132040.597
132123.472
132206.37300000002
132289.3
132372.253
132455.23200000002
132538.237
132621.268
132704.325
132787.40800000002
132870.517
132953.652
133036.813
133120.0
133203.213
133286.45200000002
133369.717
133453.008
133536.32499999998
133619.668
133703.03699999998
133786.43199999997
133869.85300000003
133953.30000000002
134036.773
134120.27199999997
134203.79700000002
134287.34800000003
134370.925
134454.52799999996
134538.157
134621.812
134705.493
134789.2
134872.93300000002
134956.69199999998
135040.47699999996
135124.28800000003
135208.125
135291.98799999998
135375.877
135459.79200000002
135543.733
135627.69999999995
135711.69300000003
135795.712
135879.75699999998
135963.82800000004
136047.92500000002
136132.04799999998
136216.197
136300.372
136384.573
136468.8
136553.05299999999
136637.33200000002
136721.637
136805.968
136890.32500000004
136974.708
137059.117
137143.55199999997
137228.013
137312.5
137397.01299999998
137481.55200000005
137566.117
137650.70799999998
137735.32499999998
137819.96800000002
137904.63700000002
137989.33199999997
138074.053
138158.8
138243.573
138328.37199999997
138413.19700000001
138498.048
138582.925
138667.82799999998
138752.757
138837.71199999997
138922.693
139007.7
139092.733
139177.792
139262.87699999998
139347.98800000004
139433.125
139518.288
139603.47700000004
139688.692
139773.933
139859.19999999998
139944.49300000002
140029.812
140115.157
140200.52800000002
140285.92500000002
140371.348
140456.797
140542.27200000003
140627.773
140713.3
140798.85299999997
140884.432
140970.037
141055.66799999998
141141.325
141227.008
141312.717
141398.45199999996
141484.21300000002
141570.0
141655.81299999997
141741.65200000003
141827.517
141913.408
141999.32499999998
142085.268
142171.237
142257.232
142343.25300000003
142429.30000000002
142515.373
142601.47199999998
142687.59700000004
142773.74800000002
142859.925
142946.128
143032.35700000002
143118.612
143204.89299999998
143291.20000000004
143377.533
143463.892
143550.27699999997
143636.68800000002
143723.125
143809.588
143896.07700000005
143982.592
144069.133
144155.69999999998
144242.29300000003
144328.912
144415.557
144502.22800000003
144588.92500000002
144675.648
144762.39699999997
144849.17200000002
144935.973
145022.8
145109.65299999996
145196.532
145283.437
145370.368
145457.325
145544.308
145631.317
145718.35199999996
145805.41300000003
145892.5
145979.61299999998
146066.75200000004
146153.917
146241.10799999998
146328.32499999995
146415.56800000003
146502.837
146590.13199999998
146677.45300000004
146764.80000000002
146852.173
146939.57199999996
147026.997
147114.448
147201.925
147289.42799999996
147376.95700000002
147464.512
147552.09299999996
147639.70000000004
147727.333
147814.992
147902.67699999997
147990.388
148078.125
148165.88799999998
148253.67700000003
148341.492
148429.33299999998
148517.19999999998
148605.09300000002
148693.01200000002
148780.957
148868.92800000004
148956.925
149044.94799999997
149132.997
149221.07200000001
149309.173
149397.3
149485.45299999995
149573.632
149661.837
149750.06799999997
149838.325
149926.608
150014.917
150103.25199999998
150191.613
150280.0
150368.41299999997
150456.85200000004
150545.31699999998
150633.808
150722.32499999998
150810.86800000002
150899.437
150988.03199999998
151076.65300000002
151165.30000000002
151253.973
151342.672
151431.39700000003
151520.14800000002
151608.925
151697.72799999997
151786.55700000003
151875.412
151964.29299999998
152053.2
152142.133
152231.092
152320.07699999996
152409.08800000002
152498.125
152587.188
152676.27700000003
152765.39200000002
152854.53299999997
152943.69999999998
153032.893
153122.112
153211.35699999996
153300.62800000003
153389.92500000002
153479.248
153568.59699999998
153657.97200000004
153747.373
153836.8
153926.25299999997
154015.73200000002
154105.237
154194.76799999998
154284.32500000004
154373.908
154463.517
154553.15199999997
154642.81300000002
154732.5
154822.213
154911.95200000002
155001.71700000003
155091.508
155181.32499999998
155271.168
155361.037
155450.932
155540.85300000003
155630.80000000002
155720.77300000002
155810.77199999997
155900.79700000002
155990.848
156080.925
156171.02799999996
156261.157
156351.31199999998
156441.493
156531.7
156621.93300000002
156712.19199999998
156802.47699999998
156892.788
156983.125
157073.48799999998
157163.87700000004
157254.29200000002
157344.733
157435.19999999995
157525.693
157616.212
157706.75699999998
157797.32800000004
157887.92500000002
157978.54799999998
158069.19699999996
158159.87200000003
158250.573
158341.3
158432.05299999999
158522.83200000002
158613.63700000002
158704.46799999996
158795.32500000004
158886.208
158977.11699999997
159068.05199999997
159159.013
159250.0
159341.01299999998
159432.05200000003
159523.11700000003
159614.208
159705.32499999998
159796.468
159887.637
159978.832
160070.053
160161.3
160252.573
160343.87199999997
160435.19700000001
160526.548
160617.925
160709.32799999998
160800.757
160892.212
160983.69299999997
161075.2
161166.733
161258.292
161349.87699999998
161441.488
161533.125
161624.788
161716.477
161808.192
161899.933
161991.69999999995
162083.49300000005
162175.312
162267.15699999998
162359.02800000005
162450.92500000002
162542.848
162634.797
162726.77200000003
162818.773
162910.8
163002.85299999994
163094.93200000003
163187.03699999998
163279.16799999998
163371.325
163463.50800000003
163555.71699999998
163647.952
163740.21300000002
163832.5
163924.81299999997
164017.15200000003
164109.51700000002
164201.908
164294.32499999998
164386.76800000004
164479.237
164571.732
164664.25300000006
164756.80000000002
164849.373
164941.97199999998
165034.597
165127.24800000002
165219.925
165312.62799999997
165405.35700000002
165498.112
165590.89299999998
165683.70000000004
165776.53300000002
165869.392
165962.27699999997
166055.188
166148.125
166241.088
166334.07700000002
166427.092
166520.133
166613.19999999998
166706.29300000003
166799.412
166892.55699999997
166985.72800000003
167078.92500000002
167172.148
167265.39699999997
167358.67200000002
167451.973
167545.3
167638.65299999996
167732.03200000004
167825.437
167918.868
168012.325
168105.80800000002
168199.31699999998
168292.85199999998
168386.41300000003
168480.0
168573.61299999998
168667.25200000004
168760.91700000002
168854.60799999998
168948.32499999995
169042.06800000003
169135.837
169229.63199999998
169323.45300000004
169417.30000000002
169511.173
169605.072
169698.99700000003
169792.948
169886.925
169980.92799999996
170074.957
170169.01200000002
170263.093
170357.20000000004
170451.33299999998
170545.49199999997
170639.67699999997
170733.888
170828.125
170922.38799999998
171016.67700000003
171110.99200000003
171205.33299999998
171299.69999999998
171394.09300000002
171488.512
171582.957
171677.42800000004
171771.92500000002
171866.448
171960.99699999997
172055.57200000004
172150.17299999998
172244.8
172339.45299999998
172434.132
172528.837
172623.568
172718.325
172813.108
172907.917
173002.75199999998
173097.613
173192.5
173287.41299999997
173382.352
173477.317
173572.308
173667.32499999995
173762.36800000002
173857.437
173952.53199999998
174047.65300000002
174142.80000000002
174237.973
174333.17199999996
174428.397
174523.64800000002
174618.925
174714.22799999997
174809.557
174904.91199999998
175000.29299999998
175095.7
175191.133
175286.59199999998
175382.077
175477.58800000002
175573.125
175668.688
175764.27700000003
175859.89200000002
175955.533
176051.19999999998
176146.893
176242.61200000002
176338.357
176434.12800000003
176529.92500000002
176625.748
176721.59699999995
176817.472
176913.373
177009.3
177105.25299999997
177201.23200000002
177297.23700000002
177393.26799999995
177489.32500000004
177585.408
177681.517
177777.65199999997
177873.81300000002
177970.0
178066.21299999996
178162.45200000002
178258.717
178355.00799999997
178451.32499999998
178547.668
178644.03699999998
178740.43199999997
178836.85300000003
178933.30000000002
179029.77300000002
179126.272
179222.79700000002
179319.348
179415.925
179512.528
179609.15700000004
179705.812
179802.49299999996
179899.2
179995.93300000002
180092.69199999998
180189.47699999996
180286.288
180383.125
180479.98799999998
180576.877
180673.79200000002
180770.73299999998
180867.69999999995
180964.69300000003
181061.712
181158.75699999998
181255.828
181352.92500000002
181450.04799999998
181547.197
181644.37200000003
181741.57300000003
181838.8
181936.05299999999
182033.33200000002
182130.637
182227.96799999996
182325.32500000004
182422.708
182520.117
182617.55199999997
182715.01300000004
182812.5
182910.01299999998
183007.55200000003
183105.117
183202.70799999998
183300.32499999998
183397.96800000002
183495.63700000002
183593.332
183691.05300000004
183788.80000000002
183886.57299999997
183984.37199999997
184082.19700000004
184180.048
184277.925
184375.82799999995
184473.757
184571.712
184669.69299999997
184767.7
184865.733
184963.792
185061.87699999995
185159.988
185258.125
185356.28799999997
185454.47700000004
185552.692
185650.93300000002
185749.19999999995
185847.49300000002
185945.812
186044.157
186142.52800000005
186240.92500000002
186339.348
186437.79699999996
186536.27200000003
186634.77300000002
186733.3
186831.85299999994
186930.432
187029.03699999998
187127.66799999998
187226.32500000004
187325.008
187423.71699999998
187522.45199999996
187621.21300000002
187720.0
187818.81299999997
187917.65200000003
188016.517
188115.408
188214.32499999998
188313.268
188412.23700000002
188511.232
188610.25300000003
188709.30000000002
188808.373
188907.47199999998
189006.59700000004
189105.748
189204.925
189304.12799999997
189403.35700000002
189502.612
189601.89299999998
189701.20000000004
189800.53300000002
189899.892
189999.27699999997
190098.68800000002
190198.125
190297.588
190397.07700000005
190496.592
190596.133
190695.69999999998
190795.293
190894.91199999998
190994.55699999997
191094.22800000003
191193.92500000002
191293.648
191393.39699999997
191493.17200000002
191592.97300000003
191692.8
191792.65299999996
191892.532
191992.437
192092.368
192192.325
192292.30800000002
192392.31699999998
192492.35199999996
192592.41300000003
192692.5
192792.61299999998
192892.75200000004
192992.91700000002
193093.108
193193.32499999995
193293.56800000003
193393.837
193494.13199999998
193594.45300000004
193694.80000000002
193795.17299999998
193895.572
193995.99700000003
194096.448
194196.925
194297.42799999996
194397.95700000002
194498.512
194599.093
194699.70000000004
194800.333
194900.992
195001.67699999997
195102.388
195203.125
195303.88799999998
195404.67700000005
195505.492
195606.33299999998
195707.19999999998
195808.09300000002
195909.01200000002
196009.95699999997
196110.92800000004
196211.92500000002
196312.948
196413.99699999997
196515.07200000001
196616.173
196717.3
196818.45299999998
196919.632
197020.83699999997
197122.06799999997
197223.325
197324.608
197425.917
197527.25199999998
197628.61300000004
197730.0
197831.413
197932.85200000004
198034.317
198135.808
198237.32499999995
198338.86800000002
198440.437
198542.03199999998
198643.65300000002
198745.30000000002
198846.97299999997
198948.67199999996
199050.39700000003
199152.14800000002
199253.925
199355.72799999997
199457.55700000003
199559.412
199661.29299999998
199763.20000000004
199865.13300000003
199967.092
200069.07699999996
200171.08800000002
200273.125
200375.18799999997
200477.27700000003
200579.392
200681.533
200783.69999999998
200885.89300000004
200988.112
201090.357
201192.62800000003
201294.92500000002
201397.248
201499.59699999998
201601.97200000004
201704.37300000002
201806.8
201909.25299999997
202011.73200000002
202114.237
202216.76799999998
202319.32500000004
202421.908
202524.517
202627.15199999997
202729.81300000002
202832.5
202935.213
203037.95200000005
203140.717
203243.508
203346.32499999998
203449.16800000003
203552.037
203654.932
203757.85300000006
203860.80000000002
203963.773
204066.77199999997
204169.79700000005
204272.848
204375.925
204479.02799999996
204582.157
204685.312
204788.493
204891.7
204994.933
205098.192
205201.47699999996
205304.78800000003
205408.125
205511.48799999998
205614.87700000004
205718.292
205821.73299999998
205925.19999999995
206028.69300000003
206132.212
206235.75699999998
206339.32800000004
206442.92500000002
206546.548
206650.19699999996
206753.872
206857.573
206961.3
207065.05299999996
207168.83200000002
207272.637
207376.46799999996
207480.32500000004
207584.208
207688.117
207792.05199999997
207896.01300000004
208000.0
208104.01299999998
208208.05200000003
208312.117
208416.20799999998
208520.32499999998
208624.46800000002
208728.63700000002
208832.832
208937.05300000004
209041.30000000002
209145.57299999997
209249.87199999997
209354.19700000001
209458.548
209562.925
209667.32799999995
209771.757
209876.212
209980.69299999997
210085.2
210189.733
210294.292
210398.87699999998
210503.488
210608.125
210712.78799999997
210817.47700000004
210922.19200000004
211026.933
211131.69999999995
211236.49300000002
211341.312
211446.15699999998
211551.02800000005
211655.92500000002
211760.848
211865.797
211970.77200000003
212075.77300000002
212180.8
212285.85299999997
212390.93200000003
212496.037
212601.16799999998
212706.32500000004
212811.508
212916.717
213021.95199999996
213127.21300000005
213232.5
213337.813
213443.15200000003
213548.51700000002
213653.90799999997
213759.32499999998
213864.768
213970.237
214075.73199999996
214181.25300000003
214286.80000000002
214392.373
214497.97199999998
214603.59700000004
214709.248
214814.925
214920.62799999997
215026.35700000002
215132.112
215237.89299999998
215343.70000000004
215449.533
215555.392
215661.27699999997
215767.18800000002
215873.125
215979.088
216085.07700000002
216191.09200000003
216297.133
216403.19999999998
216509.293
216615.412
216721.557
216827.72800000003
216933.92500000002
217040.14800000002
217146.39699999997
217252.67200000002
217358.973
217465.3
217571.65299999996
217678.032
217784.43699999998
217890.86799999996
217997.325
218103.80800000002
218210.31699999998
218316.85199999998
218423.41300000003
218530.0
218636.61299999998
218743.25200000004
218849.91700000002
218956.608
219063.32499999995
219170.068
219276.837
219383.63199999998
219490.45300000004
219597.30000000002
219704.17299999998
219811.07199999996
219917.99700000003
220024.948
220131.925
220238.92799999999
220345.95700000002
220453.01200000002
220560.09299999996
220667.20000000004
220774.333
220881.49199999997
220988.67699999997
221095.888
221203.125
221310.38799999998
221417.67700000003
221524.99200000003
221632.333
221739.69999999998
221847.09300000002
221954.512
222061.957
222169.428
222276.92500000002
222384.448
222491.99699999997
222599.57200000001
222707.173
222814.8
222922.45299999998
223030.132
223137.837
223245.56799999997
223353.325
223461.108
223568.917
223676.75199999998
223784.61300000004
223892.5
224000.413
224108.352
224216.317
224324.308
224432.32499999995
224540.36800000005
224648.437
224756.53199999998
224864.65300000005
224972.80000000002
225080.973
225189.172
225297.39700000003
225405.648
225513.925
225622.22799999994
225730.55700000003
225838.91199999998
225947.29299999998
226055.70000000004
226164.13300000003
226272.59199999998
226381.077
226489.58800000002
226598.125
226706.68799999997
226815.27700000003
226923.89200000002
227032.533
227141.19999999998
227249.89300000004
227358.612
227467.357
227576.12800000006
227684.92500000002
227793.748
227902.59699999998
228011.47200000004
228120.37300000002
228229.3
228338.25299999994
228447.23200000002
228556.237
228665.26799999998
228774.32500000004
228883.40800000002
228992.51699999996
229101.65199999997
229210.813
229320.0
229429.213
229538.45200000002
229647.717
229757.008
229866.32499999998
229975.66800000003
230085.037
230194.43199999997
230303.85300000003
230413.30000000002
230522.773
230632.27199999997
230741.79700000002
230851.348
230960.925
231070.52799999996
231180.15700000004
231289.812
231399.493
231509.2
231618.93300000002
231728.69199999998
231838.47699999998
231948.28800000003
232058.125
232167.98799999998
232277.87700000004
232387.79200000002
232497.73299999998
232607.69999999995
232717.69300000003
232827.712
232937.75699999995
233047.82800000004
233157.92500000002
233268.048
233378.197
233488.37200000003
233598.573
233708.8
233819.05299999996
233929.33200000002
234039.63700000002
234149.968
234260.32500000004
234370.70799999998
234481.11699999997
234591.55199999994
234702.013
234812.5
234923.01299999998
235033.55200000003
235144.11700000003
235254.70799999998
235365.32499999998
235475.96800000002
235586.637
235697.332
235808.05300000004
235918.80000000002
236029.573
236140.37199999997
236251.19700000004
236362.04799999998
236472.925
236583.82799999995
236694.757
236805.712
236916.693
237027.7
237138.733
237249.792
237360.87699999995
237471.988
237583.125
237694.28799999997
237805.477
237916.692
238027.933
238139.19999999995
238250.49300000002
238361.812
238473.15699999998
238584.52800000005
238695.92500000002
238807.348
238918.79699999996
239030.27200000006
239141.77300000002
239253.3
239364.85299999997
239476.432
239588.03699999998
239699.66799999995
239811.32500000004
239923.008
240034.71699999998
240146.45199999996
240258.21300000002
240370.0
240481.813
240593.65200000006
240705.51700000002
240817.408
240929.32499999998
241041.268
241153.23700000002
241265.232
241377.25300000003
241489.30000000002
241601.373
241713.47199999995
241825.597
241937.748
242049.925
242162.12799999997
242274.35700000002
242386.61200000002
242498.89299999995
242611.20000000004
242723.533
242835.892
242948.27699999994
243060.68800000002
243173.125
243285.58799999996
243398.07700000005
243510.592
243623.13299999997
243735.69999999995
243848.29300000003
243960.91199999998
244073.55699999997
244186.22800000003
244298.92500000002
244411.64800000002
244524.39699999997
244637.17200000002
244749.973
244862.8
244975.65299999996
245088.53200000004
245201.437
245314.36799999996
245427.325
245540.30800000002
245653.31699999998
245766.35199999996
245879.413
245992.5
246105.61299999998
246218.75200000004
246331.91700000002
246445.10799999998
246558.32499999995
246671.56800000003
246784.837
246898.13199999998
247011.45300000004
247124.80000000002
247238.17299999998
247351.572
247464.99700000003
247578.44800000003
247691.92499999996
247805.42799999999
247918.95700000002
248032.512
248146.09299999996
248259.70000000004
248373.333
248486.992
248600.67699999997
248714.38800000004
248828.125
248941.88799999998
249055.67700000005
249169.492
249283.33299999998
249397.19999999998
249511.09300000002
249625.01200000002
249738.95699999997
249852.92800000004
249966.92500000002
250080.94799999997
250194.99699999997
250309.07200000004
250423.173
250537.3
250651.45299999995
250765.63200000004
250879.837
250994.06799999997
251108.325
251222.608
251336.917
251451.25199999995
251565.613
