0.0
2.06406552667152e-05
8.25626210668608e-05
0.00018576589740043677
0.0003302504842674432
0.0005160163816678801
0.0007430635896017471
0.001011392108069045
0.0013210019370697727
0.001671893076603931
0.0020640655266715205
0.0024975192872725397
0.0029722543584069882
0.0034882707400748694
0.00404556843227618
0.004644147435010919
0.005284007748279091
0.005965149372080694
0.006687572306415724
0.007451276551284187
0.008256262106686082
0.009102528972621404
0.009990077149090159
0.010918906636092343
0.011889017433627953
0.012900409541696998
0.013953082960299477
0.015047037689435383
0.01618227372910472
0.017358791079307483
0.018576589740043677
0.019835669711313304
0.021136030993116364
0.02247767358545286
0.023860597488322775
0.025284802701726117
0.026750289225662895
0.028257057060133105
0.02980510620513675
0.03139443666067382
0.03302504842674433
0.03469694150334825
0.036410115890485616
0.0381645715881564
0.039960308596360634
0.04179732691509828
0.04367562654436937
0.04559520748417387
0.04755606973451181
0.049558213295383194
0.05160163816678799
0.05368634434872623
0.05581233184119791
0.057979600644202996
0.06018815075774153
0.06243798218181348
0.06472909491641889
0.06706148896155766
0.06943516431722993
0.07185012098343559
0.0743063589601747
0.07680387824744726
0.07934267884525321
0.08192276075359263
0.08454412397246545
0.08720676850187171
0.08991069434181144
0.09265590149228453
0.0954423899532911
0.09827015972483104
0.10113921080690447
0.1040495431995113
0.10700115690265158
0.10999405191632528
0.11302822824053242
0.116103685875273
0.119220424820547
0.12237844507635444
0.12557774664269528
0.12881832951956956
0.13210019370697731
0.13542333920491845
0.138787766013393
0.14219347413240097
0.14564046356194246
0.1491287343020173
0.1526582863526256
0.15622911971376732
0.15984123438544254
0.1634946303676511
0.1671893076603931
0.17092526626366852
0.17470250617747748
0.17852102740181977
0.1823808299366955
0.18628191378210465
0.19022427893804725
0.19420792540452333
0.19823285318153278
0.20229906226907565
0.20640655266715197
0.21055532437576177
0.21474537739490493
0.21897671172458155
0.22324932736479164
0.2275632243155351
0.23191840257681198
0.23631486214862232
0.24075260303096613
0.2452316252238433
0.2497519287272539
0.254313513541198
0.25891637966567554
0.26356052710068634
0.2682459558462306
0.2729726659023085
0.2777406572689197
0.2825499299460643
0.28740048393374235
0.2922923192319539
0.2972254358406988
0.30219983375997717
0.30721551298978905
0.31227247353013426
0.31737071538101286
0.32251023854242505
0.3276910430143705
0.3329131287968494
0.3381764958898618
0.3434811442934077
0.34882707400748686
0.3542142850320995
0.35964277736724576
0.3651125510129252
0.3706236059691381
0.3761759422358845
0.3817695598131644
0.3874044587009776
0.39308063889932415
0.39879810040820424
0.40455684322761787
0.4103568673575648
0.4161981727980452
0.4220807595490591
0.4280046276106063
0.433969776982687
0.4399762076653011
0.44602391965844873
0.4521129129621297
0.4582431875763441
0.464414743501092
0.4706275807363733
0.476881699282188
0.483177099138536
0.48951378030541776
0.4958917427828327
0.5023109865707811
0.508771511669263
0.5152733180782783
0.521816405797827
0.5284007748279093
0.5350264251685247
0.5416933568196738
0.548401569781356
0.555151064053572
0.5619418396363213
0.5687738965296039
0.57564723473342
0.5825618542477699
0.5895177550726527
0.5965149372080693
0.6035534006540192
0.6106331454105024
0.6177541714775192
0.6249164788550693
0.632120067543153
0.6393649375417702
0.6466510888509204
0.6539785214706044
0.6613472354008216
0.6687572306415724
0.6762085071928567
0.6837010650546741
0.6912349042270254
0.6988100247099099
0.7064264265033277
0.7140841096072791
0.7217830740217641
0.729523319746782
0.7373048467823334
0.7451276551284186
0.7529917447850372
0.760897115752189
0.7688437680298745
0.7768317016180933
0.7848609165168454
0.7929314127261311
0.80104319024595
0.8091962490763026
0.8173905892171888
0.8256262106686079
0.8339031134305604
0.8422212975030471
0.8505807628860665
0.8589815095796197
0.867423537583706
0.8759068468983262
0.8844314375234793
0.8929973094591666
0.9016044627053865
0.9102528972621404
0.9189426131294273
0.9276736103072479
0.9364458887956018
0.9452594485944893
0.9541142897039102
0.9630104121238645
0.971947815854352
0.9809265008953733
0.9899464672469275
0.9990077149090156
1.008110243881637
1.017254054164792
1.0264391457584803
1.0356655186627022
1.044933172877457
1.0542421084027453
1.0635923252385673
1.0729838233849225
1.0824166028418118
1.091890663609234
1.10140600568719
1.1109626290756789
1.1205605337747016
1.1301997197842573
1.139880187104347
1.1496019357349694
1.1593649656761262
1.1691692769278157
1.179014869490039
1.1889017433627953
1.1988298985460857
1.2087993350399087
1.2188100528442662
1.2288620519591562
1.23895533238458
1.249089894120537
1.2592657371670277
1.2694828615240514
1.279741267191609
1.2900409541697002
1.3003819224583242
1.310764172057482
1.321187702967173
1.3316525151873977
1.3421586087181554
1.3527059835594473
1.3632946397112717
1.3739245771736308
1.384595795946522
1.3953082960299474
1.4060620774239059
1.416857140128398
1.4276934841434235
1.438571109468983
1.4494900161050748
1.460450204051701
1.4714516733088596
1.4824944238765525
1.4935784557547782
1.504703768943538
1.5158703634428305
1.5270782392526576
1.538327396373017
1.5496178348039105
1.560949554545337
1.5723225555972966
1.5837368379597905
1.595192401632817
1.606689246616378
1.6182273729104715
1.6298067805150989
1.6414274694302593
1.6530894396559537
1.6647926911921809
1.6765372240389425
1.6883230381962364
1.7001501336640643
1.7120185104424253
1.7239281685313201
1.735879107930748
1.7478713286407097
1.7599048306612044
1.7719796139922335
1.784095678633795
1.7962530245858905
1.8084516518485187
1.8206915604216811
1.8329727503053763
1.845295221499606
1.857658974004368
1.8700640078196635
1.8825103229454931
1.8949979193818556
1.907526797128752
1.920096956186181
1.9327083965541443
1.945361118232641
1.958055121221671
1.9707904055212337
1.9835669711313308
1.9963848180519603
2.0092439462831244
2.0221443558248207
2.035086046677052
2.048069018839816
2.061093272313113
2.0741588070969432
2.087265623191308
2.1004137205962055
2.113603099311637
2.1268337593376008
2.140105700674099
2.15341892332113
2.166773427278695
2.180169212546793
2.193606279125424
2.207084627014589
2.220604256214288
2.23416516672452
2.247767358545285
2.261410831676584
2.2750955861184154
2.2888216218707815
2.30258893893368
2.3163975373071137
2.3302474169910794
2.3441385779855786
2.3580710202906108
2.3720447439061774
2.386059748832277
2.40011603506891
2.4142136026160768
2.428352451473777
2.4425325816420096
2.4567539931207767
2.471016685910077
2.4853206600099105
2.499665915420277
2.5140524521411787
2.528480270172612
2.542949369514579
2.5574597501670806
2.5720114121301147
2.5866043554036815
2.6012385799877826
2.6159140858824177
2.6306308730875854
2.6453889416032865
2.660188291429521
2.6750289225662898
2.6899108350135914
2.704834028771427
2.7197985038397947
2.7348042602186964
2.749851297908132
2.7649396169081015
2.7800692172186032
2.7952400988396398
2.8104522617712084
2.8257057060133106
2.8410004315659463
2.8563364384291163
2.871713726602819
2.8871322960870565
2.902592146881825
2.918093278987128
2.933635692402964
2.9492193871293337
2.964844363166238
2.9805106205136744
2.996218159171646
3.0119669791401487
3.027757080419186
3.043588463008756
3.0594611269088605
3.075375072119498
3.0913302986406697
3.1073268064723734
3.123364595614611
3.1394436660673817
3.1555640178306867
3.1717256509045244
3.1879285652888956
3.2041727609838
3.2204582379892392
3.2367849963052104
3.2531530359317165
3.269562356868755
3.2860129591163263
3.3025048426744315
3.31903800754307
3.335612453722242
3.3522281812119497
3.3688851900121883
3.3855834801229605
3.402323051544266
3.419103904276106
3.435926038318479
3.4527894536713846
3.469694150334824
3.486640128308798
3.503627387593305
3.5206559281883445
3.537725750093917
3.5548368533100265
3.571989237836666
3.5891829036738394
3.606417850821546
3.6236940792797876
3.6410115890485617
3.658370380127869
3.675770452517709
3.6932118062180845
3.7106944412289917
3.7282183575504324
3.745783555182407
3.7633900341249147
3.781037794377957
3.7987268359415314
3.816457158815641
3.8342287630002816
3.852041648495458
3.869895815301166
3.887791263417408
3.9057279928441835
3.923706003581493
3.941725295629335
3.95978586898771
3.977887723656619
3.9960308596360625
4.014215276926039
4.032440975526548
4.0507079554375895
4.069016216659168
4.087365759191278
4.105756583033921
4.124188688187097
4.142662074650809
4.161176742425051
4.179732691509828
4.198329921905138
4.216968433610981
4.23564822662736
4.254369300954269
4.273131656591713
4.29193529353969
4.310780211798204
4.329666411367247
4.348593892246825
4.367562654436936
4.386572697937582
4.40562402274876
4.4247166288704705
4.4438505163027155
4.463025685045494
4.482242135098806
4.501499866462651
4.520798879137029
4.5401391731219425
4.559520748417388
4.578943605023365
4.5984077429398775
4.617913162166926
4.637459862704505
4.6570478445526176
4.676677107711263
4.696347652180442
4.716059477960156
4.735812585050402
4.755606973451181
4.775442643162494
4.795319594184343
4.8152378265167215
4.835197340159635
4.855198135113081
4.875240211377065
4.895323568951578
4.915448207836625
4.935614128032205
4.95582132953832
4.976069812354967
4.996359576482148
5.016690621919862
5.037062948668111
5.057476556726892
5.077931446096206
5.098427616776053
5.118965068766436
5.139543802067351
5.160163816678801
5.180825112600782
5.201527689833297
5.222271548376347
5.243056688229928
5.263883109394044
5.284750811868692
5.305659795653876
5.326610060749591
5.34760160715584
5.368634434872622
5.38970854389994
5.410823934237789
5.431980605886172
5.453178558845087
5.47441779311454
5.495698308694523
5.517020105585039
5.538383183786088
5.559787543297674
5.58123318411979
5.60272010625244
5.6242483096956235
5.645817794449342
5.667428560513592
5.689080607888377
5.710773936573694
5.732508546569544
5.754284437875932
5.776101610492849
5.797960064420299
5.819859799658284
5.841800816206804
5.863783114065855
5.8858066932354385
5.907871553715557
5.92997769550621
5.952125118607396
5.974313823019113
5.996543808741365
6.018815075774152
6.041127624117471
6.063481453771322
6.08587656473571
6.1083129570106305
6.130790630596083
6.153309585492068
6.175869821698588
6.198471339215642
6.2211141380432275
6.243798218181348
6.266523579630001
6.2892902223891864
6.312098146458909
6.334947351839162
6.3578378385299485
6.380769606531268
6.403742655843125
6.426756986465512
6.449812598398432
6.472909491641886
6.496047666195875
6.5192271220603955
6.542447859235449
6.565709877721037
6.58901317751716
6.612357758623815
6.635743621041002
6.6591707647687235
6.68263918980698
6.70614889615577
6.7296998838150905
6.753292152784946
6.776925703065336
6.800600534656257
6.824316647557714
6.848074041769701
6.871872717292224
6.8957126741252806
6.919593912268869
6.943516431722992
6.967480232487648
6.991485314562839
7.015531677948562
7.039619322644818
7.063748248651607
7.087918455968934
7.1121299445967905
7.13638271453518
7.160676765784103
7.185012098343562
7.209388712213552
7.233806607394075
7.258265783885132
7.2827662416867245
7.307307980798848
7.331891001221505
7.356515302954695
7.381180885998424
7.405887750352681
7.430635896017472
7.455425322992797
7.480256031278654
7.5051280208750475
7.530041291781973
7.55499584399943
7.579991677527422
7.605028792365949
7.630107188515008
7.655226865974599
7.680387824744724
7.705590064825385
7.730833586216576
7.7561183889183045
7.781444472930564
7.806811838253357
7.832220484886684
7.857670412830543
7.883161622084935
7.908694112649862
7.934267884525323
7.959882937711316
7.985539272207841
8.011236888014905
8.036975785132498
8.062755963560624
8.088577423299283
8.114440164348478
8.140344186708209
8.166289490378468
8.192276075359263
8.21830394165059
8.244373089252452
8.270483518164847
8.296635228387773
8.322828219921236
8.349062492765231
8.37533804691976
8.401654882384822
8.428012999160416
8.454412397246548
8.480853076643209
8.507335037350403
8.533858279368133
8.560422802696396
8.587028607335192
8.61367569328452
8.640364060544382
8.66709370911478
8.69386463899571
8.720676850187171
8.747530342689167
8.774425116501696
8.80136117162476
8.828338508058357
8.855357125802488
8.882417024857151
8.909518205222351
8.93666066689808
8.963844409884343
8.99106943418114
9.018335739788473
9.045643326706337
9.072992194934733
9.100382344473662
9.12781377532313
9.155286487483126
9.182800480953658
9.21035575573472
9.237952311826323
9.265590149228455
9.293269267941119
9.320989667964318
9.34875134929805
9.376554311942314
9.404398555897112
9.432284081162443
9.46021088773831
9.48817897562471
9.516188344821641
9.544238995329108
9.572330927147107
9.60046414027564
9.628638634714708
9.656854410464307
9.68511146752444
9.713409805895107
9.741749425576307
9.770130326568038
9.798552508870305
9.827015972483107
9.85552071740644
9.884066743640307
9.912654051184706
9.941282640039642
9.969952510205108
9.998663661681109
10.027416094467641
10.056209808564715
10.085044803972314
10.113921080690448
10.142838638719114
10.171797478058316
10.20079759870805
10.229839000668322
10.258921683939123
10.288045648520459
10.317210894412325
10.346417421614726
10.37566523012766
10.40495431995113
10.434284691085136
10.46365634352967
10.49306927728474
10.522523492350341
10.552018988726477
10.581555766413146
10.611133825410349
10.640753165718085
10.670413787336358
10.700115690265159
10.729858874504494
10.759643340054366
10.789469086914771
10.819336115085708
10.849244424567178
10.879194015359179
10.909184887461716
10.939217040874786
10.969290475598392
10.999405191632528
11.029561188977196
11.059758467632406
11.089997027598141
11.120276868874413
11.150597991461217
11.180960395358559
11.21136408056643
11.241809047084834
11.272295294913771
11.302822824053242
11.333391634503247
11.364001726263785
11.394653099334855
11.425345753716465
11.456079689408604
11.486854906411276
11.51767140472448
11.548529184348226
11.579428245282497
11.6103685875273
11.64135021108264
11.672373115948512
11.703437302124918
11.734542769611856
11.76568951840933
11.796877548517335
11.828106859935879
11.859377452664951
11.890689326704559
11.922042482054698
11.953436918715376
11.984872636686584
12.016349635968323
12.047867916560595
12.079427478463401
12.111028321676743
12.142670446200617
12.174353852035024
12.20607853917997
12.237844507635442
12.26965175740145
12.301500288477992
12.333390100865067
12.365321194562679
12.39729356957082
12.429307225889493
12.4613621635187
12.493458382458444
12.525595882708718
12.557774664269527
12.589994727140866
12.622256071322747
12.654558696815155
12.686902603618098
12.719287791731574
12.751714261155582
12.784182011890124
12.8166910439352
12.849241357290808
12.881832951956957
12.914465827933633
12.947139985220842
12.979855423818584
13.012612143726866
13.045410144945675
13.07824942747502
13.111129991314895
13.144051836465305
13.177014962926249
13.210019370697726
13.243065059779736
13.27615203017228
13.309280281875356
13.342449814888967
13.37566062921312
13.408912724847799
13.44220610179301
13.475540760048753
13.508916699615032
13.542333920491842
13.575792422679188
13.609292206177065
13.64283327098548
13.676415617104425
13.710039244533904
13.743704153273915
13.777410343324462
13.811157814685538
13.844946567357152
13.878776601339297
13.91264791663198
13.946560513235193
13.98051439114894
14.01450955037322
14.04854599090803
14.082623712753378
14.116742715909256
14.150903000375669
14.185104566152615
14.219347413240106
14.25363154163812
14.287956951346665
14.322323642365745
14.356731614695358
14.391180868335505
14.425671403286184
14.460203219547399
14.49477631711915
14.529390696001432
14.564046356194247
14.598743297697593
14.633481520511475
14.668261024635889
14.703081810070836
14.737943876816319
14.772847224872338
14.807791854238886
14.842777764915967
14.877804956903582
14.91287343020173
14.947983184810413
14.983134220729628
15.018326537959375
15.053560136499659
15.08883501635048
15.124151177511829
15.15950861998371
15.194907343766126
15.230347348859073
15.265828635262563
15.301351202976578
15.336915052001126
15.372520182336215
15.408166593981832
15.443854286937983
15.479583261204665
15.515353516781882
15.551165053669632
15.587017871867914
15.622911971376734
15.658847352196087
15.694824014325972
15.730841957766389
15.76690118251734
15.803001688578824
15.83914347595084
15.875326544633392
15.911550894626476
15.947816525930095
15.98412343854425
16.020471632468936
16.056861107704155
16.093291864249906
16.12976390210619
16.166277221273006
16.202831821750358
16.239427703538244
16.276064866636673
16.31274331104563
16.349463036765112
16.38622404379513
16.423026332135684
16.45986990178677
16.496754752748387
16.53368088502054
16.570648298603235
16.60765699349645
16.644706969700206
16.68179822721449
16.71893076603931
16.756104586174665
16.793319687620553
16.83057607037697
16.867873734443926
16.905212679821418
16.94259290650944
16.98001441450799
17.017477203817077
17.0549812744367
17.09252662636685
17.13011325960754
17.16774117415876
17.205410370020523
17.243120847192817
17.280872605675636
17.31866564546899
17.35649996657288
17.3943755689873
17.432292452712254
17.470250617747745
17.508250064093772
17.546290791750327
17.584372800717418
17.62249609099504
17.660660662583194
17.698866515481882
17.737113649691103
17.775402065210862
17.81373176204115
17.852102740181977
17.890514999633332
17.928968540395225
17.967463362467647
18.005999465850604
18.044576850544093
18.083195516548116
18.121855463862673
18.16055669248777
18.19929920242339
18.23808299366955
18.27690806622624
18.31577442009346
18.35468205527122
18.39363097175951
18.432621169558338
18.471652648667703
18.510725409087595
18.54983945081802
18.58899477385898
18.62819137821047
18.667429263872492
18.70670843084505
18.746028879128144
18.78539060872177
18.824793619625932
18.864237911840625
18.90372348536585
18.943250340201608
18.9828184763479
19.022427893804725
19.062078592572085
19.101770572649976
19.141503834038406
19.18127837673737
19.22109420074686
19.260951306066886
19.300849692697447
19.34078936063854
19.380770309890163
19.420792540452325
19.46085605232503
19.50096084550826
19.54110692000202
19.58129427580631
19.62152291292114
19.6617928313465
19.702104031082392
19.74245651212882
19.78285027448578
19.82328531815328
19.86376164313131
19.90427924941987
19.944838137018962
19.985438305928593
20.026079756148754
20.066762487679448
20.107486500520675
20.148251794672444
20.189058370134738
20.229906226907566
20.270795364990928
20.311725784384823
20.35269748508925
20.393710467104214
20.43476473042971
20.475860275065745
20.516997101012308
20.558175208269404
20.599394596837033
20.640655266715203
20.681957217903896
20.723300450403126
20.76468496421289
20.806110759333187
20.847577835764024
20.88908619350539
20.930635832557286
20.972226752919713
21.013858954592674
21.055532437576176
21.097247201870204
21.13900324747477
21.18080057438987
21.222639182615502
21.264519072151664
21.306440242998363
21.348402695155595
21.39040642862336
21.432451443401657
21.474537739490486
21.51666531688986
21.55883417559976
21.60104431562019
21.643295736951156
21.685588439592657
21.727922423544687
21.77029768880725
21.812714235380348
21.855172063263982
21.89767117245816
21.94021156296286
21.982793234778093
22.025416187903858
22.068080422340156
22.11078593808699
22.153532735144353
22.196320813512255
22.239150173190698
22.28202081417966
22.32493273647916
22.367885940089195
22.41088042500976
22.45391619124086
22.496993238782494
22.54011156763466
22.583271177797368
22.6264720692706
22.66971424205437
22.71299769614867
22.756322431553507
22.79968844826887
22.843095746294775
22.886544325631206
22.930034186278174
22.973565328235694
23.01713775150373
23.060751456082293
23.104406441971395
23.14810270917103
23.191840257681196
23.2356190875019
23.279439198633135
23.32330059107491
23.367203264827214
23.411147219890047
23.45513245626342
23.49915897394732
23.543226772941754
23.587335853246728
23.631486214862228
23.67567785778827
23.71991078202484
23.764184987571944
23.808500474429582
23.85285724259775
23.89725529207645
23.941694622865693
23.98617523496546
24.030697128375767
24.07526030309661
24.119864759127978
24.164510496469884
24.20919751512232
24.25392581508529
24.298695396358802
24.34350625894284
24.38835840283741
24.433251828042522
24.47818653455816
24.523162522384332
24.568179791521032
24.613238341968273
24.658338173726047
24.70347928679435
24.748661681173186
24.793885356862567
24.839150313862476
24.88445655217291
24.929804071793885
24.97519287272539
25.02062295496743
25.066094318520005
25.11160696338311
25.157160889556746
25.202756097040925
25.248392585835635
25.294070355940875
25.339789407356648
25.38554974008295
25.431351354119794
25.477194249467164
25.52307842612507
25.569003884093526
25.6149706233725
25.660978643962007
25.70702794586205
25.753118529072623
25.799250393593727
25.84542353942537
25.891637966567544
25.93789367502026
25.9841906647835
26.030528935857276
26.076908488241582
26.12332932193642
26.169791436941797
26.21629483325771
26.26283951088415
26.309425469821125
26.35605271006864
26.402721231626682
26.44943103449526
26.49618211867437
26.54297448416401
26.589808130964183
26.636683059074894
26.68359926849614
26.73055675922792
26.777555531270224
26.82459558462308
26.871676919286454
26.918799535260362
26.965963432544804
27.013168611139783
27.06041507104529
27.107702812261344
27.15503183478792
27.20240213862503
27.249813723772675
27.297266590230855
27.34476073799956
27.392296167078804
27.439872877468584
27.487490869168894
27.53515014217975
27.582850696501122
27.630592532133036
27.678375649075477
27.726200047328454
27.77406572689197
27.821972687766014
27.86992092995059
27.917910453445714
27.965941258251355
28.014013344367537
28.06212671179425
28.11028136053149
28.15847729057927
28.206714501937586
28.25499299460643
28.303312768585826
28.351673823875736
28.400076160476182
28.448519778387162
28.497004677608675
28.54553085814072
28.5940983199833
28.642707063136413
28.69135708760006
28.74004839337425
28.78878098045896
28.837554848854207
28.886369998559985
28.9352264295763
28.984124141903145
29.033063135540527
29.082043410488442
29.131064966746898
29.180127804315877
29.229231923195393
29.278377323385442
29.32756400488602
29.376791967697134
29.42606121181878
29.475371737250963
29.524723543993694
29.57411663204694
29.623551001410725
29.673026652085042
29.72254358406989
29.77210179736527
29.821701291971188
29.871342067887635
29.921024125114617
29.970747463652142
30.02051208350019
30.070317984658775
30.12016516712789
30.17005363090754
30.21998337599772
30.26995440239844
30.31996671010969
30.37002029913148
30.420115169463795
30.470251321106645
30.52042875406003
30.570647468323948
30.620907463898394
30.671208740783378
30.721551298978895
30.771935138484952
30.82236025930154
30.872826661428658
30.92333434486631
30.9738833096145
31.024473555673218
31.075105083042466
31.125777891722255
31.17649198171257
31.22724735301343
31.278044005624814
31.328881939546736
31.379761154779185
31.43068165132217
31.481643429175687
31.53264648833974
31.583690828814326
31.63477645059945
31.685903353695107
31.737071538101294
31.78828100381801
31.839531750845264
31.890823779183048
31.942157088831365
31.993531679790223
32.04494755205962
32.096404705639536
32.14790314052999
32.199442856730975
32.2510238542425
32.30264613306455
32.35430969319713
32.406014534640256
32.45776065739391
32.50954806145811
32.561376746832835
32.61324671351809
32.66515796151387
32.7171104908202
32.76910430143705
32.82113939336444
32.87321576660236
32.92533342115082
32.97749235700981
33.02969257417933
33.08193407265939
33.134216852449974
33.18654091355109
33.23890625596275
33.291312879684945
33.34376078471767
33.396249971060925
33.448780438714714
33.50135218767904
33.553965217953895
33.60661952953929
33.6593151224352
33.71205199664166
33.76483015215865
33.81764958898619
33.87051030712424
33.923412306572835
33.97635558733196
34.02934014940161
34.08236599278181
34.13543311747253
34.18854152347379
34.24169121078558
34.29488217940791
34.34811442934077
34.40138796058416
34.45470277313808
34.50805886700254
34.56145624217753
34.61489489866305
34.66837483645912
34.72189605556571
34.77545855598284
34.829062337710496
34.882707400748686
34.936393745097405
34.99012137075667
35.04389027772646
35.097700466006785
35.15155193559765
35.20544468649904
35.25937871871097
35.31335403223343
35.36737062706642
35.42142850320995
35.475527660664014
35.529668099428605
35.58384981950374
35.638072820889406
35.692337103585594
35.74664266759232
35.80098951290958
35.85537763953737
35.9098070474757
35.96427773672456
36.018789707283965
36.07334295915389
36.12793749233435
36.18257330682535
36.23725040262687
36.29196877973893
36.34672843816153
36.40152937789465
36.45637159893832
36.51125510129252
36.56617988495724
36.621145949932504
36.6761532962183
36.73120192381463
36.78629183272149
36.84142302293888
36.896595494466816
36.95180924730529
37.007064281454284
37.06236059691382
37.11769819368388
37.173077071764475
37.2284972311556
37.28395867185727
37.33946139386946
37.3950053971922
37.45059068182546
37.50621724776926
37.56188509502359
37.61759422358845
37.67334463346385
37.72913632464977
37.78496929714624
37.84084355095324
37.89675908607077
37.95271590249884
38.00871400023744
38.064753379286564
38.120834039646226
38.17695598131643
38.233119204297154
38.28932370858843
38.34556949419023
38.40185656110256
38.45818490932543
38.51455453885883
38.57096544970276
38.62741764185723
38.683911115322225
38.74044587009776
38.79702190618383
38.85363922358043
38.91029782228756
38.96699770230523
39.023738863633426
39.08052130627215
39.137345030221425
39.19421003548122
39.25111632205155
39.30806388993243
39.365052739123826
39.42208286962576
39.47915428143823
39.53626697456123
39.59342094899476
39.650616204738824
39.707852741793424
39.76513056015857
39.822449659834234
39.87981004082043
39.93721170311717
39.994654646724435
40.052138871642235
40.109664377870565
40.16723116540944
40.22483923425886
40.28248858441879
40.34017921588926
40.39791112867026
40.45568432276179
40.51349879816386
40.57135455487646
40.62925159289959
40.687189912233265
40.74516951287747
40.8031903948322
40.86125255809747
40.91935600267329
40.977500728559626
41.03568673575649
41.093914024263896
41.152182594081836
41.2104924452103
41.2688435776493
41.327235991398844
41.385669686458904
41.44414466282951
41.50266092051064
41.56121845950232
41.61981727980452
41.678457381417275
41.73713876434054
41.79586142857434
41.85462537411868
41.91343060097355
41.97227710913896
42.03116489861489
42.090093969401366
42.149064321498365
42.20807595490591
42.26712886962398
42.326223065652584
42.38535854299172
42.444535301641395
42.50375334160159
42.56301266287234
42.622313265453606
42.68165514934543
42.741038314547765
42.800462761060636
42.85992848888404
42.919435498017975
42.97898378846245
43.03857336021746
43.098204213283
43.157876347659084
43.217589763345686
43.27734446034283
43.33714043865051
43.396977698268714
43.45685623919745
43.516776061436715
43.576737164986525
43.636739549846865
43.69678321601774
43.75686816349914
43.816994392291086
43.87716190239357
43.937370693806564
43.99762076653011
44.05791212056418
44.11824475590878
44.17861867256395
44.239033870529624
44.29949034980583
44.359988110392564
44.42052715228984
44.48110747549765
44.54172908001599
44.602391965844866
44.66309613298429
44.723841581434236
44.78462831119471
44.84545632226572
44.90632561464726
44.967236188339335
45.02818804334195
45.089181179655085
45.15021559727876
45.21129129621297
45.27240827645771
45.33356653801299
45.394766080878796
45.45600690505514
45.517289010542015
45.57861239733942
45.63997706544737
45.70138301486586
45.76283024559487
45.824318757634416
45.88584855098449
45.947419625645104
46.009031981616246
46.07068561889792
46.132380537490135
46.1941167373929
46.25589421860618
46.317712981129986
46.37957302496432
46.4414743501092
46.503416956564614
46.56540084433056
46.62742601340703
46.689492463794046
46.7516001954916
46.81374920849967
46.875939502818284
46.938171078447425
47.0004439353871
47.06275807363732
47.125113493198064
47.18751019406934
47.249948176251166
47.312427439743516
47.374947984546395
47.437509810659805
47.50011291808375
47.562757306818234
47.62544297686325
47.68816992821879
47.75093816088489
47.8137476748615
47.87659847014865
47.939490546746335
48.00242390465455
48.06539854387329
48.12841446440257
48.19147166624238
48.25457014939273
48.317709913853605
48.38089095962503
48.44411328670697
48.507376895099455
48.57068178480247
48.63402795581601
48.697415408140095
48.760844141774704
48.82431415671988
48.887825452975555
48.95137803054177
49.01497188941851
49.0786070296058
49.142283451103616
49.20600115391197
49.26976013803085
49.33356040346027
49.397401950200205
49.461284778250715
49.525208887611726
49.58917427828328
49.65318095026536
49.717228903557974
49.78131813816112
49.8454486540748
49.90962045129902
49.973833529833776
50.03808788967905
50.10238353083487
50.16672045330122
50.23109865707811
50.29551814216551
50.35997890856346
50.42448095627197
50.48902428529099
50.553608895620535
50.61823478726062
50.68290196021124
50.74761041447239
50.81236015004407
50.877151166926296
50.941983465119044
51.00685704462233
51.071771905436144
51.136728047560496
51.201725470995385
51.2667641757408
51.33184416179675
51.39696542916323
51.462127977840275
51.52733180782783
51.59257691912591
51.65786331173453
51.72319098565369
51.78855994088337
51.853970177423584
51.91942169527434
51.98491449443563
52.05044857490746
52.11602393668982
52.1816405797827
52.24729850418612
52.31299770990008
52.37873819692456
52.44451996525958
52.51034301490513
52.57620734586122
52.64211295812784
52.708059851704995
52.77404802659267
52.8400774827909
52.90614822029968
52.972260239118945
53.03841353924878
53.10460812068912
53.17084398344002
53.237121127501425
53.30343955287341
53.36979925955587
53.4362002475489
53.50264251685248
53.56912606746655
53.635650899391194
53.70221701262633
53.76882440717204
53.83547308302824
53.90216304019501
53.9688942786723
54.03566679846013
54.10248059955848
54.16933568196737
54.23623204568679
54.30316969071675
54.37014861705724
54.43716882470826
54.504230313669815
54.57133308394192
54.63847713552453
54.7056624684177
54.772889082621376
54.84015697813562
54.907466154960346
54.97481661309566
55.042208352541465
55.10964137329785
55.17711567536475
55.24463125874215
55.31218812343013
55.37978626942861
55.44742569673765
55.51510640535719
55.5828283952873
55.65059166652792
55.71839621907908
55.78624205294077
55.854129168113
55.92205756459576
55.99002724238905
56.05803820149288
56.12609044190723
56.19418396363212
56.26231876666757
56.33049485101351
56.39871221667002
56.46697086363702
56.5352707919146
56.603612001502675
56.671994492401325
56.74041826461046
56.80888331813017
56.877389652960424
56.945937269101165
57.01452616655248
57.08315634531428
57.15182780538666
57.220540546769534
57.28929456946298
57.35808987346694
57.42692645878143
57.49580432540646
57.56472347334202
57.63368390258812
57.70268561314474
57.7717286050119
57.840812878189595
57.90993843267782
57.9791052684766
58.048313385585885
58.11756278400573
58.18685346373607
58.25618542477699
58.3255586671284
58.394973190790374
58.464428995762844
58.5339260820459
58.60346444963947
58.673044098543556
58.74266502875818
58.812327240283345
58.882030733119066
58.951775507265275
59.021561562722056
59.09138889948935
59.16125751756718
59.23116741695554
59.30111859765444
59.37111105966387
59.441144802983835
59.511219827614326
59.581336133555354
59.65149372080692
59.721692589369034
59.79193273924165
59.862214170424835
59.93253688291851
60.00290087672276
60.0733061518375
60.143752708262824
60.214240545998635
60.28476966504502
60.35534006540192
60.42595174706935
60.496604710047315
60.567298954335804
60.63803447993484
60.70881128684441
60.7796293750645
60.85048874459516
60.92138939543629
60.99233132758802
61.063314541050254
61.13433903582302
61.20540481190631
61.27651186930015
61.347660208004505
61.41884982801942
61.49008072934486
61.56135291198081
61.63266637592733
61.70402112118435
61.77541714775193
61.84685445563001
61.91833304481866
61.989852915317805
62.06141406712753
62.13301650024776
62.204660214678526
62.276345210419834
62.34807148747166
62.419839045834024
62.491647885506936
62.56349800649036
62.63538940878435
62.707322092388836
62.77929605730389
62.851311303529435
62.923367831065555
62.99546563991217
63.06760473006936
63.139785101537036
63.2120067543153
63.28426968840408
63.35657390380336
63.42891940051322
63.50130617853357
63.57373423786449
63.646203578505904
63.718714200457896
63.79126610372038
63.86385928829344
63.936493754177
64.0091695013711
64.08188652987575
64.1546448396909
64.22744443081662
64.30028530325285
64.37316745699962
64.44609089205694
64.51905560842476
64.59206160610314
64.66510888509202
64.73819744539149
64.81132728700143
64.88449840992196
64.95771081415297
65.03096449969458
65.1042594665467
65.17759571470931
65.25097324418252
65.32439205496618
65.39785214706045
65.4713535204652
65.54489617518053
65.61848011120634
65.69210532854274
65.76577182718964
65.83947960714708
65.91322866841504
65.98701901099355
66.0608506348826
66.13472354008216
66.20863772659227
66.28259319441294
66.35658994354408
66.4306279739858
66.50470728573802
66.57882787880082
66.6529897531741
66.72719290885796
66.8014373458523
66.87572306415724
66.95005006377271
67.02441834469866
67.09882790693518
67.17327875048221
67.24777087533981
67.32230428150788
67.39687896898656
67.4714949377757
67.54615218787542
67.62085071928567
67.69559053200645
67.77037162603776
67.84519400137958
67.92005765803196
67.99496259599488
68.0699088152683
68.14489631585231
68.2199250977468
68.29499516095186
68.3701065054674
68.44525913129354
68.52045303843016
68.59568822687736
68.67096469663504
68.74628244770331
68.82164148008209
68.8970417937714
68.97248338877127
69.04796626508161
69.12349042270255
69.19905586163397
69.27466258187596
69.35031058342845
69.42599986629152
69.50173043046509
69.5775022759492
69.65331540274384
69.72916981084902
69.80506550026473
69.88100247099098
69.95698072302775
70.03300025637509
70.10906107103291
70.1851631670013
70.2613065442802
70.33749120286967
70.41371714276961
70.48998436398016
70.56629286650117
70.64264265033277
70.7190337154749
70.79546606192753
70.8719396896907
70.94845459876441
71.02501078914867
71.10160826084345
71.17824701384875
71.2549270481646
71.331648363791
71.4084109607279
71.48521483897535
71.56205999853333
71.63894643940185
71.7158741615809
71.79284316507048
71.86985344987059
71.94690501598126
72.02399786340241
72.10113199213414
72.17830740217637
72.25552409352917
72.33278206619246
72.41008132016634
72.48742185545069
72.56480367204563
72.64222676995108
72.71969114916706
72.79719680969356
72.87474375153062
72.9523319746782
73.0299614791363
73.10763226490496
73.18534433198414
73.26309768037385
73.34089231007412
73.41872822108488
73.49660541340621
73.57452388703804
73.65248364198045
73.73048467823335
73.80852699579681
73.88661059467081
73.9647354748553
74.04290163635038
74.12110907915594
74.19935780327208
74.2776478086987
74.35597909543591
74.4343516634836
74.51276551284188
74.59122064351065
74.66971705548997
74.74825474877983
74.8268337233802
74.90545397929112
74.98411551651257
75.06281833504455
75.14156243488708
75.22034781604012
75.29917447850373
75.37804242227782
75.4569516473625
75.53590215375765
75.6148939414634
75.69392701047963
75.77300136080643
75.85211699244377
75.9312739053916
76.01047209965
76.0897115752189
76.16899233209838
76.24831437028834
76.32767768978889
76.4070822905999
76.48652817272152
76.56601533615363
76.64554378089629
76.72511350694948
76.8047245143132
76.88437680298745
76.96407037297223
77.04380522426754
77.1235813568734
77.20339877078979
77.28325746601674
77.36315744255415
77.44309870040217
77.52308123956065
77.60310506002973
77.6831701618093
77.76327654489945
77.84342420930012
77.92361315501128
78.00384338203304
78.08411489036526
78.16442768000807
78.24478175096137
78.32517710322524
78.40561373679961
78.48609165168455
78.56661084788
78.647171325386
78.72777308420251
78.80841612432957
78.88910044576716
78.96982604851527
79.05059293257393
79.13140109794313
79.21225054462285
79.29314127261313
79.37407328191388
79.45504657252523
79.53606114444706
79.61711699767947
79.69821413222238
79.77935254807585
79.86053224523984
79.94175322371437
80.02301548349945
80.10431902459501
80.18566384700115
80.26704995071779
80.348477335745
80.4299460020827
80.51145594973099
80.59300717868977
80.6745996889591
80.75623348053895
80.83790855342934
80.91962490763026
81.00138254314173
81.08318145996371
81.16502165809624
81.24690313753929
81.3288258982929
81.410789940357
81.4927952637317
81.57484186841685
81.65692975441262
81.73905892171884
81.82122937033564
81.90344110026298
81.98569411150085
82.06798840404923
82.15032397790816
82.23270083307762
82.3151189695576
82.39757838734813
82.4800790864492
82.56262106686081
82.64520432858293
82.72782887161559
82.8104946959588
82.8932018016125
82.97595018857676
83.05873985685156
83.14157080643689
83.22444303733275
83.30735654953915
83.3903113430561
83.47330741788353
83.55634477402155
83.63942341147005
83.72254333022914
83.80570453029871
83.88890701167885
83.97215077436952
84.0554358183707
84.13876214368244
84.2221297503047
84.3055386382375
84.38898880748081
84.47248025803468
84.55601298989907
84.639587003074
84.72320229755948
84.80685887335547
84.89055673046201
84.97429586887905
85.05807628860666
85.1418979896448
85.22576097199345
85.30966523565266
85.39361078062238
85.47759760690266
85.56162571449345
85.64569510339479
85.72980577360663
85.81395772512904
85.89815095796195
85.98238547210545
86.06666126755944
86.15097834432396
86.23533670239904
86.31973634178463
86.40417726248076
86.48865946448743
86.57318294780463
86.65774771243235
86.74235375837063
86.82700108561943
86.91168969417875
86.99641958404864
87.081190755229
87.16600320771995
87.25085694152139
87.33575195663342
87.42068825305593
87.50566583078901
87.59068468983264
87.67574483018674
87.76084625185143
87.84598895482661
87.93117293911237
88.01639820470861
88.10166475161543
88.18697257983277
88.27232168936062
88.35771208019904
88.44314375234796
88.52861670580741
88.61413094057741
88.69968645665796
88.78528325404902
88.87092133275061
88.95660069276279
89.04232133408543
89.12808325671864
89.21388646066235
89.29973094591664
89.38561671248142
89.47154376035678
89.55751208954261
89.64352170003905
89.72957259184601
89.81566476496344
89.90179821939148
89.98797295512998
90.07418897217907
90.16044627053864
90.24674485020881
90.33308471118947
90.41946585348067
90.5058882770824
90.59235198199468
90.67885696821747
90.76540323575081
90.85199078459468
90.93861961474909
91.02528972621403
91.11200111898951
91.19875379307548
91.28554774847206
91.3723829851791
91.45925950319672
91.54617730252482
91.63313638316353
91.7201367451127
91.80717838837246
91.89426131294277
91.98138551882354
92.06855100601491
92.15575777451674
92.24300582432917
92.33029515545209
92.41762576788558
92.50499766162959
92.59241083668412
92.6798652930492
92.76736103072479
92.85489804971093
92.9424763500076
93.03009593161481
93.11775679453254
93.20545893876081
93.29320236429965
93.38098707114895
93.46881305930886
93.55668032877924
93.64458887956019
93.73253871165164
93.82052982505368
93.90856221976618
93.99663589578928
94.0847508531229
94.17290709176702
94.2611046117217
94.34934341298691
94.43762349556268
94.52594485944891
94.61430750464575
94.70271143115308
94.79115663897096
94.87964312809936
94.9681708985383
95.05673995028778
95.14535028334778
95.23400189771833
95.32269479339939
95.411428970391
95.50020442869318
95.5890211683058
95.67787918922905
95.76677849146277
95.85571907500707
95.94470093986185
96.0337240860272
96.12278851350307
96.21189422228949
96.30104121238644
96.3902294837939
96.47945903651191
96.56872987054045
96.65804198587954
96.74739538252915
96.83679006048928
96.92622601975998
97.01570326034116
97.10522178223293
97.19478158543521
97.28438266994803
97.37402503577135
97.46370868290522
97.55343361134965
97.64319982110459
97.73300731217009
97.82285608454607
97.91274613823263
98.00267747322968
98.09265008953733
98.18266398715545
98.27271916608413
98.36281562632333
98.45295336787309
98.54313239073338
98.63335269490419
98.72361428038553
98.8139171471774
98.90426129527981
98.99464672469274
99.08507343541623
99.17554142745027
99.26605070079478
99.3566012554499
99.44719309141547
99.53782620869164
99.6285006072783
99.71921628717554
99.80997324838326
99.90077149090156
99.99161101473041
100.08249181986972
100.17341390631962
100.26437727408002
100.35538192315099
100.44642785353244
100.53751506522447
100.62864355822698
100.7198133325401
100.8110243881637
100.90227672509785
100.99357034334254
101.08490524289775
101.1762814237635
101.26769888593978
101.35915762942659
101.45065765422395
101.5421989603318
101.63378154775025
101.72540541647918
101.81707056651868
101.90877699786866
102.00052471052923
102.09231370450028
102.18414397978194
102.2760155363741
102.36792837427676
102.45988249349
102.55187789401371
102.64391457584803
102.7359925389928
102.8281117834482
102.92027230921404
103.01247411629049
103.10471720467743
103.19700157437491
103.28932722538293
103.38169415770147
103.47410237133056
103.56655186627017
103.65904264252033
103.75157470008104
103.84414803895223
103.936762659134
104.02941856062625
104.1221157434291
104.21485420754242
104.30763395296633
104.40045497970071
104.49331728774568
104.58622087710121
104.67916574776719
104.77215189974378
104.86517933303082
104.95824804762846
105.0513580435366
105.14450932075532
105.2377018792845
105.33093571912427
105.42421084027455
105.51752724273538
105.61088492650673
105.7042838915886
105.79772413798104
105.89120566568398
105.98472847469748
106.07829256502151
106.17189793665604
106.26554458960115
106.35923252385673
106.45296173942292
106.54673223629958
106.64054401448682
106.73439707398455
106.82829141479284
106.92222703691168
107.01620394034103
107.1102221250809
107.20428159113132
107.29838233849232
107.39252436716377
107.48670767714582
107.58093226843833
107.67519814104145
107.76950529495508
107.86385373017922
107.95824344671391
108.05267444455913
108.14714672371488
108.24166028418117
108.33621512595799
108.43081124904538
108.52544865344323
108.62012733915168
108.7148473061706
108.80960855450012
108.90441108414012
108.9992548950907
109.09413998735175
109.18906636092342
109.28403401580556
109.37904295199824
109.47409316950147
109.56918466831522
109.66431744843952
109.75949150987434
109.8547068526197
109.94996347667558
110.045261382042
110.140600568719
110.23598103670648
110.33140278600449
110.42686581661305
110.52237012853215
110.61791572176178
110.71350259630191
110.80913075215264
110.90480018931382
111.00051090778561
111.09626290756788
111.19205618866073
111.28789075106405
111.38376659477797
111.47968371980237
111.57564212613735
111.67164181378286
111.76768278273887
111.86376503300542
111.95988856458251
112.05605337747015
112.1522594716683
112.248506847177
112.34479550399621
112.44112544212597
112.5374966615663
112.63390916231708
112.73036294437847
112.82685800775035
112.92339435243278
113.01997197842572
113.11659088572925
113.2132510743433
113.30995254426782
113.40669529550294
113.50347932804854
113.60030464190473
113.69717123707139
113.79407911354865
113.89102827133638
113.9880187104347
114.08505043084351
114.18212343256288
114.27923771559277
114.3763932799332
114.47359012558415
114.57082825254565
114.66810766081768
114.76542835040024
114.86279032129332
114.960193573497
115.05763810701112
115.15512392183584
115.25265101797105
115.35021939541683
115.4478290541731
115.54547999423994
115.64317221561734
115.7409057183052
115.83868050230366
115.93649656761258
116.03435391423211
116.1322525421621
116.23019245140271
116.32817364195377
116.42619611381542
116.52425986698759
116.62236490147029
116.7205112172635
116.81869881436728
116.91692769278157
117.0151978525064
117.11350929354177
117.21186201588766
117.31025601954408
117.40869130451107
117.50716787078854
117.60568571837659
117.70424484727512
117.80284525748426
117.90148694900385
118.00016992183406
118.09889417597478
118.19765971142598
118.29646652818776
118.39531462626003
118.4942040056429
118.59313466633623
118.69210660834017
118.79111983165457
118.89017433627956
118.98927012221505
119.08840718946108
119.18758553801766
119.28680516788475
119.38606607906237
119.48536827155054
119.58471174534925
119.68409650045847
119.78352253687824
119.88298985460857
119.98249845364936
120.08204833400076
120.18163949566264
120.2812719386351
120.38094566291804
120.48066066851156
120.5804169554156
120.68021452363016
120.78005337315528
120.87993350399088
120.97985491613709
121.07981760959376
121.17982158436102
121.27986684043876
121.37995337782709
121.48008119652592
121.58025029653528
121.68046067785518
121.78071234048561
121.88100528442658
121.98133950967808
122.08171501624011
122.18213180411267
122.28258987329579
122.38308922378945
122.48362985559358
122.58421176870833
122.68483496313351
122.78549943886932
122.88620519591558
122.98695223427245
123.08774055393981
123.18857015491773
123.28944103720616
123.39035320080512
123.49130664571463
123.59230137193465
123.69333737946523
123.79441466830633
123.895533238458
123.99669308992016
124.09789422269287
124.19913663677612
124.30042033216986
124.40174530887418
124.50311156688902
124.60451910621438
124.70596792685028
124.80745802879672
124.90898941205371
125.0105620766212
125.11217602249926
125.2138312496878
125.31552775818695
125.41726554799654
125.51904461911674
125.62086497154743
125.72272660528868
125.82462952034045
125.92657371670275
126.02855919437559
126.13058595335896
126.23265399365286
126.3347633152573
126.43691391817228
126.5391058023978
126.64133896793382
126.74361341478043
126.84592914293749
126.94828615240517
127.05068444318333
127.15312401527204
127.25560486867128
127.35812700338106
127.46069041940139
127.56329511673219
127.66594109537361
127.76862835532546
127.87135689658794
127.97412671916089
128.07693782304443
128.17979020823847
128.28268387474304
128.38561882255814
128.48859505168377
128.59161256211996
128.69467135386665
128.7977714269239
128.90091278129168
129.00409541697
129.10731933395886
129.2105845322582
129.31389101186812
129.41723877278852
129.52062781501954
129.62405813856103
129.7275297434131
129.83104262957565
129.93459679704878
130.03819224583245
130.14182897592661
130.24550698733134
130.34922628004654
130.45298685407235
130.55678870940864
130.66063184605548
130.76451626401288
130.8684419632808
130.97240894385922
131.0764172057482
131.1804667489477
131.28455757345776
131.38868967927831
131.49286306640943
131.5970777348511
131.70133368460327
131.80563091566597
131.90996942803923
132.014349221723
132.11877029671732
132.22323265302214
132.32773629063755
132.43228120956343
132.5368674097999
132.6414948913469
132.74616365420437
132.85087369837248
132.955625023851
133.06041763064016
133.16525151873978
133.27012668814996
133.37504313887067
133.48000087090193
133.5849998842437
133.690040178896
133.79512175485885
133.90024461213224
134.00540875071616
134.1106141706106
134.21586087181558
134.3211488543311
134.42647811815715
134.53184866329374
134.6372604897408
134.7427135974985
134.84820798656665
134.9537436569454
135.0593206086346
135.1649388416344
135.27059835594477
135.37629915156558
135.48204122849697
135.58782458673886
135.69364922629134
135.7995151471543
135.90542234932784
136.01137083281188
136.11736059760645
136.22339164371158
136.32946397112724
136.4355775798534
136.54173246989012
136.64792864123734
136.75416609389515
136.86044482786346
136.96676484314233
137.07312613973167
137.17952871763163
137.28597257684203
137.39245771736307
137.49898413919453
137.60555184233664
137.7121608267892
137.81881109255232
137.92550263962596
138.03223546801016
138.13900957770488
138.2458249687101
138.3526816410259
138.4595795946522
138.56651882958909
138.6734993458365
138.7805211433944
138.88758422226283
138.99468858244182
139.10183422393135
139.2090211467314
139.31624935084199
139.4235188362631
139.53082960299474
139.63818165103694
139.74557498038962
139.85300959105294
139.96048548302667
140.06800265631102
140.17556111090585
140.28316084681126
140.39080186402714
140.49848416255364
140.6062077423906
140.71397260353814
140.82177874599617
140.92962616976476
141.03751487484388
141.14544486123353
141.2534161289337
141.36142867794447
141.46948250826568
141.5775776198975
141.6857140128398
141.79389168709267
141.90211064265606
142.01037087952997
142.11867239771442
142.2270151972094
142.33539927801496
142.443824640131
142.55229128355762
142.6607992082947
142.76934841434237
142.87793890170053
142.98657067036928
143.0952437203485
143.20395805163832
143.31271366423863
143.4215105581495
143.5303487333709
143.6392281899028
143.74814892774523
143.85711094689825
143.96611424736176
144.07515882913586
144.1842446922204
144.29337183661556
144.40254026232117
144.5117499693374
144.62100095766408
144.7302932273014
144.83962677824914
144.94900161050748
145.05841772407638
145.16787511895572
145.27737379514568
145.3869137526461
145.49649499145713
145.6061175115786
145.7157813130107
145.82548639575327
145.9352327598064
146.04502040517008
146.15484933184428
146.26471953982897
146.37463102912423
146.48458379973002
146.59457785164633
146.7046131848732
146.81468979941064
146.92480769525852
147.03496687241702
147.14516733088595
147.2554090706655
147.36569209175553
147.47601639415618
147.58638197786726
147.69678884288894
147.80723698922117
147.91772641686387
148.02825712581713
148.1388291160809
148.24944238765528
148.3600969405401
148.47079277473551
148.5815298902414
148.6923082870579
148.80312796518487
148.9139889246224
149.02489116537046
149.13583468742908
149.24681949079817
149.35784557547785
149.46891294146803
149.5800215887688
149.69117151738
149.80236272730184
149.91359521853414
150.02486899107703
150.1361840449304
150.24754038009436
150.35893799656878
150.4703768943538
150.58185707344936
150.6933785338554
150.80494127557202
150.9165452985991
151.0281906029368
151.13987718858496
151.25160505554373
151.36337420381295
151.4751846333928
151.5870363442831
151.69892933648399
151.81086360999535
151.92283916481728
152.03485600094976
152.14691411839274
152.25901351714626
152.37115419721036
152.4833361585849
152.5955594012701
152.70782392526573
152.82012973057192
152.93247681718861
153.04486518511592
153.1572948343537
153.26976576490205
153.38227797676092
153.49483146993032
153.60742624441025
153.7200623002007
153.83273963730173
153.94545825571322
154.05821815543533
154.17101933646788
154.28386179881105
154.3967455424647
154.5096705674289
154.62263687370364
154.7356444612889
154.8486933301847
154.96178348039103
155.07491491190788
155.18808762473532
155.3013016188732
155.41455689432172
155.52785345108066
155.64119128915024
155.75457040853027
155.8679908092209
155.981452491222
156.0949554545337
156.20849969915588
156.3220852250886
156.4357120323319
156.5493801208857
156.66308949075002
156.77684014192488
156.8906320744103
157.0044652882062
157.11833978331268
157.2322555597297
157.34621261745724
157.4602109564953
157.57425057684392
157.68833147850304
157.8024536614727
157.9166171257529
158.03082187134368
158.14506789824492
158.25935520645675
158.37368379597905
158.48805366681194
158.6024648189553
158.71691725240927
158.8314109671737
158.94594596324873
159.06052224063427
159.17513979933034
159.28979863933694
159.40449876065406
159.51924016328172
159.63402284721994
159.74884681246868
159.86371205902793
159.97861858689774
160.0935663960781
160.20855548656894
160.32358585837036
160.43865751148226
160.55377044590477
160.66892466163776
160.7841201586813
160.89935693703544
161.01463499669998
161.12995433767517
161.2453149599608
161.36071686355703
161.47616004846373
161.59164451468104
161.7071702622088
161.82273729104716
161.93834560119603
162.05399519265544
162.16968606542537
162.28541821950583
162.40119165489685
162.51700637159837
162.63286236961045
162.74875964893306
162.8646982095662
162.98067805150987
163.09669917476407
163.2127615793288
163.3288652652041
163.44501023238988
163.56119648088622
163.67742401069316
163.79369282181054
163.9100029142385
164.02635428797697
164.14274694302597
164.2591808793855
164.37565609705558
164.4921725960362
164.60873037632734
164.725329437929
164.8419697808412
164.95865140506393
165.0753743105972
165.192138497441
165.30894396559538
165.42579071506023
165.54267874583562
165.6596080579216
165.77657865131803
165.89359052602506
166.01064368204257
166.12773811937066
166.24487383800928
166.36205083795838
166.4792691192181
166.59652868178827
166.7138295256691
166.83117165086028
166.94855505736217
167.06597974517445
167.18344571429736
167.3009529647308
167.41850149647473
167.53609130952918
167.6537224038942
167.77139477956976
167.88910843655583
168.00686337485243
168.12465959445956
168.24249709537725
168.36037587760546
168.4782959411442
168.59625728599346
168.71425991215327
168.83230381962363
168.9503890084045
169.06851547849593
169.18668322989785
169.30489226261034
169.42314257663332
169.54143417196687
169.65976704861103
169.77814120656558
169.89655664583077
170.01501336640635
170.13351136829266
170.25205065148936
170.3706312159967
170.48925306181442
170.60791618894282
170.72662059738173
170.84536628713113
170.96415325819106
171.08298151056152
171.20185104424255
171.32076185923407
171.43971395553615
171.5587073331488
171.6777419920719
171.7968179323056
171.9159351538498
172.03509365670453
172.15429344086985
172.27353450634564
172.392816853132
172.51214048122884
172.63150539063633
172.7509115813542
172.87035905338274
172.9898478067217
173.10937784137133
173.22894915733133
173.34856175460203
173.4682156331831
173.58791079307485
173.70764723427703
173.8274249567898
173.9472439606131
174.06710424574686
174.18700581219125
174.3069486599461
174.42693278901154
174.54695819938746
174.66702489107396
174.78713286407097
174.9072821183785
175.02747265399657
175.1477044709252
175.26797756916434
175.38829194871403
175.50864760957427
175.62904455174507
175.74948277522626
175.86996228001814
175.99048306612045
176.11104513353337
176.23164848225673
176.35229311229074
176.47297902363513
176.59370621629026
176.7144746902558
176.8352844455319
176.9561354821185
177.07702780001566
177.19796139922332
177.31893627974154
177.43995244157026
177.5610098847096
177.68210860915937
177.8032486149197
177.9244299019906
178.04565247037203
178.16691632006396
178.28822145106645
178.40956786337946
178.53095555700304
178.65238453193717
178.77385478818172
178.89536632573694
179.01691914460255
179.13851324477884
179.2601486262655
179.38182528906287
179.5035432331706
179.62530245858903
179.7471029653179
179.86894475335734
179.9908278227073
180.1127521733678
180.2347178053388
180.35672471862034
180.47877291321242
180.60086238911504
180.72299314632818
180.84516518485188
180.9673785046861
181.08963310583084
181.21192898828613
181.33426615205195
181.45664459712827
181.57906432351518
181.70152533121268
181.82402762022056
181.94657119053912
182.06915604216806
182.19178217510768
182.31444958935768
182.43715828491838
182.55990826178947
182.68269951997124
182.80553205946345
182.92840588026618
183.05132098237948
183.1742773658033
183.29727503053766
183.42031397658258
183.54339420393796
183.6665157126039
183.78967850258041
183.91288257386745
184.03612792646499
184.15941456037308
184.28274247559168
184.40611167212083
184.52952214996054
184.65297390911076
184.7764669495716
184.9000012713428
185.02357687442472
185.14719375881697
185.27085192451995
185.39455137153328
185.5182920998573
185.64207410949172
185.7658974004368
185.88976197269238
186.01366782625846
186.13761496113509
186.26160337732225
186.38563307481994
186.50970405362813
186.6338163137469
186.75796985517619
186.88216467791602
187.0064007819664
187.13067816732726
187.2549968339987
187.37935678198065
187.50375801127313
187.62820052187615
187.7526843137897
187.8772093870139
188.0017757415484
188.12638337739364
188.25103229454928
188.37572249301556
188.50045397279226
188.6252267338796
188.75004077627736
188.8748960999858
188.99979270500467
189.1247305913341
189.24970975897406
189.37473020792456
189.49979193818558
189.62489494975713
189.75003924263922
189.87522481683183
190.000451672335
190.1257198091487
190.25102922727294
190.3763799267077
190.501771907453
190.62720516950878
190.75267971287516
190.87819553755207
191.00375264353957
191.12935103083746
191.254990699446
191.38067164936498
191.5063938805946
191.6321573931346
191.75796218698534
191.8838082621464
192.0096956186182
192.1356242564004
192.26159417549317
192.38760537589644
192.51365785761027
192.63975162063463
192.7658866649695
192.89206299061496
193.0182805975709
193.1445394858374
193.27083965541442
193.39718110630199
193.5235638385001
193.64998785200873
193.7764531468279
193.90295972295758
194.02950758039782
194.15609671914865
194.28272713920987
194.40939884058176
194.53611182326404
194.66286608725702
194.78966163256038
194.91649845917442
195.04337656709882
195.17029595633392
195.29725662687952
195.42425857873562
195.55130181190222
195.6783863263794
195.80551212216707
195.93267919926532
196.05988755767405
196.18713719739338
196.3144281184232
196.44176032076354
196.56913380441446
196.69654856937586
196.82400461564788
196.95150194323037
197.0790405521234
197.20662044232694
197.33424161384107
197.46190406666568
197.58960780080082
197.71735281624655
197.84513911300286
197.97296669106953
198.1008355504469
198.22874569113463
198.35669711313312
198.48468981644197
198.61272380106143
198.7407990669914
198.8689156142319
198.99707344278292
199.12527255264447
199.25351294381662
199.3817946162992
199.51011757009238
199.63848180519608
199.76688732161034
199.8953341193351
200.02382219837037
200.1523515587162
200.28092220037257
200.40953412333948
200.53818732761692
200.66688181320487
200.79561758010337
200.92439462831243
201.053212957832
201.18207256866205
201.31097346080273
201.43991563425385
201.5688990890156
201.69792382508788
201.82698984247065
201.95609714116395
202.08524572116778
202.21443558248214
202.34366672510706
202.47293914904247
202.60225285428845
202.73160784084496
202.861004108712
202.99044165788956
203.1199204883777
203.24944060017629
203.37900199328547
203.50860466770519
203.6382486234354
203.76793386047618
203.89766037882748
204.02742817848932
204.1572372594617
204.28708762174458
204.41697926533803
204.54691219024198
204.6768863964565
204.80690188398154
204.93695865281717
205.0670567029632
205.1971960344199
205.327376647187
205.45759854126476
205.58786171665292
205.7181661733518
205.8485119113611
205.97889893068094
206.1093272313113
206.2397968132522
206.37030767650364
206.5008598210656
206.63145324693812
206.76208795412114
206.89276394261475
207.02348121241883
207.15423976353347
207.28503959595864
207.41588070969433
207.5467631047406
207.67768678109735
207.80865173876464
207.9396579777425
208.07070549803086
208.20179429962985
208.3329243825392
208.46409574675928
208.59530839228967
208.7265623191308
208.85785752728228
208.98919401674448
209.12057178751704
209.25199083960032
209.383451172994
209.51495278769823
209.64649568371303
209.77807986103832
209.90970531967417
210.04137205962053
210.17308008087744
210.30482938344488
210.43661996732286
210.56845183251136
210.7003249790104
210.83223940681998
210.9641951159401
211.0961921063707
211.2282303781119
211.3603099311636
211.49243076552585
211.6245928811987
211.756796278182
211.88904095647578
212.02132691608014
212.15365415699512
212.28602267922057
212.4184324827565
212.55088356760305
212.6833759337601
212.81590958122766
212.9484845100057
213.0811007200944
213.21375821149363
213.34645698420331
213.47919703822348
213.61197837355434
213.7448009901956
213.87766488814748
214.01057006740993
214.14351652798274
214.2765042698662
214.40953329306018
214.54260359756478
214.67571518337974
214.8088680505053
214.94206219894153
215.07529762868816
215.20857433974524
215.34189233211296
215.47525160579127
215.60865216078005
215.74209399707928
215.8755771146892
216.00910151360958
216.1426671938405
216.27627415538186
216.40992239823393
216.54361192239642
216.67734272786947
216.81111481465297
216.94492818274716
217.07878283215183
217.212678762867
217.34661597489279
217.48059446822896
217.61461424287572
217.74867529883304
217.88277763610097
218.01692125467926
218.15110615456817
218.2853323357677
218.41959979827766
218.55390854209813
218.68825856722916
218.8226498736708
218.95708246142294
219.0915563304855
219.22607148085874
219.36062791254247
219.4952256255367
219.62986461984138
219.76454489545682
219.89926645238265
220.03402929061903
220.16883341016586
220.3036788110234
220.4385654931914
220.5734934566699
220.708462701459
220.84347322755852
220.9785250349686
221.1136181236893
221.24875249372053
221.38392814506219
221.51914507771443
221.65440329167728
221.7897027869506
221.92504356353436
222.06042562142875
222.19584896063373
222.3313135811492
222.4668194829751
222.6023666661117
222.73795513055876
222.87358487631633
223.00925590338437
223.14496821176309
223.28072180145227
223.416516672452
223.55235282476215
223.68823025838304
223.82414897331435
223.9601089695562
224.09611024710864
224.2321528059715
224.36823664614494
224.50436176762892
224.64052817042355
224.77673585452848
224.91298481994409
225.04927506667028
225.18560659470694
225.32197940405405
225.45839349471177
225.59484886668008
225.73134551995886
225.8678834545481
226.00446267044805
226.1410831676584
226.27774494617935
226.4144480060107
226.55119234715278
226.6879779696053
226.82480487336832
226.96167305844185
227.09858252482604
227.23553327252068
227.37252530152588
227.5095586118417
227.64663320346784
227.78374907640466
227.92090623065198
228.0581046662099
228.19534438307818
228.33262538125712
228.46994766074667
228.60731122154664
228.74471606365708
228.88216218707814
229.0196495918098
229.15717827785193
229.2947482452045
229.43235949386775
229.57001202384149
229.70770583512572
229.84544092772043
229.98321730162584
230.1210349568417
230.25889389336808
230.39679411120494
230.53473561035247
230.67271839081045
230.81074245257895
230.9488077956581
231.0869144200476
231.22506232574773
231.36325151275838
231.50148198107965
231.63975373071128
231.77806676165355
231.9164210739064
232.05481666746974
232.19325354234354
232.3317316985279
232.4702511360229
232.6088118548284
232.74741385494428
232.88605713637088
233.02474169910795
233.16346754315555
233.3022346685136
233.4410430751823
233.5798927631615
233.71878373245121
233.85771598305138
233.99668951496227
234.1357043281836
234.27476042271547
234.41385779855787
234.55299645571077
234.69217639417423
234.8313976139482
234.97066011503273
235.1099638974278
235.24930896113338
235.38869530614957
235.52812293247626
235.66759184011335
235.8071020290611
235.9466534993194
236.08624625088822
236.22588028376748
236.3655555979574
236.50527219345778
236.64503007026872
236.7848292283901
236.92466966782217
237.0645513885647
237.20447439061775
237.34443867398127
237.48444423865547
237.6244910846401
237.76457921193534
237.90470862054107
238.0448793104573
238.18509128168412
238.32534453422141
238.4656390680693
238.60597488322767
238.7463519796966
238.88677035747614
239.02723001656605
239.1677309569666
239.30827317867764
239.44885668169934
239.58948146603146
239.73014753167405
239.8708548786273
240.01160350689105
240.15239341646532
240.29322460735
240.43409707954544
240.5750108330513
240.71596586786768
240.85696218399454
240.99799978143207
241.13907866018008
241.2801988202386
241.42136026160767
241.56256298428727
241.7038069882774
241.84509227357805
241.98641884018926
242.12778668811097
242.26919581734322
242.4106462278861
242.55213791973935
242.6936708929032
242.83524514737763
242.97686068316264
243.118517500258
243.26021559866402
243.40195497838064
243.54373563940766
243.68555758174517
243.8274208053933
243.96932531035208
244.11127109662127
244.25325816420101
244.39528651309118
244.53735614329207
244.67946705480338
244.82161924762525
244.96381272175768
245.1060474772006
245.24832351395403
245.39064083201802
245.53299943139257
245.67539931207767
245.81784047407322
245.96032291737944
246.10284664199605
246.24541164792325
246.38801793516097
246.53066550370932
246.67335435356804
246.8160844847374
246.95885589721735
247.10166859100772
247.24452256610857
247.38741782252004
247.53035436024211
247.67333217927464
247.81635127961763
247.95941166127122
248.10251332423545
248.24565626851012
248.3888404940953
248.53206600099105
248.6753327891973
248.8186408587141
248.96199020954145
249.10538084167933
249.24881275512772
249.39228594988663
249.5358004259562
249.6793561833361
249.82295322202665
249.96659154202774
250.11027114333942
250.25399202596145
250.39775418989413
250.5415576351374
250.68540236169116
250.82928836955534
250.9732156587301
251.11718422921555
251.2611940810114
251.40524521411774
251.5493376285347
251.69347132426222
251.83764630130023
251.98186255964868
252.12612009930783
252.27041892027745
252.41475902255758
252.55914040614815
252.70356307104944
252.8480270172612
252.99253224478346
253.13707875361632
253.28166654375957
253.42629561521343
253.57096596797786
253.7156776020529
253.86043051743826
254.00522471413427
254.1500601921409
254.29493695145797
254.4398549920855
254.58481431402362
254.72981491727236
254.87485680183158
255.01993996770125
255.16506441488153
255.31023014337242
255.45543715317376
255.60068544428552
255.745975016708
255.89130587044096
256.0366780054844
256.1820914218383
256.327546119503
256.47304209847806
256.6185793587636
256.76415790035986
256.9097777232665
257.05543882748367
257.2011412130114
257.34688487984977
257.4926698279985
257.6384960574578
257.7843635682278
257.9302723603082
258.07622243369906
258.2222137884005
258.3682464244126
258.51432034173513
258.6604355403681
258.8065920203117
258.95278978156597
259.09902882413064
259.24530914800573
259.3916307531916
259.53799363968784
259.6843978074947
259.8308432566119
259.97732998703987
260.1238579987783
260.2704272918272
260.4170378661868
260.56368972185675
260.71038285883725
260.85711727712834
261.00389297673007
261.15070995764205
261.29756821986473
261.44446776339805
261.5914085882418
261.738390694396
261.8854140818608
262.03247875063624
262.1795847007221
262.32673193211843
262.47392044482535
262.6211502388429
262.76842131417095
262.91573367080935
263.06308730875855
263.2104822280182
263.35791842858833
263.5053959104689
263.6529146736602
263.8004747181619
263.9480760439742
264.0957186510971
264.2434025395304
264.39112770927426
264.53889416032865
264.6867018926937
264.8345509063691
264.98244120135513
265.13037277765176
265.2783456352588
265.4263597741763
265.5744151944045
265.7225118959432
265.87064987879245
266.0188291429521
266.16704968842237
266.3153115152033
266.46361462329463
266.6119590126964
266.7603446834089
266.90877163543183
267.05723986876535
267.2057493834092
267.3543001793639
267.50289225662897
267.6515256152046
267.80020025509083
267.9489161762874
268.09767337879464
268.2464718626124
268.39531162774074
268.5441926741795
268.69311500192885
268.8420786109888
268.99108350135924
269.14012967304006
269.28921712603153
269.43834586033364
269.5875158759462
269.7367271728692
269.8859797511028
270.03527361064704
270.1846087515017
270.3339851736668
270.4834028771427
270.632861861929
270.7823621280258
270.93190367543303
271.08148650415103
271.23111061417944
271.3807760055183
271.5304826781679
271.68023063212786
271.8300198673984
271.9798503839795
272.1297221818712
272.2796352610732
272.42958962158593
272.57958526340923
272.729622186543
272.8797003909872
273.029819876742
273.1799806438074
273.3301826921833
273.4804260218696
273.6307106328666
273.78103652517416
273.9314036987922
274.08181215372065
274.23226188995983
274.3827529075094
274.5332852063696
274.68385878654016
274.8344736480215
274.98512979081323
275.13582721491554
275.28656592032837
275.43734590705174
275.5881671750856
275.73902972443
275.88993355508507
276.04087866705044
276.19186506032645
276.3428927349131
276.4939616908102
276.6450719280177
276.79622344653586
276.94741624636464
277.09865032750383
277.2499256899535
277.4012423337138
277.5526002587847
277.7039994651661
277.85543995285786
278.00692172186035
278.1584447721733
278.3100091037968
278.46161471673076
278.61326161097537
278.76494978653045
278.91667924339606
279.06844998157226
279.2202620010589
279.3721153018562
279.5240098839639
279.67594574738223
279.827922892111
279.97994131815034
280.13200102550036
280.2841020141607
280.43624428413165
280.5884278354131
280.7406526680052
280.8929187819078
281.04522617712075
281.1975748536444
281.3499648114787
281.5023960506233
281.65486857107845
281.8073823728443
281.9599374559206
282.1125338203074
282.2651714660047
282.41785039301266
282.5705706013311
282.72333209096007
282.8761348618996
283.02897891414955
283.1818642477101
283.3347908625812
283.4877587587628
283.640767936255
283.79381839505766
283.946910135171
284.10004315659467
284.25321745932894
284.4064330433738
284.5596899087292
284.712988055395
284.86632748337144
285.0197081926584
285.173130183256
285.326593455164
285.48009800838247
285.6336438429116
285.78723095875125
285.9408593559014
286.09452903436204
286.2482399941333
286.4019922352151
286.5557857576074
286.7096205613102
286.8634966463236
287.01741401264746
287.1713726602819
287.32537258922684
287.47941379948236
287.63349629104835
287.78762006392503
287.941785118112
288.09599145360966
288.25023907041776
288.40452796853657
288.5588581479657
288.7132296087055
288.8676423507558
289.0220963741167
289.17659167878793
289.33112826476986
289.4857061320624
289.64032528066537
289.7949857105787
289.94968742180276
290.1044304143374
290.2592146881825
290.4140402433381
290.5689070798043
290.72381519758096
290.87876459666825
291.033755277066
291.18878723877424
291.3438604817931
291.49897500612246
291.65413081176246
291.8093278987128
291.96456626697375
292.1198459165452
292.27516684742733
292.43052905961986
292.5859325531229
292.74137732793656
292.8968633840608
293.0523907214954
293.2079593402406
293.3635692402965
293.5192204216628
293.6749128843395
293.8306466283269
293.98642165362486
294.1422379602333
294.29809554815216
294.45399441738175
294.6099345679218
294.76591599977235
294.9219387129334
295.07800270740506
295.23410798318724
295.39025454027995
295.54644237868325
295.70267149839697
295.8589418994212
296.01525358175604
296.1716065454015
296.3280007903573
296.48443631662377
296.6409131242007
296.7974312130883
296.95399058328627
297.1105912347948
297.267233167614
297.42391638174365
297.5806408771837
297.7374066539344
297.89421371199575
298.0510620513675
298.2079516720497
298.3648825740426
298.52185475734603
298.6788682219599
298.83592296788424
298.9930189951193
299.1501563036648
299.3073348935208
299.4645547646875
299.6218159171645
299.7791183509521
299.9364620660503
300.0938470624591
300.2512733401782
300.408740899208
300.5662497395483
300.7237998611992
300.88139126416047
301.0390239484324
301.1966979140149
301.3544131609079
301.51216968911126
301.66996749862534
301.82780658945
301.9856869615851
302.1436086150306
302.3015715497869
302.4595757658536
302.61762126323083
302.7757080419185
302.9338361019169
303.09200544322573
303.2502160658451
303.4084679697751
303.56676115501546
303.7250956215664
303.88347136942787
304.0418883986
304.2003467090825
304.3588463008756
304.5173871739792
304.67596932839353
304.8345927641181
304.99325748115336
305.1519634794992
305.31071075915554
305.4694993201223
305.6283291623996
305.78720028598764
305.9461126908861
306.10506637709494
306.2640613446145
306.4230975934446
306.58217512358516
306.74129393503614
306.90045402779793
307.05965540187003
307.2188980572528
307.3781819939461
307.5375072119498
307.69687371126406
307.8562814918889
308.01573055382437
308.1752208970702
308.3347525216266
308.4943254274936
308.6539396146712
308.81359508315916
308.9732918329577
309.13302986406694
309.29280917648657
309.4526297702166
309.61249164525736
309.7723948016087
309.93233923927045
310.0923249582426
310.2523519585256
310.41242024011893
310.57252980302286
310.7326806472372
310.89287277276225
311.0531061795978
311.2133808677438
311.3736968372005
311.5340540879675
311.6944526200451
311.8548924334333
312.01537352813216
312.17589590414127
312.336459561461
312.4970645000913
312.6577107200323
312.8183982212836
312.97912700384546
313.139897067718
313.300708412901
313.4615610393944
313.62245494719843
313.78339013631313
313.94436660673824
314.10538435847377
314.26644339152
314.4275437058767
314.588685301544
314.7498681785217
314.91109233681004
315.0723577764089
315.2336644973183
315.39501249953827
315.5564017830686
315.7178323479096
315.8793041940611
316.04081732152326
316.20237173029574
316.36396742037886
316.5256043917725
316.68728264447674
316.8490021784914
317.0107629938166
317.1725650904525
317.3344084683988
317.4962931276555
317.65821906822293
317.82018629010093
317.9821947932894
318.14424457778824
318.3063356435979
318.4684679907179
318.6306416191485
318.7928565288895
318.95511271994127
319.1174101923034
319.27974894597617
319.44212898095935
319.6045502972532
319.7670128948575
319.9295167737723
320.0920619339978
320.2546483755336
320.41727609838006
320.579945102537
320.7426553880046
320.90540695478256
321.06819980287116
321.2310339322704
321.39390934298
321.5568260350001
321.7197840083308
321.88278326297217
322.04582379892395
322.20890561618614
322.3720287147591
322.53519309464247
322.6983987558364
322.86164569834074
323.0249339221558
323.18826342728136
323.3516342137174
323.5150462814639
323.67849963052106
323.8419942608887
324.0055301725669
324.1691073655556
324.33272583985485
324.49638559546463
324.66008663238495
324.8238289506159
324.98761255015717
325.15143743100913
325.3153035931716
325.47921103664464
325.643159761428
325.8071497675221
325.9711810549268
326.1352536236419
326.2993674736674
326.46352260500373
326.62771901765046
326.79195671160767
326.95623568687535
327.1205559434538
327.2849174813426
327.449320300542
327.6137644010519
327.77824978287236
327.9427764460034
328.1073443904449
328.2719536161969
328.43660412325954
328.60129591163263
328.7660289813163
328.93080333231046
329.0956189646152
329.2604758782304
329.4253740731563
329.59031354939253
329.7552943069394
329.9203163457968
330.08537966596475
330.25048426744326
330.4156301502321
330.58081731433174
330.7460457597418
330.91131548646234
331.0766264944934
331.2419787838352
331.40737235448734
331.57280720645
331.7382833397233
331.90380075430704
332.0693594502014
332.23495942740624
332.40060068592163
332.56628322574755
332.73200704688406
332.897772149331
333.0635785330885
333.2294261981566
333.3953151445351
333.5612453722244
333.7272168812239
333.89322967153413
334.0592837431548
334.2253790960862
334.3915157303279
334.5576936458802
334.7239128427432
334.8901733209166
335.05647508040045
335.22281812119485
335.3892024432999
335.5556280467154
335.72209493144146
335.8886030974781
336.0551525448252
336.2217432734828
336.388375283451
336.55504857472977
336.721763147319
336.8885190012188
337.05531613642916
337.22215455295
337.3890342507813
337.55595522992326
337.7229174903758
337.8899210321387
338.05696585521224
338.2240519595963
338.391179345291
338.558348012296
338.7255579606117
338.8928091902379
339.0601017011747
339.22743549342186
339.3948105669796
339.56222692184804
339.72968455802686
339.8971834755162
340.0647236743162
340.2323051544266
340.3999279158477
340.5675919585792
340.7352972826213
340.9030438879738
341.070831774637
341.23866094261064
341.4065313918948
341.5744431224895
341.7423961343948
341.91039042761065
342.0784260021369
342.2465028579738
342.4146209951212
342.58278041357914
342.7509811133475
342.9192230944265
343.08750635681616
343.2558309005162
343.42419672552666
343.5926038318478
343.7610522194796
343.9295418884218
344.0980728386744
344.26664507023776
344.4352585831116
344.60391337729584
344.7726094527906
344.94134680959615
345.11012544771205
345.27894536713853
345.4478065678755
345.61670904992303
345.7856528132811
345.9546378579497
346.12366418392895
346.2927317912185
346.46184067981864
346.6309908497294
346.8001823009507
346.9694150334825
347.13868904732476
347.3080043424777
347.47736091894114
347.646758776715
347.8161979157994
347.98567833619455
348.1552000379
348.324763020916
348.49436728524273
348.6640128308798
348.8336996578275
349.00342776608557
349.1731971556544
349.34300782653366
349.5128597787235
349.6827530122237
349.8526875270346
350.02266332315605
350.19268040058796
350.36273875933057
350.5328383993834
350.702979320747
350.873161523421
351.04338500740573
351.2136497727008
351.38395581930644
351.5543031472227
351.7246917564495
351.8951216469866
352.06559281883443
352.23610527199287
352.4066590064617
352.577254022241
352.7478903193311
352.91856789773146
353.0892867574425
353.26004689846394
353.43084832079614
353.6016910244387
353.77257500939186
353.94350027565537
354.11446682322963
354.2854746521144
354.45652376230964
354.62761415381556
354.79874582663183
354.9699187807587
355.1411330161961
355.3123885329441
355.48368533100245
355.6550234103715
355.82640277105116
355.99782341304115
356.1692853363417
356.3407885409528
356.51233302687456
356.6839187941068
356.8555458426494
357.0272141725028
357.19892378366654
357.3706746761409
357.5424668499257
357.71430030502114
357.8861750414271
358.0580910591436
358.23004835817045
358.4020469385081
358.5740868001562
358.7461679431148
358.91829036738403
359.09045407296355
359.2626590598538
359.4349053280545
359.6071928775659
359.77952170838756
359.9518918205199
360.12430321396295
360.2967558887163
360.4692498447801
360.64178508215457
360.81436160083973
360.98697940083525
361.1596384821412
361.3323388447579
361.505080488685
361.6778634139227
361.8506876204708
362.0235531083296
362.1964598774989
362.3694079279787
362.54239725976896
362.7154278728699
362.8884997672813
363.06161294300324
363.2347674000359
363.4079631383787
363.58120015803223
363.75447845899635
363.92779804127105
364.1011589048561
364.27456104975175
364.44800447595804
364.62148918347475
364.79501517230193
364.9685824424398
365.1421909938882
365.3158408266471
365.4895319407164
365.6632643360964
365.8370380127869
366.0108529707879
366.1847092100993
366.35860673072153
366.5325455326541
366.70652561589725
366.8805469804508
367.05460962631514
367.22871355348985
367.4028587619751
367.5770452517711
367.7512730228773
367.9255420752942
368.09985240902154
368.27420402405966
368.44859692040797
368.623031098067
368.7975065570366
368.9720232973167
369.1465813189072
369.32118062180837
369.4958212060201
369.6705030715423
369.84522621837493
370.01999064651835
370.1947963559722
370.3696433467365
370.5445316188112
370.7194611721968
370.8944320068927
371.06944412289914
371.24449752021604
371.4195921988437
371.5947281587818
371.7699054000304
371.9451239225896
372.12038372645924
372.2956848116395
372.47102717813016
372.6464108259316
372.82183575504325
372.99730196546557
373.1728094571986
373.348358230242
373.5239482845958
373.69957962026035
373.87525223723543
374.0509661355209
374.22672131511695
374.40251777602367
374.57835551824076
374.7542345417685
374.93015484660657
375.10611643275536
375.28211930021473
375.45816344898446
375.6342488790647
375.8103755904557
375.98654358315713
376.1627528571691
376.3390034124916
376.51529524912456
376.69162836706806
376.86800276632215
377.0444184468868
377.2208754087619
377.39737365194765
377.5739131764439
377.7504939822507
377.92711606936786
378.10377943779565
378.2804840875341
378.457230018583
378.63401723094233
378.8108457246123
378.98771549959287
379.16462655588384
379.34157889348523
379.51857251239744
379.6956074126201
379.8726835941532
380.0498010569968
380.2269598011511
380.40415982661585
380.5814011333911
380.7586837214769
380.9360075908733
381.1133727415802
381.29077917359757
381.46822688692555
381.645715881564
381.82324615751304
382.0008177147727
382.1784305533426
382.3560846732232
382.5337800744144
382.7115167569162
382.8892947207283
383.0671139658511
383.2449744922844
383.4228763000283
383.60081938908263
383.7788037594474
383.9568294111229
384.1348963441088
384.31300455840534
384.49115405401227
384.6693448309299
384.84757688915795
385.0258502286966
385.20416484954575
385.3825207517054
385.5609179351756
385.73935639995636
385.91783614604765
386.09635717344946
386.2749194821618
386.45352307218485
386.63216794351814
386.8108540961621
386.9895815301166
387.1683502453817
387.3471602419571
387.5260115198432
387.7049040790399
387.8838379195471
388.0628130413646
388.24182944449285
388.4208871289317
388.599986094681
388.77912634174083
388.9583078701111
389.1375306797921
389.3167947707835
389.4961001430854
389.67544679669794
389.8548347316209
390.03426394785447
390.2137344453986
390.3932462242532
390.57279928441835
390.752393625894
390.93202924868035
391.111706152777
391.2914243381843
391.47118380490207
391.65098455293054
391.8308265822693
392.0107098929187
392.1906344848788
392.3706003581493
392.55060751273015
392.7306559486218
392.910745665824
393.0908766643365
393.27104894415965
393.4512625052933
393.6315173477376
393.81181347149237
393.99215087655756
394.1725295629335
394.35294953061987
394.53341077961676
394.7139133099241
394.89445712154213
395.0750422144706
395.2556685887096
395.4363362442593
395.61704518111924
395.79779539928984
395.97858689877097
396.15941967956286
396.34029374166494
396.52120908507766
396.7021657098011
396.8831636158349
397.0642028031791
397.24528327183407
397.4264050217996
397.60756805307557
397.7887723656619
397.97001795955896
398.15130483476656
398.3326329912847
398.5140024291132
398.69541314825244
398.87686514870217
399.05835843046236
399.23989299353303
399.4214688379144
